,T,ax,ay,az,gx,gy,gz
0,2473830,0.398696,0.052948,-0.80642,16.3275,-17.43,-17.64
1,2473980,0.420656,0.05124001,-0.8610761,62.0375,-53.9175,-89.04
2,2474077,0.458964,0.043432,-0.90646,170.065,-137.235,-145.635
3,2474174,0.472628,0.044408,-0.901336,75.705,-120.295,-52.325
4,2474272,0.477508,0.038308,-0.892552,11.6725,-6.615,-4.235
5,2474369,0.471652,0.041724,-0.89792,8.995,-3.115,-2.205
6,2474467,0.472628,0.040748,-0.897188,9.38,-4.4975,-2.5725
7,2474564,0.47702,0.048556,-0.9145121,9.7825,-5.7925,-2.7125
8,2474662,0.470432,0.044896,-0.913292,12.9325,-7.42,-2.9925
9,2474759,0.4743361,0.033916,-0.913292,16.205,-8.9775,-3.0975
10,2474857,0.455548,0.061488,-0.96868,17.4125,-12.3725,-3.22
11,2474954,0.464088,0.036112,-0.9252481,24.885,-13.5625,-3.43
12,2475051,0.452864,0.0366,-0.9089001,33.3375,-12.4775,-3.395
13,2475149,0.454816,0.022204,-0.8967,41.055,-11.8475,-3.2025
14,2475246,0.457012,0.016592,-0.882304,44.6425,-10.7975,-2.905
15,2475344,0.478972,-0.015616,-0.807152,44.59,-10.5175,-2.5025
16,2475441,0.275232,-0.07515201,-0.531188,26.8625,-14.0875,-1.19
17,2475539,0.452864,0.02562,-0.8332601,-2.625,-3.64,-2.17
18,2475636,0.45384,-0.000732,-0.89182,4.4275,-4.62,-2.275
19,2475734,0.45994,0.002928,-0.8847441,3.185,-3.92,-2.1525
20,2475831,0.457256,0.006588,-0.887672,2.8525,-3.7625,-2.135
21,2475928,0.45506,0.0,-0.890112,2.52,-3.7975,-2.03
22,2476026,0.455792,0.00488,-0.8893801,2.6075,-4.3225,-1.995
23,2476123,0.45872,0.004636001,-0.883768,2.7125,-4.76,-2.0825
24,2476221,0.456768,0.009272001,-0.890112,2.8,-4.9,-2.0475
25,2476318,0.45872,0.004636001,-0.8866961,2.9925,-5.1625,-1.995
26,2476416,0.460428,0.006832001,-0.8874281,3.045,-5.11,-2.0475
27,2476513,0.459696,0.003904,-0.88816,3.01,-5.145,-2.0475
28,2476611,0.458476,0.005368,-0.8866961,2.94,-5.215,-2.1525
29,2476708,0.45506,0.002684,-0.8845,2.9225,-5.285,-2.1175
30,2476805,0.451888,0.00366,-0.887184,3.08,-5.285,-2.17
31,2476903,0.45384,0.007076001,-0.8862081,3.3775,-5.425,-2.24
32,2477000,0.457988,0.00488,-0.8852321,3.78,-5.565,-2.1
33,2477098,0.4575,0.002196,-0.898408,3.955,-5.5475,-2.0475
34,2477195,0.460916,-0.000488,-0.893772,3.2725,-5.215,-2.1175
35,2477293,0.460916,0.005368,-0.889136,2.4325,-4.8475,-2.17
36,2477390,0.459208,0.00488,-0.8893801,2.4325,-4.7775,-2.2225
37,2477488,0.457744,0.001464,-0.88816,2.5375,-4.935,-2.24
38,2477585,0.457988,0.002684,-0.8869401,2.6075,-5.005,-2.1175
39,2477682,0.453596,0.003416,-0.8888921,2.59,-5.0575,-2.135
40,2477780,0.452376,-0.001708,-0.888648,2.5025,-5.005,-2.1175
41,2477877,0.457012,0.002928,-0.889868,2.45,-4.83,-2.205
42,2477975,0.459696,0.00122,-0.887916,2.5025,-4.9,-2.275
43,2478072,0.4575,0.003172,-0.8903561,2.345,-4.8125,-2.3275
44,2478170,0.460428,0.00366,-0.8906,2.205,-4.7775,-2.3275
45,2478267,0.460916,0.004392,-0.8908441,2.135,-4.62,-2.345
46,2478364,0.459696,0.004392,-0.8869401,2.135,-4.6375,-2.1875
47,2478462,0.457988,0.004392,-0.884012,2.1875,-4.7075,-2.1
48,2478559,0.456036,0.005612,-0.8827921,2.2575,-4.8475,-2.1175
49,2478657,0.454816,0.004636001,-0.8827921,2.485,-4.935,-2.1
50,2478754,0.453352,0.00366,-0.8869401,2.625,-4.9525,-2.135
51,2478852,0.45506,0.004392,-0.885964,2.59,-4.9525,-2.1525
52,2478949,0.458232,0.000732,-0.8857201,2.59,-4.97,-2.0825
53,2479047,0.455548,0.003416,-0.885964,2.7125,-5.0925,-2.1525
54,2479144,0.457744,0.001952,-0.887672,2.8175,-5.1275,-2.205
55,2479241,0.456768,0.002928,-0.887672,2.8,-5.11,-2.2225
56,2479339,0.457988,0.003904,-0.887184,2.87,-5.005,-2.1
57,2479436,0.457988,0.003172,-0.8866961,2.7475,-4.9525,-2.1525
58,2479534,0.4594521,0.0,-0.885476,2.87,-5.04,-2.17
59,2479631,0.45384,0.00366,-0.884012,2.87,-5.11,-2.17
60,2479729,0.456524,0.004392,-0.883524,3.0975,-5.1625,-2.17
61,2479826,0.453108,0.003416,-0.8847441,3.29,-5.18,-2.135
62,2479923,0.455792,0.004148001,-0.88816,3.745,-5.32,-2.1875
63,2480021,0.457256,0.001708,-0.887184,3.955,-5.2325,-2.1525
64,2480118,0.456036,0.000976,-0.889868,3.7625,-5.1275,-2.17
65,2480216,0.460672,-0.002928,-0.8906,3.2725,-4.9,-2.1525
66,2480313,0.463112,0.001952,-0.8869401,2.4675,-4.6725,-2.205
67,2480411,0.459208,0.000976,-0.885476,2.2925,-4.795,-2.31
68,2480508,0.450668,0.000488,-0.8866961,2.3625,-4.9,-2.3275
69,2480606,0.45628,0.002928,-0.8857201,2.275,-4.8125,-2.345
70,2480703,0.458232,0.00122,-0.8888921,2.2925,-4.7775,-2.31
71,2480800,0.457256,0.000976,-0.8857201,2.2925,-4.7775,-2.2575
72,2480898,0.45994,0.00366,-0.8866961,2.2225,-4.865,-2.24
73,2480995,0.459208,0.000488,-0.888648,2.17,-4.83,-2.2575
74,2481093,0.460428,0.002684,-0.8888921,2.1175,-4.7425,-2.275
75,2481190,0.459208,0.001952,-0.8869401,2.205,-4.725,-2.24
76,2481288,0.456768,0.001464,-0.885476,2.24,-4.7775,-2.17
77,2481385,0.458232,-0.000488,-0.8874281,2.345,-4.97,-2.2575
78,2481483,0.456036,0.000976,-0.8908441,2.3275,-4.8825,-2.2925
79,2481580,0.459696,0.001952,-0.887672,2.065,-4.8125,-2.205
80,2481677,0.458232,0.005124001,-0.8845,1.995,-4.795,-2.24
81,2481775,0.4553041,0.001952,-0.884012,2.03,-4.83,-2.1875
82,2481872,0.459696,0.00244,-0.884988,2.0825,-4.7775,-2.1525
83,2481970,0.45628,0.001708,-0.8857201,2.17,-4.795,-2.17
84,2482067,0.457744,0.002684,-0.8903561,2.2225,-4.83,-2.2225
85,2482165,0.461404,0.000976,-0.885964,2.0125,-4.76,-2.1875
86,2482262,0.45994,0.004148001,-0.8845,1.9075,-4.795,-2.1
87,2482359,0.458232,0.003172,-0.8845,2.0475,-4.9,-2.03
88,2482457,0.454572,0.003416,-0.88328,2.1175,-4.97,-2.0475
89,2482554,0.454816,0.004148001,-0.881328,2.345,-5.075,-1.995
90,2482652,0.452132,0.0,-0.881328,2.555,-5.1975,-1.9425
91,2482749,0.453352,0.00122,-0.8857201,2.625,-5.11,-2.0825
92,2482847,0.456524,0.001464,-0.885964,2.6075,-4.9,-2.0825
93,2482944,0.458232,0.000488,-0.887184,2.66,-4.8825,-2.0475
94,2483042,0.460184,-0.00122,-0.8862081,2.52,-4.8825,-2.0475
95,2483139,0.460672,0.002196,-0.886452,2.2575,-4.865,-2.17
96,2483236,0.456768,0.001952,-0.8852321,2.17,-4.83,-2.2225
97,2483334,0.457012,0.0,-0.884988,2.24,-4.8825,-2.1
98,2483431,0.456036,-0.000488,-0.884988,2.3275,-4.9525,-2.065
99,2483529,0.45628,0.000732,-0.885476,2.38,-4.8475,-2.0475
100,2483626,0.45262,-0.000244,-0.881572,2.485,-4.865,-2.1525
101,2483724,0.45506,0.000488,-0.884988,2.6075,-4.8475,-2.17
102,2483821,0.458476,0.001464,-0.8862081,2.3975,-4.7775,-2.1875
103,2483918,0.45872,0.001952,-0.8866961,2.2575,-4.69,-2.1175
104,2484016,0.45994,0.001952,-0.885964,2.24,-4.83,-2.205
105,2484113,0.45994,0.00366,-0.8866961,2.2575,-4.9,-2.17
106,2484211,0.45872,0.002684,-0.8847441,2.3275,-4.865,-2.03
107,2484308,0.4553041,0.000976,-0.8827921,2.4675,-4.9875,-2.1
108,2484406,0.451888,0.000488,-0.8820601,2.59,-5.005,-2.1525
109,2484503,0.4514,0.000732,-0.8827921,2.5725,-4.9875,-2.1175
110,2484600,0.45506,0.000976,-0.8862081,2.52,-4.97,-2.1175
111,2484698,0.45506,0.000488,-0.8847441,2.555,-4.9525,-2.17
112,2484795,0.45994,-0.000976,-0.8852321,2.59,-4.9,-2.1875
113,2484893,0.45994,0.000244,-0.8874281,2.3625,-4.76,-2.275
114,2484990,0.457988,0.000976,-0.885964,2.275,-4.69,-2.1875
115,2485087,0.458476,0.004148001,-0.884012,2.2575,-4.795,-2.275
116,2485185,0.4594521,0.000488,-0.8857201,2.2925,-4.8125,-2.24
117,2485282,0.454816,-0.002684,-0.8869401,2.3625,-4.9,-2.1175
118,2485380,0.4553041,-0.000244,-0.885476,2.415,-4.9175,-2.205
119,2485477,0.455792,0.000488,-0.885964,2.4325,-4.865,-2.1525
120,2485574,0.456768,0.001952,-0.885476,2.4675,-4.865,-2.1525
121,2485672,0.459696,0.000244,-0.8845,2.3975,-4.8475,-2.205
122,2485769,0.458232,0.000976,-0.884988,2.345,-4.8475,-2.2225
123,2485867,0.458964,0.003416,-0.884988,2.1875,-4.795,-2.205
124,2485964,0.45994,0.00122,-0.885964,2.3275,-5.04,-2.17
125,2486061,0.45994,0.000244,-0.885964,2.2225,-4.8825,-2.17
126,2486159,0.45628,0.00244,-0.883524,2.2925,-4.935,-2.1875
127,2486256,0.45506,0.000976,-0.8845,2.3975,-5.11,-2.1525
128,2486354,0.453596,0.001464,-0.8808401,2.3625,-5.0225,-2.1875
129,2486451,0.457256,0.000732,-0.884988,2.4325,-4.9525,-2.1525
130,2486548,0.456036,-0.000976,-0.8842561,2.4675,-4.9,-2.2225
131,2486646,0.459208,0.0,-0.885476,2.5375,-4.9,-2.24
132,2486743,0.457744,0.002196,-0.8845,2.4325,-4.83,-2.31
133,2486841,0.4594521,0.000732,-0.883768,2.24,-4.8125,-2.31
134,2486938,0.461648,0.001952,-0.879864,2.135,-4.9175,-2.2925
135,2487035,0.458476,0.002196,-0.884012,2.17,-4.9175,-2.2225
136,2487133,0.459208,0.0,-0.8862081,2.2575,-4.9,-2.1875
137,2487230,0.457988,0.000244,-0.8862081,2.3275,-4.8475,-2.1525
138,2487328,0.457012,0.00244,-0.883524,2.3625,-4.9,-2.2575
139,2487425,0.457012,0.0,-0.8842561,2.31,-4.9875,-2.24
140,2487522,0.457256,0.0,-0.8852321,2.275,-4.9,-2.24
141,2487620,0.457012,-0.000976,-0.884988,2.2925,-5.075,-2.2925
142,2487717,0.454328,-0.000732,-0.886452,2.4675,-5.075,-2.205
143,2487815,0.455548,0.004392,-0.8847441,2.52,-4.9525,-2.205
144,2487912,0.456524,0.000488,-0.882548,2.52,-4.9175,-2.135
145,2488009,0.4575,0.00366,-0.882548,2.5025,-4.8125,-2.205
146,2488107,0.4553041,0.002684,-0.881816,2.6425,-5.0225,-2.2225
147,2488204,0.45628,-0.00122,-0.88328,2.6775,-5.1275,-2.205
148,2488302,0.454084,0.00122,-0.883768,2.6775,-5.1625,-2.275
149,2488399,0.4575,-0.000244,-0.8845,2.765,-5.1275,-2.2575
150,2488496,0.458964,0.00122,-0.8847441,2.695,-5.145,-2.3275
151,2488594,0.457256,0.002928,-0.881816,2.7475,-5.11,-2.3275
152,2488691,0.454816,0.00366,-0.8820601,2.8175,-5.215,-2.3975
153,2488789,0.454572,0.002196,-0.8827921,3.0975,-5.355,-2.3275
154,2488886,0.45628,0.000732,-0.884012,3.395,-5.3375,-2.3275
155,2488983,0.4553041,0.00244,-0.883524,3.7625,-5.355,-2.2575
156,2489081,0.456036,-0.001708,-0.891576,3.92,-5.215,-2.275
157,2489178,0.460916,-0.003172,-0.8949921,3.3775,-4.97,-2.205
158,2489276,0.458476,-0.000976,-0.889624,2.66,-4.7775,-2.17
159,2489373,0.46238,0.00122,-0.887672,1.785,-4.3225,-2.24
160,2489470,0.457988,0.004148001,-0.883768,1.3125,-4.1825,-2.1525
161,2489568,0.45628,0.000976,-0.883768,1.2075,-4.3225,-2.0125
162,2489665,0.456524,0.001464,-0.882304,1.295,-4.41,-2.0125
163,2489763,0.45628,0.00122,-0.8808401,1.3125,-4.5325,-2.17
164,2489860,0.455548,0.000976,-0.8791321,1.54,-4.6375,-2.1525
165,2489957,0.454328,0.001464,-0.880352,1.785,-4.7075,-2.135
166,2490055,0.457988,0.000976,-0.8847441,1.9775,-4.76,-2.2575
167,2490152,0.45872,0.000732,-0.882304,1.995,-4.7425,-2.24
168,2490250,0.460916,0.0,-0.8852321,1.9425,-4.62,-2.275
169,2490347,0.458232,0.001952,-0.8827921,1.7675,-4.69,-2.2925
170,2490444,0.45872,0.002196,-0.882548,1.75,-4.7425,-2.2575
171,2490542,0.456768,0.001708,-0.876204,1.995,-4.865,-2.2575
172,2490639,0.450668,0.000732,-0.8805961,2.2225,-5.11,-2.205
173,2490737,0.45384,0.003904,-0.8805961,2.5025,-5.11,-2.1875
174,2490834,0.454084,0.000488,-0.8827921,2.5375,-4.9875,-2.2225
175,2490931,0.456036,0.005612,-0.882304,2.6775,-4.935,-2.2225
176,2491029,0.4575,-0.003904,-0.8842561,2.66,-4.9875,-2.205
177,2491126,0.461648,0.00366,-0.8845,2.625,-4.8825,-2.135
178,2491224,0.457988,0.000244,-0.8805961,2.555,-4.97,-2.205
179,2491321,0.4575,-0.000976,-0.882548,2.52,-4.9875,-2.205
180,2491418,0.4553041,-0.000244,-0.884012,2.5025,-4.9875,-2.2575
181,2491516,0.456524,0.003416,-0.879864,2.485,-5.04,-2.2225
182,2491613,0.454084,0.000976,-0.8810841,2.5725,-5.0925,-2.2575
183,2491711,0.45506,0.002684,-0.8820601,2.66,-5.11,-2.275
184,2491808,0.454328,0.00122,-0.881328,2.7125,-5.075,-2.2575
185,2491905,0.455792,-0.000244,-0.8842561,2.87,-5.0925,-2.2575
186,2492003,0.45872,-0.005856,-0.8869401,2.765,-5.0575,-2.3275
187,2492100,0.45994,-0.001708,-0.8906,2.5025,-4.8475,-2.5025
188,2492198,0.458964,0.000976,-0.8852321,2.205,-4.7425,-2.38
189,2492295,0.458964,0.001708,-0.882304,2.1175,-4.4975,-2.31
190,2492392,0.457012,0.001464,-0.8845,2.1875,-4.55,-2.17
191,2492490,0.455548,0.003904,-0.8820601,2.2225,-4.7425,-2.1525
192,2492587,0.454572,0.000244,-0.883524,2.345,-4.83,-2.205
193,2492685,0.454816,0.002684,-0.881572,2.345,-4.8475,-2.1525
194,2492782,0.457744,0.000732,-0.884988,2.345,-4.76,-2.17
195,2492879,0.4575,0.000488,-0.88328,2.3275,-4.69,-2.1
196,2492977,0.4594521,0.00122,-0.886452,2.1175,-4.69,-2.24
197,2493074,0.458964,0.000244,-0.881816,2.03,-4.585,-2.205
198,2493171,0.457988,0.000488,-0.883768,2.0475,-4.655,-2.24
199,2493269,0.4575,0.00122,-0.8827921,2.0125,-4.7075,-2.1525
200,2493366,0.458232,0.00122,-0.881816,2.0825,-4.7425,-2.0825
201,2493464,0.455548,0.000732,-0.884012,2.17,-4.865,-2.065
202,2493561,0.457012,0.00122,-0.8852321,1.995,-4.8125,-2.1175
203,2493658,0.456768,-0.000732,-0.8808401,2.1175,-4.8475,-2.2225
204,2493756,0.454328,0.00366,-0.8805961,2.2225,-4.8825,-2.3275
205,2493853,0.4553041,0.000976,-0.882304,2.345,-4.9875,-2.2925
206,2493950,0.457256,-0.000244,-0.884012,2.31,-4.935,-2.345
207,2494048,0.458964,0.003416,-0.88328,2.1175,-4.83,-2.38
208,2494145,0.45628,0.002196,-0.883036,2.1525,-4.8475,-2.345
209,2494243,0.456036,-0.000244,-0.883768,2.2575,-4.9,-2.2575
210,2494340,0.454572,0.002928,-0.8820601,2.275,-4.9175,-2.345
211,2494437,0.455792,0.00122,-0.8801081,2.3625,-4.9175,-2.275
212,2494535,0.458964,0.002196,-0.881816,2.485,-4.865,-2.2225
213,2494632,0.456036,0.000732,-0.881816,2.5725,-5.0225,-2.2225
214,2494729,0.456524,0.001708,-0.8842561,2.5025,-4.9175,-2.205
215,2494827,0.454328,0.0,-0.88328,2.5375,-5.005,-2.3975
216,2494924,0.456036,-0.000244,-0.8820601,2.5375,-5.0575,-2.345
217,2495022,0.454084,0.001708,-0.8810841,2.66,-5.1275,-2.38
218,2495119,0.459208,-0.002196,-0.8908441,2.7125,-5.145,-2.275
219,2495216,0.459208,-0.005856,-0.8874281,2.205,-4.8125,-2.45
220,2495314,0.462136,0.007076001,-0.884988,1.7675,-4.5325,-2.52
221,2495411,0.45506,-0.00122,-0.8888921,1.82,-4.515,-2.4325
222,2495509,0.461892,0.001708,-0.886452,1.5575,-4.4625,-2.2925
223,2495606,0.459696,0.004148001,-0.8845,1.4175,-4.55,-2.2575
224,2495703,0.457012,0.000976,-0.8810841,1.4875,-4.655,-2.275
225,2495801,0.4553041,0.001708,-0.881572,1.5575,-4.69,-2.31
226,2495898,0.4514,0.00122,-0.880352,1.715,-4.8125,-2.31
227,2495996,0.456036,0.002684,-0.87962,2.0125,-4.9175,-2.345
228,2496093,0.457012,0.003172,-0.880352,2.24,-4.865,-2.345
229,2496190,0.45994,-0.004636001,-0.8857201,2.2575,-4.865,-2.31
230,2496288,0.461404,-0.000488,-0.883768,2.065,-4.7425,-2.275
231,2496385,0.457012,0.00244,-0.8847441,1.8725,-4.795,-2.3275
232,2496483,0.45994,0.000976,-0.878888,1.89,-4.6725,-2.31
233,2496580,0.45628,0.00122,-0.879376,2.03,-4.76,-2.345
234,2496677,0.4553041,0.001708,-0.87718,2.31,-4.9175,-2.2575
235,2496775,0.453596,0.00366,-0.8808401,2.4325,-5.0225,-2.31
236,2496872,0.454572,0.000488,-0.883768,2.52,-5.145,-2.2925
237,2496970,0.457012,0.001464,-0.8852321,2.5375,-4.9875,-2.205
238,2497067,0.459696,0.000732,-0.8827921,2.555,-4.865,-2.24
239,2497164,0.459696,-0.001464,-0.8842561,2.275,-4.9,-2.3975
240,2497262,0.45872,0.000976,-0.8862081,1.995,-4.865,-2.4325
241,2497359,0.45628,0.002928,-0.883768,1.925,-4.7775,-2.345
242,2497457,0.4553041,0.003416,-0.879864,2.1,-4.8825,-2.3275
243,2497554,0.455792,0.002684,-0.881328,2.24,-4.935,-2.275
244,2497651,0.4553041,0.00122,-0.883036,2.3625,-4.935,-2.275
245,2497749,0.457012,0.001708,-0.883768,2.3625,-4.9875,-2.2575
246,2497846,0.457744,0.001708,-0.8845,2.31,-5.04,-2.31
247,2497943,0.460672,0.000244,-0.884988,2.1525,-5.04,-2.31
248,2498041,0.457988,0.001708,-0.890112,1.8025,-4.8825,-2.3625
249,2498138,0.46116,0.002684,-0.8893801,1.365,-4.6025,-2.3625
250,2498236,0.458964,0.00488,-0.8808401,1.1725,-4.4275,-2.345
251,2498333,0.45628,0.00122,-0.8791321,1.4,-4.4975,-2.31
252,2498430,0.453352,0.004636001,-0.878888,1.6275,-4.69,-2.2925
253,2498528,0.45384,0.003172,-0.876204,1.9075,-4.9,-2.31
254,2498625,0.45384,0.00366,-0.8805961,2.1875,-5.0225,-2.24
255,2498722,0.45262,0.00244,-0.881572,2.5025,-5.04,-2.275
256,2498820,0.460184,-0.001464,-0.887916,2.7825,-5.075,-2.3625
257,2498917,0.461892,0.000732,-0.8842561,2.5375,-4.8475,-2.415
258,2499015,0.459696,0.002684,-0.885964,2.0825,-4.8475,-2.415
259,2499112,0.4594521,0.003904,-0.885476,2.03,-4.865,-2.45
260,2499209,0.458964,0.003172,-0.8847441,1.89,-4.865,-2.5025
261,2499307,0.458964,0.002928,-0.887672,1.5925,-4.7775,-2.45
262,2499404,0.458232,-0.003172,-0.88328,1.2425,-4.6375,-2.415
263,2499502,0.457744,0.002196,-0.8827921,1.0325,-4.4975,-2.485
264,2499599,0.460184,0.003416,-0.881816,1.1725,-4.4625,-2.66
265,2499696,0.458964,0.00244,-0.8842561,1.05,-4.3925,-2.59
266,2499794,0.456768,0.002196,-0.8906,0.875,-4.3225,-2.59
267,2499891,0.46238,0.009516001,-0.8874281,0.7875,-4.2875,-2.695
268,2499989,0.461404,-0.001708,-0.889136,0.8400001,-4.1475,-2.625
269,2500086,0.461892,0.011712,-0.88328,0.56,-4.06,-2.6775
270,2500183,0.462624,0.006832001,-0.874984,0.42,-4.0775,-2.6425
271,2500281,0.45994,0.00122,-0.8805961,0.4375,-4.1825,-2.765
272,2500378,0.457988,0.010248,-0.877912,0.7875,-4.3925,-2.6775
273,2500476,0.457744,0.004392,-0.877424,1.085,-4.5675,-2.7825
274,2500573,0.455548,0.002928,-0.875472,1.3125,-4.8475,-2.8525
275,2500670,0.458232,0.005368,-0.874984,1.435,-4.8825,-2.905
276,2500768,0.460428,0.009272001,-0.8744961,1.61,-5.11,-2.94
277,2500865,0.45262,0.009028001,-0.873032,1.995,-5.3725,-2.87
278,2500962,0.447984,0.01586,-0.877424,2.3625,-5.46,-2.66
279,2501060,0.4514,0.01586,-0.884012,2.87,-5.4425,-2.2925
280,2501157,0.458476,0.003416,-0.885476,3.08,-5.2325,-2.0475
281,2501255,0.458232,0.007808001,-0.884988,2.765,-5.0225,-2.065
282,2501352,0.460428,0.007808001,-0.879864,2.695,-4.935,-2.065
283,2501449,0.456768,0.006588,-0.8805961,2.765,-4.9525,-2.0125
284,2501547,0.457012,0.004148001,-0.8808401,2.73,-4.8825,-2.0125
285,2501644,0.454572,0.006344,-0.8808401,2.7825,-4.865,-2.065
286,2501741,0.453108,0.00488,-0.8808401,2.765,-4.795,-2.205
287,2501839,0.45872,-0.002196,-0.889624,2.66,-4.62,-2.205
288,2501936,0.460672,0.003904,-0.881816,2.345,-4.48,-2.31
289,2502034,0.46116,0.00976,-0.8808401,2.1175,-4.585,-2.3275
290,2502131,0.457744,0.00488,-0.876692,2.275,-4.69,-2.2225
291,2502228,0.45872,0.007808001,-0.879864,2.345,-4.7075,-2.205
292,2502326,0.458476,0.005368,-0.879376,2.5375,-4.865,-2.1175
293,2502423,0.456768,0.007564001,-0.879864,2.555,-4.8475,-2.0825
294,2502521,0.454816,0.005612,-0.879864,2.73,-4.9525,-2.0475
295,2502618,0.45628,0.001952,-0.8869401,2.87,-4.8825,-1.96
296,2502715,0.459696,0.003172,-0.889136,2.5725,-4.83,-2.1175
297,2502813,0.462624,0.007076001,-0.881328,2.38,-4.69,-2.1875
298,2502910,0.459696,0.005124001,-0.879864,2.31,-4.83,-2.1875
299,2503008,0.460672,0.00488,-0.8808401,2.3275,-4.8125,-2.24
300,2503105,0.45872,0.005124001,-0.878888,2.38,-4.865,-2.1525
301,2503202,0.457744,0.006344,-0.8791321,2.4325,-4.9,-2.1875
302,2503300,0.456036,0.005368,-0.8791321,2.5025,-4.8125,-2.1175
303,2503397,0.45628,0.004392,-0.881816,2.59,-4.8125,-2.0475
304,2503495,0.457988,0.00366,-0.8820601,2.415,-4.76,-2.1875
305,2503592,0.457256,0.007320001,-0.881328,2.2225,-4.6725,-2.24
306,2503689,0.456768,0.002196,-0.877912,2.135,-4.7075,-2.2925
307,2503787,0.459208,0.003416,-0.877912,2.0825,-4.6375,-2.345
308,2503884,0.454816,0.011712,-0.87962,2.2225,-4.865,-2.3275
309,2503981,0.4553041,0.006588,-0.8801081,2.415,-4.9875,-2.24
310,2504079,0.459696,0.005368,-0.8808401,2.4675,-4.8825,-2.0825
311,2504176,0.459208,0.002928,-0.8805961,2.6075,-4.8825,-2.1875
312,2504274,0.45628,0.007076001,-0.879864,2.66,-4.9875,-2.1525
313,2504371,0.45994,0.003172,-0.882304,2.8,-5.075,-2.065
314,2504468,0.45628,0.00122,-0.885476,2.87,-5.0575,-2.065
315,2504566,0.458476,0.010004,-0.8769361,2.7825,-5.075,-2.1175
316,2504663,0.45628,0.003172,-0.8808401,2.87,-5.005,-2.1
317,2504761,0.4575,0.008052001,-0.87718,2.9925,-5.0575,-2.1175
318,2504858,0.45628,0.006344,-0.880352,3.3425,-5.32,-2.1175
319,2504955,0.458476,0.000488,-0.8935281,3.465,-5.3725,-1.96
320,2505053,0.46238,0.005612,-0.8874281,3.045,-5.04,-1.925
321,2505150,0.46238,0.007076001,-0.881816,2.7825,-4.9175,-2.0125
322,2505248,0.459696,0.002684,-0.8820601,2.8175,-4.9175,-1.995
323,2505345,0.457744,0.00366,-0.880352,2.6775,-5.005,-1.995
324,2505442,0.456524,0.002196,-0.8820601,2.5725,-4.9875,-2.0475
325,2505540,0.457988,0.00122,-0.886452,2.6075,-5.0225,-2.1175
326,2505637,0.460672,0.001464,-0.883524,2.59,-4.9875,-2.135
327,2505734,0.461404,0.002684,-0.8827921,2.38,-4.865,-2.24
328,2505832,0.458964,0.0061,-0.881572,2.275,-4.8825,-2.2575
329,2505929,0.456524,0.0061,-0.879864,2.2225,-4.9175,-2.1875
330,2506027,0.454816,0.005612,-0.881572,2.3275,-4.9525,-2.1525
331,2506124,0.454572,0.008052001,-0.880352,2.3625,-5.04,-2.1
332,2506221,0.45262,0.004392,-0.882304,2.345,-4.97,-2.065
333,2506319,0.456524,0.005612,-0.881328,2.45,-4.83,-2.1175
334,2506416,0.453596,0.004148001,-0.881572,2.59,-4.8475,-2.0825
335,2506514,0.459696,0.003172,-0.879864,2.5375,-4.725,-2.03
336,2506611,0.458232,-0.001708,-0.881328,2.5375,-4.7425,-2.0475
337,2506708,0.456524,0.002684,-0.87718,2.5375,-4.795,-2.0825
338,2506806,0.453352,0.003416,-0.8786441,2.6425,-5.005,-2.1175
339,2506903,0.452864,0.009272001,-0.8805961,2.7825,-5.215,-2.135
340,2507001,0.45262,0.007320001,-0.8784,3.325,-5.285,-1.8725
341,2507098,0.456524,0.007808001,-0.8744961,3.7625,-5.145,-1.8375
342,2507195,0.457744,0.004636001,-0.8698601,4.34,-5.3375,-1.6975
343,2507293,0.455548,0.002928,-0.87962,5.2325,-5.705,-1.6975
344,2507390,0.459696,-0.0061,-0.898164,5.6525,-5.8275,-1.6975
345,2507488,0.461892,-0.008784,-0.889868,4.655,-5.25,-1.7325
346,2507585,0.4636,0.003904,-0.8845,3.64,-4.7425,-1.925
347,2507682,0.45994,-0.000488,-0.884012,3.4475,-4.7775,-1.995
348,2507780,0.460428,0.0,-0.882548,3.15,-4.69,-1.96
349,2507877,0.455792,-0.000732,-0.883524,2.765,-4.62,-1.9775
350,2507975,0.4594521,-0.00244,-0.884988,2.73,-4.48,-2.0475
351,2508072,0.461648,-0.000732,-0.8862081,2.415,-4.3575,-2.0825
352,2508169,0.461892,-0.00122,-0.88328,1.9775,-4.27,-2.2225
353,2508267,0.462136,0.001464,-0.8810841,1.855,-4.2875,-2.24
354,2508364,0.459696,0.0,-0.882304,1.9775,-4.445,-2.2575
355,2508462,0.458476,0.000488,-0.8810841,1.96,-4.5675,-2.31
356,2508559,0.4594521,-0.000488,-0.881572,1.9775,-4.6725,-2.2225
357,2508656,0.458476,-0.000488,-0.88328,1.9075,-4.7775,-2.2225
358,2508754,0.45994,0.001708,-0.886452,1.68,-4.6375,-2.1875
359,2508851,0.459208,0.00244,-0.8857201,1.5225,-4.5325,-2.1525
360,2508949,0.458476,0.001708,-0.883036,1.4525,-4.4275,-2.135
361,2509046,0.460184,0.002684,-0.881328,1.3475,-4.4275,-2.135
362,2509143,0.460428,0.001708,-0.880352,1.3125,-4.6025,-2.205
363,2509241,0.457744,0.001952,-0.87718,1.4175,-4.7075,-2.2225
364,2509338,0.45628,0.00244,-0.8786441,1.715,-4.8475,-2.17
365,2509436,0.457744,0.00244,-0.8845,1.785,-4.83,-2.2225
366,2509533,0.460184,0.003172,-0.884988,1.6975,-4.795,-2.2925
367,2509631,0.45872,0.000976,-0.8847441,1.645,-4.6375,-2.2575
368,2509728,0.458232,0.006588,-0.877424,1.4525,-4.48,-2.3275
369,2509825,0.456036,0.00366,-0.876204,1.6275,-4.62,-2.2575
370,2509923,0.457256,0.004148001,-0.87474,1.96,-4.9,-2.2225
371,2510020,0.457012,0.004392,-0.877668,2.2575,-5.0225,-2.1875
372,2510117,0.454084,0.000732,-0.881328,2.5025,-5.04,-2.1175
373,2510215,0.4594521,0.002196,-0.88816,2.6775,-4.865,-2.0475
374,2510312,0.46116,0.000732,-0.881816,2.415,-4.725,-2.1175
375,2510410,0.461892,0.004636001,-0.8805961,2.275,-4.7775,-2.2225
376,2510507,0.462624,0.00366,-0.880352,2.3275,-4.83,-2.2575
377,2510604,0.458476,0.003416,-0.877912,2.17,-4.9175,-2.135
378,2510702,0.456524,0.001464,-0.880352,2.3625,-5.0575,-2.135
379,2510799,0.455792,0.003416,-0.881816,2.5025,-5.005,-2.1525
380,2510897,0.4575,0.001708,-0.882304,2.5375,-4.9875,-2.24
381,2510994,0.460184,0.002928,-0.8808401,2.4675,-4.9175,-2.1525
382,2511092,0.45872,0.002928,-0.88328,2.4675,-4.8475,-2.2225
383,2511189,0.4594521,-0.000488,-0.883036,2.4675,-4.8125,-2.3275
384,2511286,0.459208,0.00122,-0.883768,2.24,-4.69,-2.2925
385,2511384,0.46238,0.007076001,-0.878888,2.065,-4.7775,-2.31
386,2511481,0.45994,0.001952,-0.8808401,2.2225,-4.865,-2.2575
387,2511579,0.458964,0.003172,-0.8808401,2.31,-4.9875,-2.2225
388,2511676,0.45506,0.002684,-0.8786441,2.3625,-4.9875,-2.205
389,2511773,0.453596,0.004636001,-0.878888,2.5375,-5.005,-2.1525
390,2511871,0.456036,0.000244,-0.8791321,2.485,-5.04,-2.17
391,2511968,0.457012,0.004148001,-0.881572,2.38,-4.9875,-2.2225
392,2512066,0.455792,0.002928,-0.883036,2.45,-4.9875,-2.2225
393,2512163,0.458232,-0.00122,-0.878888,2.4325,-4.83,-2.205
394,2512260,0.462868,0.00366,-0.882304,2.38,-4.795,-2.275
395,2512358,0.45994,0.0,-0.880352,2.2575,-4.8125,-2.2225
396,2512455,0.460428,0.005612,-0.8805961,2.17,-4.8825,-2.24
397,2512553,0.459696,0.003416,-0.879376,2.3275,-4.9175,-2.205
398,2512650,0.458964,0.001464,-0.8820601,2.485,-5.0925,-2.1525
399,2512747,0.4575,0.001708,-0.8805961,2.52,-5.075,-2.1525
400,2512845,0.454572,0.002196,-0.877424,2.3975,-5.0575,-2.205
401,2512942,0.454084,0.003172,-0.8791321,2.5025,-5.04,-2.17
402,2513040,0.456036,0.001708,-0.880352,2.59,-5.04,-2.135
403,2513137,0.4594521,0.000976,-0.8820601,2.6425,-4.9175,-2.065
404,2513234,0.456524,0.000244,-0.8820601,2.59,-4.795,-2.135
405,2513332,0.459696,0.001464,-0.8820601,2.45,-4.83,-2.2575
406,2513429,0.460672,0.002684,-0.8801081,2.415,-4.8125,-2.275
407,2513527,0.458964,0.003416,-0.8786441,2.5725,-4.935,-2.31
408,2513624,0.455792,0.004148001,-0.8784,2.66,-5.005,-2.2225
409,2513721,0.454572,0.00366,-0.879864,2.9925,-5.1975,-2.135
410,2513819,0.455792,0.005856,-0.881572,3.325,-5.25,-2.205
411,2513916,0.4575,0.002196,-0.881328,3.8675,-5.215,-2.0825
412,2514013,0.460184,-0.004636001,-0.889136,4.34,-5.2675,-2.0475
413,2514111,0.463112,-0.003416,-0.888404,3.9725,-4.9875,-2.065
414,2514208,0.46116,0.000488,-0.882304,3.3425,-4.7775,-2.17
415,2514306,0.466528,0.000488,-0.8791321,3.045,-4.725,-2.1525
416,2514403,0.462136,0.00122,-0.880352,2.905,-4.8125,-2.1875
417,2514500,0.459208,-0.00122,-0.879864,2.975,-4.9525,-2.24
418,2514598,0.456036,0.000732,-0.88328,2.9225,-4.7775,-2.31
419,2514695,0.457744,0.001952,-0.881816,3.01,-4.8125,-2.2225
420,2514792,0.4575,-0.00366,-0.885964,3.0975,-4.865,-2.1875
421,2514890,0.463356,-0.000488,-0.884988,2.8,-4.7775,-2.1875
422,2514987,0.461648,-0.000732,-0.8801081,2.3275,-4.585,-2.2925
423,2515085,0.462136,0.00122,-0.8791321,1.995,-4.7075,-2.275
424,2515182,0.461892,0.001708,-0.878888,1.925,-4.83,-2.2225
425,2515279,0.458232,-0.001952,-0.878888,1.89,-4.97,-2.1875
426,2515377,0.455792,0.001952,-0.881816,2.1,-5.0225,-2.275
427,2515474,0.456036,0.001464,-0.8801081,2.1525,-4.9875,-2.2925
428,2515572,0.455548,0.000244,-0.883524,2.17,-4.9875,-2.2575
429,2515669,0.45628,-0.00122,-0.8842561,2.2225,-4.9,-2.24
430,2515766,0.457744,-0.000976,-0.8805961,2.205,-4.725,-2.1875
431,2515864,0.458964,-0.000976,-0.881816,2.24,-4.76,-2.31
432,2515961,0.460672,0.000976,-0.882304,2.24,-4.7075,-2.31
433,2516058,0.460916,0.002196,-0.8808401,2.1175,-4.7075,-2.275
434,2516156,0.461648,0.002196,-0.881328,2.065,-4.7775,-2.2575
435,2516253,0.460428,-0.00122,-0.8801081,2.0825,-4.8825,-2.1875
436,2516351,0.460672,0.001464,-0.8820601,1.96,-4.9525,-2.205
437,2516448,0.456036,-0.00122,-0.881328,2.065,-4.9,-2.1
438,2516545,0.451644,0.000244,-0.882304,2.1525,-5.0575,-2.1525
439,2516643,0.45628,-0.001464,-0.882304,2.17,-4.9175,-2.24
440,2516740,0.45628,-0.003172,-0.879376,2.2225,-4.8125,-2.1525
441,2516838,0.460916,0.002196,-0.8808401,2.205,-4.9,-2.135
442,2516935,0.456036,-0.001952,-0.8801081,2.275,-4.9525,-2.17
443,2517032,0.4594521,0.0,-0.881328,2.31,-4.97,-2.1875
444,2517130,0.45872,0.003416,-0.881816,2.3975,-5.0225,-2.205
445,2517227,0.454816,0.001952,-0.8805961,2.45,-5.0225,-2.2225
446,2517325,0.45506,0.001708,-0.882548,2.4675,-5.0575,-2.2575
447,2517422,0.454084,-0.000244,-0.880352,2.5025,-4.8475,-2.2925
448,2517519,0.456524,-0.003904,-0.882548,2.5725,-4.7075,-2.2575
449,2517617,0.460428,-0.003904,-0.887916,2.5025,-4.76,-2.24
450,2517714,0.465064,-0.001708,-0.8845,2.345,-4.83,-2.275
451,2517811,0.462868,0.002684,-0.882304,2.1175,-4.9175,-2.38
452,2517909,0.46238,0.002196,-0.879864,2.0125,-4.83,-2.3275
453,2518006,0.460428,0.000244,-0.8769361,2.065,-4.935,-2.275
454,2518104,0.4575,0.00244,-0.8827921,2.1175,-5.0925,-2.31
455,2518201,0.457988,0.002684,-0.8827921,2.1525,-4.9525,-2.2925
456,2518298,0.457012,-0.001464,-0.8805961,2.205,-5.005,-2.2925
457,2518396,0.45872,0.0,-0.882304,2.135,-4.935,-2.2225
458,2518493,0.4594521,-0.00244,-0.8805961,2.2925,-4.865,-2.1875
459,2518590,0.457988,-0.000488,-0.8808401,2.31,-4.935,-2.205
460,2518688,0.459208,-0.000488,-0.8786441,2.415,-4.935,-2.2575
461,2518785,0.456768,0.000976,-0.8820601,2.415,-4.935,-2.24
462,2518883,0.457988,-0.000244,-0.884012,2.415,-4.9,-2.2225
463,2518980,0.45872,0.0,-0.881328,2.415,-4.865,-2.24
464,2519077,0.460184,0.000244,-0.881572,2.31,-4.76,-2.31
465,2519175,0.463112,0.001708,-0.881328,2.1175,-4.69,-2.24
466,2519272,0.457012,-0.002684,-0.8801081,2.135,-4.725,-2.135
467,2519370,0.45872,-0.001464,-0.879376,2.065,-4.9525,-2.1175
468,2519467,0.458232,-0.00122,-0.8791321,2.17,-4.9,-2.17
469,2519564,0.456036,0.000244,-0.881572,2.2575,-4.9525,-2.205
470,2519662,0.457988,-0.001708,-0.880352,2.3625,-4.9525,-2.1525
471,2519759,0.45506,0.0,-0.8820601,2.38,-4.9,-2.2225
472,2519857,0.45872,-0.00122,-0.881816,2.415,-4.8475,-2.17
473,2519954,0.459696,0.001464,-0.884988,2.24,-4.725,-2.1525
474,2520051,0.462624,0.002928,-0.881816,2.1,-4.7775,-2.17
475,2520149,0.461648,0.00366,-0.881328,2.03,-4.7775,-2.17
476,2520246,0.458476,0.002196,-0.879376,2.135,-5.0225,-2.135
477,2520344,0.457256,-0.000488,-0.8805961,2.2575,-5.0925,-2.065
478,2520441,0.455548,0.000732,-0.8808401,2.345,-5.18,-2.135
479,2520538,0.456036,0.001708,-0.881572,2.38,-5.0575,-2.0825
480,2520636,0.455792,0.001952,-0.8805961,2.45,-4.935,-2.1175
481,2520733,0.4553041,-0.002684,-0.8805961,2.4325,-4.865,-2.1
482,2520831,0.4594521,0.000732,-0.884012,2.38,-4.725,-2.2225
483,2520928,0.460916,-0.00122,-0.884012,2.205,-4.62,-2.2575
484,2521025,0.460184,0.0,-0.881816,2.03,-4.6375,-2.24
485,2521123,0.4594521,-0.000732,-0.879864,2.0125,-4.69,-2.1175
486,2521220,0.457012,-0.000488,-0.8808401,2.135,-4.8475,-2.1
487,2521317,0.460184,0.000732,-0.8784,2.1,-4.865,-2.0825
488,2521415,0.45994,-0.000488,-0.87962,2.345,-5.04,-2.24
489,2521512,0.4575,0.001952,-0.8801081,2.4675,-4.9875,-2.1175
490,2521610,0.454816,0.000488,-0.881328,2.59,-5.04,-2.1525
491,2521707,0.457012,0.000244,-0.883524,2.625,-5.0225,-2.135
492,2521805,0.459208,0.0,-0.8805961,2.59,-4.9525,-2.135
493,2521902,0.457256,-0.00122,-0.882304,2.6075,-4.9875,-2.17
494,2521999,0.460184,-0.000244,-0.8820601,2.5725,-4.8825,-2.17
495,2522097,0.458476,-0.000976,-0.881572,2.5025,-4.9875,-2.24
496,2522194,0.457744,-0.000244,-0.8805961,2.555,-5.04,-2.17
497,2522292,0.45628,0.000732,-0.8820601,2.555,-5.005,-2.1525
498,2522389,0.454816,0.001708,-0.8820601,2.6075,-5.11,-2.1875
499,2522486,0.456768,-0.000244,-0.881572,2.66,-5.005,-2.1525
500,2522584,0.45872,-0.001708,-0.879864,2.66,-4.9,-2.135
501,2522681,0.4553041,-0.000244,-0.881816,2.7475,-4.865,-2.205
502,2522779,0.457988,-0.000732,-0.881572,2.59,-4.8125,-2.205
503,2522876,0.459696,-0.002928,-0.881816,2.5025,-4.7775,-2.205
504,2522973,0.460184,-0.000488,-0.881328,2.3275,-4.655,-2.2575
505,2523071,0.461404,0.001708,-0.8786441,2.1875,-4.83,-2.31
506,2523168,0.45872,0.000488,-0.879864,2.205,-4.97,-2.205
507,2523266,0.4575,0.001708,-0.8827921,2.2575,-5.0925,-2.03
508,2523363,0.45872,-0.000488,-0.8808401,2.345,-5.0925,-2.1875
509,2523460,0.456524,-0.001464,-0.8827921,2.2925,-4.9875,-2.135
510,2523558,0.459696,-0.001708,-0.8791321,2.3625,-4.935,-2.1525
511,2523655,0.45628,-0.002196,-0.879376,2.38,-4.935,-2.2225
512,2523753,0.457744,-0.000488,-0.880352,2.4325,-4.9525,-2.2225
513,2523850,0.45994,-0.003904,-0.8805961,2.3975,-4.935,-2.205
514,2523947,0.456524,-0.000244,-0.8805961,2.38,-5.075,-2.135
515,2524045,0.457012,0.000244,-0.883036,2.4675,-4.97,-2.205
516,2524142,0.456036,0.000976,-0.88328,2.52,-4.9525,-2.17
517,2524240,0.457744,-0.000488,-0.883036,2.6775,-4.8825,-2.135
518,2524337,0.460916,-0.002928,-0.886452,2.6075,-4.83,-2.1875
519,2524434,0.459208,-0.000732,-0.883524,2.3625,-4.69,-2.2225
520,2524532,0.462136,0.00244,-0.881572,2.205,-4.62,-2.2575
521,2524629,0.458964,-0.001708,-0.8820601,2.1875,-4.7775,-2.17
522,2524727,0.459208,-0.001708,-0.8791321,2.17,-4.9,-2.205
523,2524824,0.459208,0.000244,-0.8805961,2.24,-4.97,-2.17
524,2524921,0.456036,-0.001708,-0.8801081,2.275,-5.0925,-2.1
525,2525019,0.455792,-0.000732,-0.883036,2.3275,-5.145,-2.0475
526,2525116,0.456524,-0.00122,-0.8852321,2.275,-5.005,-2.0825
527,2525214,0.4594521,0.001464,-0.8845,2.1875,-4.9175,-2.1175
528,2525311,0.45994,-0.000244,-0.8808401,2.0475,-4.8825,-2.1175
529,2525408,0.4594521,-0.001952,-0.880352,2.0125,-4.9525,-2.0825
530,2525506,0.458476,-0.001952,-0.879864,2.0475,-4.8475,-2.1175
531,2525603,0.461892,-0.000244,-0.8784,2.135,-4.9525,-2.1
532,2525701,0.460428,-0.000488,-0.878156,2.2225,-5.005,-2.135
533,2525798,0.4553041,-0.001708,-0.8805961,2.415,-5.005,-2.135
534,2525895,0.456036,0.000488,-0.881816,2.5725,-4.97,-2.17
535,2525993,0.4594521,-0.000244,-0.882304,2.5725,-4.8825,-2.135
536,2526090,0.458232,-0.000732,-0.8810841,2.625,-4.97,-2.17
537,2526188,0.4575,-0.001464,-0.8801081,2.5725,-4.9525,-2.1525
538,2526285,0.457012,-0.00122,-0.8810841,2.52,-5.075,-2.17
539,2526382,0.45872,-0.000244,-0.879376,2.6075,-5.075,-2.2225
540,2526480,0.457256,0.000488,-0.881816,2.695,-5.18,-2.17
541,2526577,0.4575,-0.000488,-0.879376,2.7125,-5.075,-2.1175
542,2526675,0.456036,0.000732,-0.8808401,2.73,-5.0925,-2.17
543,2526772,0.454328,-0.002928,-0.883524,2.765,-5.18,-2.1875
544,2526869,0.456036,-0.001708,-0.883768,2.8525,-5.0225,-2.275
545,2526967,0.459696,-0.002684,-0.883768,2.905,-4.9175,-2.275
546,2527064,0.460428,-0.001464,-0.8810841,2.7125,-4.83,-2.2925
547,2527162,0.459208,-0.002684,-0.882304,2.6075,-4.7075,-2.3625
548,2527259,0.460184,-0.00122,-0.8801081,2.555,-4.83,-2.275
549,2527356,0.4594521,-0.000732,-0.878888,2.485,-4.935,-2.2225
550,2527454,0.457744,-0.004148001,-0.881816,2.5725,-5.0225,-2.205
551,2527551,0.4575,0.000976,-0.883524,2.5375,-5.005,-2.1525
552,2527648,0.455792,-0.000732,-0.8820601,2.52,-4.9875,-2.2575
553,2527746,0.456524,-0.003172,-0.878888,2.6075,-4.935,-2.17
554,2527843,0.456524,-0.002928,-0.880352,2.7125,-4.9,-2.1875
555,2527941,0.4553041,-0.000976,-0.882304,2.695,-4.8825,-2.17
556,2528038,0.45872,-0.003904,-0.882304,2.8,-4.83,-2.275
557,2528135,0.4575,-0.003904,-0.882304,2.975,-4.7425,-2.24
558,2528233,0.461404,-0.001952,-0.884988,3.0625,-4.8125,-2.2575
559,2528330,0.46238,-0.002928,-0.8827921,2.7475,-4.69,-2.275
560,2528428,0.462136,0.001464,-0.880352,2.4675,-4.7075,-2.31
561,2528525,0.457256,-0.002196,-0.8791321,2.4675,-4.8125,-2.17
562,2528622,0.4553041,-0.000488,-0.882548,2.4325,-4.935,-2.0825
563,2528720,0.456036,-0.00122,-0.881816,2.4675,-4.935,-2.065
564,2528817,0.455548,-0.002684,-0.884012,2.3975,-4.8825,-2.1
565,2528915,0.45872,-0.003172,-0.881816,2.3975,-4.795,-2.1525
566,2529012,0.457012,-0.00366,-0.8827921,2.4675,-4.7425,-2.2575
567,2529109,0.46238,-0.00244,-0.8845,2.3275,-4.7075,-2.205
568,2529207,0.46238,-0.003416,-0.8820601,1.96,-4.655,-2.275
569,2529304,0.458232,-0.003172,-0.881328,1.82,-4.795,-2.2225
570,2529402,0.458964,-0.000488,-0.880352,1.855,-4.795,-2.0825
571,2529499,0.458232,-0.001952,-0.8801081,1.925,-4.865,-2.03
572,2529597,0.458964,-0.003416,-0.880352,2.0475,-4.9,-2.1525
573,2529694,0.458476,-0.003904,-0.8805961,2.0825,-5.0575,-2.065
574,2529791,0.45506,-0.004392,-0.881816,2.2575,-5.1625,-2.1525
575,2529889,0.457012,-0.002928,-0.883036,2.31,-5.075,-2.1525
576,2529986,0.45872,-0.003904,-0.8862081,2.345,-4.8475,-2.2575
577,2530084,0.45872,-0.007076001,-0.8847441,2.3275,-4.725,-2.275
578,2530181,0.462136,0.001464,-0.879864,2.0475,-4.7425,-2.345
579,2530278,0.459208,0.000244,-0.882548,1.8725,-4.83,-2.31
580,2530376,0.460916,-0.002196,-0.8801081,1.6275,-4.795,-2.065
581,2530473,0.457744,-0.001464,-0.87962,1.7675,-4.9175,-1.995
582,2530571,0.456768,-0.000244,-0.881572,2.1,-4.97,-2.1
583,2530668,0.4553041,-0.00244,-0.8808401,2.2925,-5.005,-2.065
584,2530765,0.455792,-0.00366,-0.8810841,2.45,-5.075,-2.135
585,2530863,0.458964,-0.005124001,-0.8827921,2.485,-5.04,-2.17
586,2530960,0.45994,-0.003416,-0.881816,2.3975,-5.0225,-2.2575
587,2531058,0.460916,-0.003172,-0.8857201,2.3275,-5.0225,-2.2575
588,2531155,0.462624,0.000244,-0.8847441,1.96,-4.9525,-2.1875
589,2531252,0.459696,0.002196,-0.8791321,1.505,-4.8825,-2.2575
590,2531350,0.457256,0.0,-0.88328,1.6275,-4.935,-2.03
591,2531447,0.461404,-0.004148001,-0.883036,1.8375,-4.9175,-2.065
592,2531545,0.457012,-0.003172,-0.87962,1.8725,-4.9,-2.1
593,2531642,0.458964,-0.005124001,-0.8845,2.0475,-5.11,-2.205
594,2531739,0.460916,-0.005124001,-0.885476,1.855,-5.04,-2.2575
595,2531837,0.462868,-0.001464,-0.8847441,1.505,-4.83,-2.275
596,2531934,0.459696,-0.00122,-0.882304,1.4,-4.8475,-2.31
597,2532032,0.45994,-0.004392,-0.8810841,1.365,-4.9875,-2.3975
598,2532129,0.458232,-0.000488,-0.879376,1.365,-5.005,-2.45
599,2532226,0.454084,0.000976,-0.87718,1.75,-5.2325,-2.52
600,2532324,0.457744,0.000488,-0.884012,2.0825,-5.32,-2.485
601,2532421,0.456768,0.000244,-0.8820601,2.0825,-5.355,-2.52
602,2532519,0.457988,0.001708,-0.883768,1.995,-5.25,-2.485
603,2532616,0.459696,-0.002684,-0.8847441,2.065,-5.2675,-2.555
604,2532713,0.457988,-0.002196,-0.8801081,1.8725,-5.1975,-2.5375
605,2532811,0.45872,0.0,-0.877668,1.9075,-5.1275,-2.5025
606,2532908,0.455548,0.002196,-0.879864,2.1175,-5.25,-2.555
607,2533006,0.454328,0.001708,-0.879376,2.3275,-5.1975,-2.59
608,2533103,0.457744,0.002684,-0.882304,2.4325,-5.11,-2.45
609,2533200,0.45628,-0.000976,-0.8805961,2.5025,-4.9875,-2.38
610,2533298,0.45628,-0.000976,-0.8820601,2.45,-5.005,-2.38
611,2533395,0.459208,0.000976,-0.8845,2.4675,-5.005,-2.345
612,2533493,0.4575,-0.000488,-0.8801081,2.38,-4.9525,-2.38
613,2533590,0.457012,0.002196,-0.880352,2.275,-4.9875,-2.415
614,2533687,0.454572,-0.000244,-0.880352,2.38,-5.075,-2.345
615,2533785,0.457744,0.00244,-0.8845,2.4675,-5.1975,-2.275
616,2533882,0.456524,-0.000244,-0.883524,2.5375,-5.1975,-2.3275
617,2533980,0.455792,-0.00122,-0.8810841,2.5375,-5.0925,-2.3275
618,2534077,0.454816,0.002684,-0.8805961,2.59,-5.11,-2.275
619,2534174,0.453352,-0.002196,-0.884012,2.625,-5.1625,-2.31
620,2534272,0.4575,0.00122,-0.8847441,2.7825,-5.1975,-2.3275
621,2534369,0.45872,-0.001464,-0.8784,3.01,-5.1975,-2.2925
622,2534467,0.458232,0.001952,-0.882548,3.2375,-5.1625,-2.345
623,2534564,0.460916,-0.002196,-0.883036,3.36,-5.1975,-2.2225
624,2534661,0.454816,-0.00122,-0.8810841,3.3425,-5.285,-2.2575
625,2534759,0.457256,0.001708,-0.881328,3.4125,-5.39,-2.24
626,2534856,0.454816,0.001952,-0.8810841,3.6925,-5.39,-2.1875
627,2534954,0.454816,-0.00488,-0.8820601,3.885,-5.4075,-2.0825
628,2535051,0.4575,-0.006588,-0.892308,3.71,-5.3375,-2.1875
629,2535148,0.460916,-0.000488,-0.8874281,2.975,-5.04,-2.2575
630,2535246,0.457256,-0.003416,-0.886452,2.4325,-4.655,-2.2575
631,2535343,0.459696,-0.003172,-0.883768,2.17,-4.62,-2.17
632,2535441,0.458476,0.0,-0.881816,1.925,-4.585,-2.24
633,2535538,0.456768,-0.005856,-0.8827921,1.82,-4.655,-2.17
634,2535635,0.4575,-0.003416,-0.88328,1.82,-4.7425,-2.2575
635,2535733,0.457256,0.001708,-0.881816,1.8375,-4.725,-2.24
636,2535830,0.453108,-0.002684,-0.8805961,1.9775,-4.83,-2.2925
637,2535928,0.453596,-0.00122,-0.8808401,1.995,-4.76,-2.2575
638,2536025,0.45628,-0.001952,-0.881816,2.2225,-4.7775,-2.205
639,2536122,0.45994,-0.005368,-0.8842561,2.2225,-4.7425,-2.24
640,2536220,0.459208,-0.004392,-0.882304,2.205,-4.795,-2.24
641,2536317,0.460672,-0.00122,-0.879376,2.275,-4.8475,-2.31
642,2536415,0.457256,-0.002196,-0.8801081,2.31,-4.7775,-2.1875
643,2536512,0.455792,0.001708,-0.882548,2.275,-4.8125,-2.24
644,2536609,0.4553041,0.000488,-0.882304,2.3275,-4.8125,-2.135
645,2536707,0.455548,0.001708,-0.882548,2.45,-4.8825,-2.1525
646,2536804,0.4553041,-0.003172,-0.881572,2.4675,-4.865,-2.205
647,2536901,0.456036,-0.00122,-0.8820601,2.4675,-4.795,-2.205
648,2536999,0.45384,-0.002196,-0.883036,2.4325,-4.7425,-2.2575
649,2537096,0.457256,-0.001952,-0.8820601,2.5025,-4.725,-2.38
650,2537194,0.459208,-0.001952,-0.881328,2.695,-4.7075,-2.2925
651,2537291,0.457744,-0.001952,-0.882548,2.73,-4.725,-2.31
652,2537388,0.460916,-0.001708,-0.883036,2.695,-4.725,-2.2575
653,2537486,0.463356,-0.000732,-0.883036,2.31,-4.7425,-2.205
654,2537583,0.461892,0.00122,-0.881816,1.9775,-4.7075,-2.1875
655,2537681,0.460672,-0.00122,-0.877424,1.925,-4.8125,-2.1
656,2537778,0.455548,0.0,-0.881328,1.995,-4.97,-2.03
657,2537875,0.455792,-0.00122,-0.883036,2.1,-5.0925,-2.065
658,2537973,0.4553041,-0.001952,-0.8827921,2.1875,-5.04,-2.1
659,2538070,0.452864,-0.004636001,-0.881572,2.24,-4.9525,-2.1875
660,2538168,0.455792,-0.000488,-0.879864,2.2925,-4.8125,-2.1525
661,2538265,0.45994,-0.00244,-0.883524,2.275,-4.62,-2.1875
662,2538363,0.458232,-0.003172,-0.881816,2.135,-4.62,-2.205
663,2538460,0.46116,0.000976,-0.881328,1.9425,-4.62,-2.2225
664,2538557,0.458232,-0.002196,-0.879376,1.96,-4.69,-2.1525
665,2538655,0.457988,-0.001708,-0.8791321,2.0475,-4.8125,-2.205
666,2538752,0.458232,-0.002684,-0.8786441,2.0825,-4.9175,-2.17
667,2538850,0.454816,-0.00244,-0.879864,2.275,-5.0225,-2.1
668,2538947,0.454816,-0.000976,-0.884012,2.4325,-5.11,-2.17
669,2539044,0.45628,0.001464,-0.882304,2.59,-5.005,-2.205
670,2539142,0.458964,-0.0061,-0.886452,2.5375,-4.935,-2.2225
671,2539239,0.459208,-0.003904,-0.8857201,2.2925,-4.7775,-2.1875
672,2539337,0.458964,-0.000976,-0.882548,2.065,-4.6725,-2.2225
673,2539434,0.460428,-0.000732,-0.87962,1.995,-4.795,-2.205
674,2539531,0.460428,0.000244,-0.8801081,1.96,-4.83,-2.24
675,2539629,0.460184,-0.00244,-0.8801081,1.925,-4.8825,-2.0825
676,2539726,0.459208,-0.00122,-0.8759601,2.0825,-4.9875,-2.17
677,2539824,0.45506,-0.002928,-0.8791321,2.275,-5.145,-2.1175
678,2539921,0.454328,0.002684,-0.8791321,2.5025,-5.075,-2.135
679,2540018,0.453596,-0.00244,-0.8820601,2.695,-5.11,-2.1525
680,2540116,0.456524,0.000244,-0.881572,2.7475,-5.145,-2.1
681,2540213,0.458476,-0.005124001,-0.883036,2.73,-5.005,-2.065
682,2540311,0.45994,-0.002928,-0.883524,2.695,-5.04,-2.1
683,2540408,0.458964,-0.003172,-0.881816,2.555,-5.0225,-2.1525
684,2540505,0.45506,-0.001952,-0.882304,2.66,-5.04,-2.0475
685,2540603,0.457012,-0.003416,-0.882304,2.6775,-5.075,-2.0475
686,2540700,0.457012,-0.000732,-0.882548,2.7475,-5.0575,-2.0825
687,2540798,0.454084,-0.001708,-0.883036,2.8875,-5.11,-2.1875
688,2540895,0.454816,-0.000976,-0.8808401,2.94,-5.0925,-2.205
689,2540993,0.455792,0.00122,-0.882304,2.94,-5.0225,-2.275
690,2541090,0.45994,-0.002928,-0.8847441,3.0975,-4.9525,-2.24
691,2541187,0.459208,-0.004148001,-0.885476,2.9925,-4.865,-2.2225
692,2541285,0.46238,-0.002196,-0.884012,2.695,-4.8825,-2.1525
693,2541382,0.460428,-0.005856,-0.881816,2.555,-4.97,-2.2225
694,2541480,0.45628,-0.002196,-0.8786441,2.52,-4.935,-2.1875
695,2541577,0.454084,-0.00366,-0.881572,2.6425,-5.005,-2.1525
696,2541674,0.458964,-0.008052001,-0.884988,2.765,-5.1275,-2.065
697,2541772,0.458476,-0.001952,-0.8857201,2.59,-5.11,-2.1
698,2541869,0.458232,-0.007564001,-0.886452,2.52,-4.9,-2.205
699,2541967,0.45506,-0.008296001,-0.886452,2.52,-4.8825,-2.2225
700,2542064,0.457012,-0.000732,-0.8845,2.4675,-4.9175,-2.3275
701,2542161,0.456036,-0.001952,-0.880352,2.4325,-4.9875,-2.31
702,2542259,0.45628,-0.003416,-0.881572,2.3975,-4.935,-2.2575
703,2542356,0.456768,-0.000976,-0.8820601,2.415,-4.865,-2.1875
704,2542453,0.457256,-0.004636001,-0.8847441,2.4325,-4.8475,-2.205
705,2542551,0.45994,-0.003172,-0.881328,2.3625,-4.83,-2.24
706,2542648,0.4594521,-0.004636001,-0.8827921,2.3275,-4.935,-2.24
707,2542746,0.460184,-0.004392,-0.884012,2.3625,-5.005,-2.17
708,2542843,0.454328,-0.002928,-0.882548,2.4325,-5.0575,-2.1875
709,2542941,0.454328,-0.005856,-0.8820601,2.45,-5.04,-2.205
710,2543038,0.456768,-0.005612,-0.8852321,2.415,-4.9875,-2.205
711,2543135,0.452864,-0.005368,-0.8847441,2.415,-4.935,-2.2225
712,2543233,0.45628,0.000732,-0.88328,2.3275,-4.76,-2.2225
713,2543330,0.45872,-0.0061,-0.8842561,2.3275,-4.69,-2.2225
714,2543427,0.459208,-0.003172,-0.88328,2.205,-4.725,-2.3275
715,2543525,0.460672,-0.00488,-0.882304,2.205,-4.795,-2.275
716,2543622,0.461404,-0.002928,-0.8842561,2.2575,-4.8475,-2.2575
717,2543720,0.460916,-0.004148001,-0.881816,2.2925,-4.935,-2.275
718,2543817,0.457988,-0.004148001,-0.8827921,2.31,-4.9875,-2.2225
719,2543914,0.452864,-0.001464,-0.881328,2.3625,-5.11,-2.2575
720,2544012,0.455792,-0.001708,-0.879864,2.345,-5.075,-2.2225
721,2544109,0.454816,-0.003904,-0.8842561,2.3975,-5.145,-2.2575
722,2544207,0.458476,-0.00488,-0.8847441,2.4325,-5.04,-2.205
723,2544304,0.459208,-0.0061,-0.8852321,2.3625,-4.9525,-2.275
724,2544401,0.4594521,-0.005368,-0.8852321,2.2225,-4.8475,-2.3625
725,2544499,0.458232,-0.001708,-0.883036,2.0125,-4.8125,-2.415
726,2544596,0.458476,-0.003172,-0.884988,1.96,-4.9,-2.3975
727,2544694,0.45994,-0.00366,-0.8820601,1.855,-4.9525,-2.2925
728,2544791,0.456036,0.000244,-0.8827921,1.7325,-4.8825,-2.275
729,2544889,0.455548,0.0,-0.880352,1.8725,-5.0925,-2.2225
730,2544986,0.45384,-0.003416,-0.882304,1.96,-5.0925,-2.2575
731,2545083,0.455792,-0.002196,-0.883768,2.1,-5.075,-2.17
732,2545181,0.45872,-0.006588,-0.8852321,2.135,-5.0575,-2.1875
733,2545278,0.456768,-0.000732,-0.8827921,1.89,-4.9,-2.2225
734,2545376,0.460916,-0.004392,-0.8842561,1.855,-4.8125,-2.3625
735,2545473,0.458232,-0.004392,-0.883768,1.785,-4.9525,-2.31
736,2545570,0.4575,-0.001952,-0.879864,1.7325,-4.8825,-2.3275
737,2545668,0.45506,-0.000488,-0.878888,1.9775,-4.9525,-2.2225
738,2545765,0.454328,0.0,-0.879376,2.17,-5.04,-2.31
739,2545863,0.456768,-0.000732,-0.883036,2.3625,-5.11,-2.275
740,2545958,0.45628,-0.001952,-0.882304,2.5375,-5.1275,-2.2575
741,2546055,0.457012,-0.00244,-0.884012,2.6425,-5.075,-2.205
742,2546153,0.457744,-0.005124001,-0.8852321,2.59,-5.145,-2.2575
743,2546250,0.458476,-0.00366,-0.885476,2.52,-4.9875,-2.205
744,2546347,0.45628,-0.000488,-0.8805961,2.415,-4.9525,-2.275
745,2546445,0.45628,-0.003416,-0.883524,2.4325,-4.9175,-2.2925
746,2546542,0.457012,-0.004148001,-0.8842561,2.38,-4.865,-2.345
747,2546640,0.458232,-0.00244,-0.879376,2.31,-4.7425,-2.2925
748,2546737,0.45628,-0.00366,-0.87962,2.3625,-4.865,-2.2925
749,2546835,0.454816,-0.002928,-0.8820601,2.415,-4.9175,-2.3275
750,2546932,0.454328,-0.002684,-0.883768,2.45,-4.9175,-2.24
751,2547029,0.455548,-0.000244,-0.8808401,2.4325,-4.9,-2.135
752,2547127,0.457012,-0.003416,-0.882548,2.52,-4.83,-2.135
753,2547224,0.456524,-0.001952,-0.882304,2.5375,-4.795,-2.2225
754,2547322,0.4575,-0.004392,-0.8827921,2.6075,-4.795,-2.24
755,2547419,0.458964,-0.001952,-0.881328,2.6075,-4.725,-2.205
756,2547516,0.45872,-0.00366,-0.883768,2.66,-4.795,-2.1875
757,2547614,0.459208,-0.00488,-0.882548,2.5725,-4.935,-2.205
758,2547711,0.45628,-0.002196,-0.8827921,2.5375,-4.9875,-2.2225
759,2547809,0.453352,-0.002196,-0.882304,2.59,-4.935,-2.17
760,2547906,0.45384,-0.001952,-0.8820601,2.695,-5.005,-2.2225
761,2548003,0.45506,-0.001952,-0.883036,2.8,-4.97,-2.24
762,2548101,0.457256,-0.000976,-0.881816,2.8525,-4.865,-2.205
763,2548198,0.457744,-0.00366,-0.88328,2.87,-4.865,-2.2575
764,2548296,0.461892,-0.003172,-0.884012,2.87,-4.76,-2.2925
765,2548393,0.4594521,-0.001952,-0.8845,2.8175,-4.8125,-2.275
766,2548490,0.457012,-0.00488,-0.883524,2.695,-4.8125,-2.1875
767,2548588,0.456768,-0.001952,-0.8820601,2.5725,-4.7775,-2.135
768,2548685,0.454816,-0.002196,-0.88328,2.59,-4.8125,-2.1875
769,2548783,0.4575,-0.005124001,-0.8857201,2.695,-4.83,-2.1525
770,2548880,0.459208,-0.008296001,-0.8862081,2.5025,-4.7425,-2.0825
771,2548977,0.45994,-0.003904,-0.88328,2.17,-4.69,-2.1875
772,2549075,0.457744,-0.005124001,-0.8847441,2.1525,-4.795,-2.205
773,2549172,0.45872,-0.00366,-0.883036,2.065,-4.795,-2.2575
774,2549270,0.457744,-0.000488,-0.8827921,1.96,-4.9,-2.2575
775,2549367,0.45628,-0.003172,-0.882304,1.9075,-4.8825,-2.17
776,2549464,0.456036,-0.00244,-0.8805961,1.75,-4.83,-2.17
777,2549562,0.456768,-0.002684,-0.882548,1.7325,-4.83,-2.1875
778,2549659,0.454816,-0.00244,-0.883524,1.7675,-5.075,-2.17
779,2549757,0.45506,-0.00366,-0.882304,1.925,-5.005,-2.1175
780,2549854,0.457012,-0.003416,-0.883768,2.0475,-5.0225,-2.1875
781,2549952,0.458964,-0.005856,-0.8862081,2.2925,-4.9525,-2.205
782,2550049,0.458476,-0.005856,-0.8866961,2.205,-4.865,-2.275
783,2550146,0.4594521,0.000732,-0.884012,1.68,-4.83,-2.275
784,2550244,0.456036,-0.001952,-0.8847441,1.4875,-4.76,-2.24
785,2550341,0.458232,-0.004148001,-0.884012,1.4875,-4.83,-2.275
786,2550439,0.457256,-0.001952,-0.8808401,1.365,-4.795,-2.1875
787,2550536,0.457744,-0.005856,-0.8810841,1.4525,-4.7425,-2.135
788,2550633,0.456524,-0.002684,-0.879376,1.61,-4.8825,-2.17
789,2550731,0.454816,-0.000976,-0.8808401,1.9425,-5.0925,-2.17
790,2550828,0.457012,-0.003904,-0.8874281,2.0825,-4.9875,-2.2225
791,2550926,0.458476,-0.003416,-0.8862081,1.715,-4.865,-2.1875
792,2551023,0.459208,-0.000976,-0.8808401,1.26,-4.7075,-2.17
793,2551121,0.457744,-0.004636001,-0.8820601,1.365,-4.7775,-2.205
794,2551218,0.456036,-0.001952,-0.8801081,1.5225,-4.83,-2.205
795,2551315,0.456524,-0.000976,-0.878888,1.715,-4.9175,-2.1175
796,2551413,0.45506,-0.001464,-0.87962,2.0825,-5.0225,-2.1525
797,2551510,0.454328,-0.00244,-0.879864,2.38,-5.04,-2.2925
798,2551608,0.45506,0.0,-0.8820601,2.485,-4.9875,-2.275
799,2551705,0.4594521,-0.000976,-0.883768,2.5375,-5.005,-2.205
800,2551802,0.461648,-0.002684,-0.882304,2.2925,-5.0225,-2.2575
801,2551900,0.459696,0.0,-0.882548,2.065,-4.9875,-2.2925
802,2551997,0.45628,-0.000488,-0.8805961,1.9775,-4.9875,-2.205
803,2552095,0.455792,0.001952,-0.8810841,2.0825,-5.005,-2.2225
804,2552192,0.454816,0.0,-0.882304,2.24,-4.9,-2.1875
805,2552289,0.457744,-0.00122,-0.8827921,2.31,-4.935,-2.1525
806,2552387,0.458476,-0.002196,-0.8842561,2.275,-5.0925,-2.275
807,2552484,0.45628,-0.00122,-0.8827921,2.24,-4.9,-2.2225
808,2552582,0.45872,-0.004392,-0.884988,1.9425,-4.83,-2.24
809,2552679,0.457744,0.000732,-0.882548,1.645,-4.69,-2.2925
810,2552776,0.457012,-0.000976,-0.8842561,1.5575,-4.69,-2.275
811,2552874,0.459696,-0.000732,-0.8801081,1.435,-4.69,-2.3625
812,2552971,0.457744,-0.000976,-0.877912,1.4525,-4.7425,-2.31
813,2553069,0.456768,-0.000488,-0.8784,1.645,-4.9,-2.24
814,2553166,0.45262,0.000488,-0.875716,2.0475,-5.1275,-2.1875
815,2553263,0.450912,-0.005124001,-0.8808401,2.275,-5.285,-2.2575
816,2553361,0.4553041,0.002196,-0.882548,2.5725,-5.075,-2.1875
817,2553458,0.4575,-0.00488,-0.885964,2.66,-5.0575,-2.1
818,2553556,0.458964,-0.000976,-0.884012,2.275,-4.97,-2.17
819,2553653,0.460184,0.001464,-0.882304,1.995,-4.9,-2.2925
820,2553750,0.45628,0.00122,-0.882304,2.0475,-4.9,-2.345
821,2553848,0.457256,0.00244,-0.8808401,2.065,-5.0575,-2.205
822,2553945,0.45628,-0.001708,-0.884988,2.345,-5.0925,-2.24
823,2554043,0.454816,-0.003172,-0.8827921,2.4675,-5.005,-2.2225
824,2554140,0.457744,0.000976,-0.8827921,2.5375,-4.8825,-2.275
825,2554237,0.461404,-0.00244,-0.8842561,2.52,-4.865,-2.31
826,2554335,0.45872,0.0,-0.883036,2.2225,-4.795,-2.24
827,2554432,0.460184,-0.000244,-0.8845,2.03,-4.795,-2.2925
828,2554530,0.457012,0.001708,-0.881572,2.065,-4.8475,-2.24
829,2554627,0.456768,0.001708,-0.881816,2.17,-4.9875,-2.205
830,2554724,0.455792,-0.000488,-0.883524,2.31,-5.04,-2.2225
831,2554822,0.456036,-0.000244,-0.8820601,2.3625,-5.005,-2.1175
832,2554919,0.45872,-0.000244,-0.883524,2.3975,-5.11,-2.0825
833,2555017,0.458232,-0.001952,-0.8827921,2.31,-5.145,-2.205
834,2555114,0.459208,-0.001952,-0.880352,2.24,-5.18,-2.2225
835,2555211,0.458232,-0.000976,-0.884988,2.135,-5.1975,-2.17
836,2555309,0.455792,-0.000732,-0.8810841,2.0475,-5.18,-2.2225
837,2555406,0.456036,0.000976,-0.879864,2.065,-5.0925,-2.24
838,2555504,0.454084,0.00122,-0.881328,2.24,-5.145,-2.3625
839,2555601,0.454816,0.000732,-0.8820601,2.3625,-5.0925,-2.205
840,2555698,0.453596,-0.003416,-0.8827921,2.52,-5.04,-2.2225
841,2555796,0.457988,0.00122,-0.8827921,2.4675,-4.935,-2.3275
842,2555893,0.460184,-0.001708,-0.8845,2.4675,-4.9875,-2.31
843,2555991,0.457988,0.001464,-0.883768,2.3625,-4.8475,-2.275
844,2556088,0.457744,-0.000244,-0.8827921,2.205,-4.935,-2.31
845,2556185,0.458232,0.001464,-0.883524,2.065,-4.9525,-2.38
846,2556283,0.454816,-0.00122,-0.883524,2.1525,-4.9,-2.275
847,2556380,0.454328,0.000244,-0.881328,2.24,-4.9525,-2.275
848,2556478,0.456524,0.001952,-0.8827921,2.345,-4.8125,-2.31
849,2556575,0.457012,0.000488,-0.883036,2.4325,-4.8825,-2.2575
850,2556672,0.457988,-0.00122,-0.8847441,2.45,-4.83,-2.205
851,2556770,0.455548,-0.00122,-0.882548,2.485,-4.9,-2.205
852,2556867,0.458232,-0.002196,-0.878888,2.275,-4.9525,-2.2925
853,2556965,0.454084,0.0,-0.87962,2.3275,-4.9525,-2.3275
854,2557062,0.454572,0.000976,-0.882304,2.415,-5.005,-2.3625
855,2557159,0.457256,0.000244,-0.8801081,2.345,-4.935,-2.275
856,2557257,0.457988,0.000244,-0.8805961,2.345,-4.9,-2.2575
857,2557354,0.45384,-0.000488,-0.8805961,2.3975,-4.9525,-2.24
858,2557452,0.4553041,0.00122,-0.879376,2.45,-4.8825,-2.31
859,2557549,0.453108,-0.00122,-0.87962,2.3625,-4.9875,-2.31
860,2557646,0.454084,-0.00244,-0.884012,2.3625,-5.0575,-2.275
861,2557744,0.454328,0.000244,-0.8820601,2.31,-4.9525,-2.275
862,2557841,0.4553041,0.002928,-0.881816,2.4675,-4.9175,-2.24
863,2557939,0.45994,-0.003904,-0.8908441,2.8,-4.83,-2.2575
864,2558036,0.461648,-0.001464,-0.885964,2.6775,-4.76,-2.2225
865,2558133,0.460916,-0.000732,-0.883768,2.2225,-4.6725,-2.205
866,2558231,0.456768,-0.001708,-0.881572,2.2225,-4.7425,-2.2575
867,2558328,0.457012,-0.001952,-0.881572,2.275,-4.795,-2.2575
868,2558425,0.455548,0.000244,-0.8847441,2.275,-4.8125,-2.275
869,2558523,0.45506,-0.001952,-0.8842561,2.38,-4.795,-2.24
870,2558620,0.455792,0.003416,-0.882304,2.52,-4.7775,-2.205
871,2558718,0.454084,-0.001708,-0.8857201,2.695,-4.795,-2.205
872,2558815,0.459208,-0.003416,-0.8862081,2.66,-4.7075,-2.1875
873,2558912,0.459208,-0.00366,-0.8820601,2.3275,-4.4975,-2.275
874,2559010,0.4594521,-0.001952,-0.883524,2.2575,-4.6025,-2.275
875,2559107,0.458964,-0.002196,-0.881816,2.24,-4.725,-2.2225
876,2559205,0.457256,0.00366,-0.884012,2.2925,-4.76,-2.275
877,2559302,0.4553041,0.000976,-0.882548,2.2925,-4.8825,-2.24
878,2559399,0.45384,0.000488,-0.8810841,2.275,-4.935,-2.24
879,2559497,0.4553041,0.0,-0.883524,2.3975,-4.8475,-2.24
880,2559594,0.458964,-0.000244,-0.883768,2.3975,-4.76,-2.2575
881,2559692,0.459208,-0.00122,-0.882304,2.0825,-4.62,-2.1875
882,2559789,0.45994,-0.002684,-0.88328,2.065,-4.76,-2.2225
883,2559886,0.458476,-0.000244,-0.8808401,2.1175,-4.7775,-2.2575
884,2559984,0.456036,0.0,-0.881572,2.0825,-4.8825,-2.1875
885,2560081,0.454572,0.001708,-0.8805961,2.1875,-4.97,-2.1875
886,2560179,0.454572,0.0,-0.882304,2.1525,-4.9875,-2.1875
887,2560276,0.454572,0.000976,-0.8827921,2.345,-4.9525,-2.135
888,2560373,0.456524,0.000732,-0.883768,2.45,-4.9175,-2.1175
889,2560471,0.45994,-0.003416,-0.8845,2.5025,-4.9,-2.1875
890,2560568,0.46116,-0.001952,-0.8869401,2.2225,-4.865,-2.345
891,2560665,0.459208,0.000244,-0.883036,1.8025,-4.7775,-2.205
892,2560763,0.457744,-0.000732,-0.879864,1.6275,-4.795,-2.1525
893,2560860,0.457988,0.0,-0.879864,1.575,-4.585,-2.1175
894,2560958,0.452864,0.000976,-0.878156,1.785,-4.7775,-2.0825
895,2561055,0.453352,0.001464,-0.879376,1.9775,-4.8825,-2.1
896,2561152,0.452376,0.000976,-0.87962,2.1175,-4.8475,-2.17
897,2561250,0.457256,-0.000732,-0.879864,2.3625,-4.8825,-2.135
898,2561347,0.458964,-0.004148001,-0.8820601,2.52,-4.8475,-2.065
899,2561445,0.46116,-0.00122,-0.884988,2.59,-4.935,-2.1875
900,2561542,0.459696,-0.00244,-0.8857201,2.66,-4.97,-2.2925
901,2561639,0.457988,0.000732,-0.882304,2.4675,-4.97,-2.2575
902,2561737,0.4575,-0.000244,-0.881572,2.275,-4.8825,-2.2225
903,2561834,0.456768,0.001708,-0.881572,2.345,-4.9525,-2.24
904,2561932,0.45506,0.000244,-0.881816,2.3975,-4.97,-2.17
905,2562029,0.45262,-0.002684,-0.881572,2.5025,-4.9525,-2.17
906,2562126,0.45384,0.000488,-0.8810841,2.45,-4.9,-2.065
907,2562224,0.459696,-0.003172,-0.886452,2.485,-4.8475,-2.1875
908,2562321,0.45994,-0.000488,-0.881328,2.135,-4.725,-2.275
909,2562419,0.457256,0.001952,-0.882304,1.9425,-4.8475,-2.2225
910,2562516,0.456524,0.00244,-0.882548,2.065,-4.9,-2.2575
911,2562613,0.456036,0.000976,-0.8827921,2.065,-4.97,-2.1525
912,2562711,0.454816,-0.000732,-0.88328,2.17,-4.9525,-2.1
913,2562808,0.456768,-0.002196,-0.87962,2.2575,-4.935,-2.135
914,2562906,0.456768,0.001708,-0.882548,2.38,-4.9525,-2.17
915,2563003,0.454816,-0.001708,-0.883036,2.555,-5.04,-2.1525
916,2563100,0.45628,0.0,-0.881816,2.625,-5.0225,-2.1875
917,2563198,0.45994,-0.002196,-0.8847441,2.59,-5.0925,-2.205
918,2563295,0.458964,0.0,-0.882304,2.3275,-5.005,-2.24
919,2563392,0.458232,0.000732,-0.8852321,2.135,-5.005,-2.205
920,2563490,0.4575,0.002684,-0.882548,2.1875,-5.0925,-2.1525
921,2563587,0.456524,0.001464,-0.8808401,2.275,-5.0575,-2.1175
922,2563685,0.451888,0.001708,-0.8827921,2.345,-5.1275,-2.135
923,2563782,0.451888,-0.000732,-0.880352,2.345,-5.1275,-2.17
924,2563879,0.455548,-0.000244,-0.8842561,2.4325,-5.04,-2.065
925,2563977,0.45384,-0.00366,-0.8847441,2.52,-4.8125,-2.065
926,2564074,0.459696,-0.004392,-0.8866961,2.52,-4.8475,-2.135
927,2564172,0.460184,-0.002196,-0.8827921,2.415,-4.725,-2.1875
928,2564269,0.458964,0.001708,-0.883524,2.065,-4.725,-2.24
929,2564366,0.4575,0.001952,-0.8820601,2.1875,-4.8825,-2.17
930,2564464,0.457012,-0.000976,-0.883524,2.2225,-5.005,-2.2225
931,2564561,0.4575,0.00122,-0.882304,2.3275,-5.04,-2.1525
932,2564659,0.455792,0.001464,-0.881572,2.45,-5.11,-2.17
933,2564756,0.453596,-0.001464,-0.881816,2.485,-4.97,-2.1
934,2564853,0.453596,-0.000732,-0.88328,2.5375,-4.9875,-2.1875
935,2564951,0.455792,0.0,-0.883036,2.52,-4.8825,-2.1875
936,2565048,0.457256,-0.002928,-0.884988,2.5725,-4.8475,-2.17
937,2565146,0.461404,0.0,-0.885476,2.4325,-4.8125,-2.345
938,2565243,0.460916,0.00122,-0.881572,2.1175,-4.7775,-2.2925
939,2565340,0.457012,-0.001952,-0.8820601,2.03,-4.8475,-2.2925
940,2565438,0.457012,0.003172,-0.882304,2.17,-4.8475,-2.2225
941,2565535,0.456036,0.002196,-0.882548,2.1875,-4.9,-2.24
942,2565633,0.454816,-0.001708,-0.884988,2.31,-4.8825,-2.1
943,2565730,0.4553041,-0.00122,-0.884012,2.3975,-4.935,-2.1
944,2565828,0.454328,-0.00366,-0.883036,2.45,-4.9,-2.1
945,2565925,0.4553041,-0.00366,-0.88328,2.4325,-4.97,-2.1175
946,2566022,0.4575,-0.000244,-0.882304,2.345,-4.8125,-2.135
947,2566120,0.459208,-0.002684,-0.881572,2.38,-4.76,-2.31
948,2566217,0.458964,0.00122,-0.883768,2.1525,-4.9175,-2.345
949,2566315,0.461648,-0.000488,-0.8845,2.1,-5.005,-2.345
950,2566412,0.457012,0.001952,-0.883524,2.065,-5.005,-2.1875
951,2566509,0.457256,0.000244,-0.882548,2.135,-5.005,-2.17
952,2566607,0.45628,0.000488,-0.8847441,2.205,-4.935,-2.0825
953,2566704,0.454328,-0.003172,-0.883524,2.2575,-4.9525,-2.135
954,2566801,0.452864,-0.00122,-0.881816,2.3625,-4.83,-2.205
955,2566899,0.453596,-0.004636001,-0.882548,2.345,-4.8125,-2.1175
956,2566996,0.455548,-0.001952,-0.8805961,2.345,-4.7075,-2.1175
957,2567094,0.457744,0.002196,-0.8847441,2.5025,-4.795,-2.1525
958,2567191,0.458232,-0.000976,-0.883768,2.5025,-4.8125,-2.1875
959,2567289,0.458964,0.000976,-0.88328,2.345,-4.865,-2.31
960,2567386,0.45872,0.001464,-0.883036,2.275,-4.8125,-2.2925
961,2567483,0.457988,0.00244,-0.8827921,2.2925,-4.8475,-2.24
962,2567581,0.45628,0.003416,-0.880352,2.3275,-4.9875,-2.17
963,2567678,0.453352,-0.002928,-0.883036,2.415,-4.9875,-2.17
964,2567776,0.45506,-0.00244,-0.881572,2.38,-4.9175,-2.1525
965,2567873,0.4553041,-0.00244,-0.883036,2.3625,-4.795,-2.1525
966,2567970,0.457256,-0.00122,-0.8827921,2.5025,-4.795,-2.1875
967,2568068,0.458476,-0.004636001,-0.8852321,2.4325,-4.7425,-2.3275
968,2568165,0.4575,0.00122,-0.8827921,2.2575,-4.7775,-2.2925
969,2568263,0.460428,-0.001464,-0.8852321,2.3275,-4.935,-2.2225
970,2568360,0.45872,0.000488,-0.883036,2.2225,-4.9,-2.135
971,2568457,0.456768,-0.001708,-0.8827921,2.2225,-4.8825,-2.1
972,2568555,0.456524,0.000732,-0.882304,2.2925,-4.935,-2.1525
973,2568652,0.454084,-0.000488,-0.881572,2.31,-5.04,-2.1175
974,2568750,0.457012,0.0,-0.881328,2.3625,-4.9,-2.0825
975,2568847,0.454572,0.000244,-0.881328,2.4325,-4.9175,-2.1525
976,2568944,0.45872,-0.002928,-0.883036,2.415,-4.8825,-2.1175
977,2569042,0.456768,-0.003904,-0.883768,2.275,-4.8475,-2.135
978,2569139,0.458232,0.001464,-0.8842561,2.17,-4.9,-2.345
979,2569237,0.456768,0.0,-0.88328,2.205,-4.9,-2.31
980,2569334,0.4575,0.00122,-0.882304,2.1875,-4.9,-2.0825
981,2569431,0.45628,0.000244,-0.8847441,2.17,-4.97,-2.1525
982,2569529,0.457012,0.000244,-0.88328,2.2925,-4.9875,-2.1875
983,2569626,0.45506,0.001464,-0.8805961,2.38,-5.0575,-2.1875
984,2569724,0.454084,-0.000976,-0.883768,2.38,-4.9525,-2.1525
985,2569821,0.45384,-0.001952,-0.88328,2.4675,-5.0225,-2.1525
986,2569918,0.457744,-0.00122,-0.8842561,2.52,-4.9875,-2.24
987,2570016,0.457256,-0.000244,-0.881572,2.38,-4.8475,-2.2225
988,2570113,0.457744,-0.001708,-0.8810841,2.3625,-4.9,-2.2225
989,2570211,0.457256,-0.001952,-0.8801081,2.275,-4.935,-2.2575
990,2570308,0.456768,0.000488,-0.883036,2.2575,-4.9875,-2.275
991,2570405,0.45628,0.000244,-0.883524,2.3975,-4.97,-2.2225
992,2570503,0.45262,-0.000976,-0.8827921,2.38,-5.0925,-2.205
993,2570600,0.454572,-0.00366,-0.8842561,2.45,-5.04,-2.1875
994,2570697,0.456768,-0.001708,-0.881328,2.415,-4.9,-2.205
995,2570795,0.45872,-0.001464,-0.883768,2.45,-4.8825,-2.2925
996,2570892,0.458232,-0.000732,-0.8808401,2.24,-4.8825,-2.31
997,2570990,0.4594521,-0.000488,-0.88328,2.135,-4.935,-2.345
998,2571087,0.4575,-0.000732,-0.8847441,2.0825,-4.935,-2.31
999,2571184,0.457744,0.000488,-0.883036,2.0125,-4.9875,-2.2225
1000,2571282,0.454816,-0.000732,-0.881572,2.1,-4.9525,-2.24
1001,2571379,0.454816,-0.002196,-0.883036,2.1875,-4.9175,-2.275
1002,2571477,0.456768,0.001464,-0.883768,2.205,-5.04,-2.205
1003,2571574,0.455548,-0.002684,-0.88328,2.345,-5.04,-2.205
1004,2571671,0.454328,-0.000244,-0.884012,2.2225,-5.075,-2.3275
1005,2571769,0.45628,-0.003416,-0.883768,2.17,-4.9175,-2.31
1006,2571867,0.457256,-0.000976,-0.8827921,2.0475,-4.83,-2.2575
1007,2571964,0.455792,0.0,-0.881816,2.0475,-4.8825,-2.1875
1008,2572061,0.455548,-0.000732,-0.8810841,2.0475,-4.97,-2.205
1009,2572159,0.457012,0.00122,-0.881572,2.2575,-5.0225,-2.1875
1010,2572256,0.454084,0.001708,-0.8801081,2.485,-5.075,-2.2225
1011,2572353,0.452132,0.0,-0.883036,2.45,-5.145,-2.24
1012,2572451,0.4553041,0.000244,-0.882304,2.45,-5.0225,-2.1875
1013,2572548,0.4575,-0.004392,-0.8857201,2.415,-4.9875,-2.205
1014,2572646,0.459208,0.001464,-0.885964,2.275,-5.0225,-2.3975
1015,2572743,0.457744,-0.000488,-0.88328,2.1525,-4.9,-2.345
1016,2572840,0.45628,0.0,-0.881816,2.205,-4.8475,-2.345
1017,2572938,0.456768,0.000488,-0.883768,2.31,-4.865,-2.38
1018,2573035,0.455548,-0.00244,-0.884012,2.3275,-4.9,-2.3275
1019,2573133,0.454572,-0.000732,-0.8842561,2.3625,-4.97,-2.2225
1020,2573230,0.456524,-0.000244,-0.883036,2.485,-4.9525,-2.24
1021,2573327,0.457988,0.00122,-0.8847441,2.5025,-4.865,-2.24
1022,2573425,0.458232,-0.000976,-0.883768,2.4325,-4.9875,-2.17
1023,2573522,0.458964,0.001952,-0.8845,2.2925,-4.97,-2.2575
1024,2573620,0.457256,-0.002196,-0.884988,2.2575,-4.97,-2.275
1025,2573717,0.457256,0.00122,-0.883036,2.2925,-4.9525,-2.24
1026,2573814,0.457256,-0.001708,-0.884988,2.3625,-4.9175,-2.24
1027,2573912,0.45628,-0.000732,-0.883524,2.415,-4.8475,-2.1
1028,2574009,0.454816,-0.001952,-0.882304,2.4325,-4.9,-2.03
1029,2574106,0.4553041,-0.000976,-0.883768,2.45,-5.005,-2.0825
1030,2574204,0.45872,-0.00488,-0.8847441,2.485,-4.9,-2.17
1031,2574301,0.456768,-0.000244,-0.882548,2.415,-4.9,-2.17
1032,2574399,0.4575,-0.000976,-0.8852321,2.3625,-4.9875,-2.205
1033,2574496,0.457744,0.0,-0.883768,2.2925,-4.9525,-2.2575
1034,2574593,0.458476,0.00122,-0.8862081,2.1875,-4.97,-2.2225
1035,2574691,0.457256,-0.003904,-0.881572,2.24,-4.9875,-2.0825
1036,2574788,0.456036,-0.000732,-0.8801081,2.2575,-4.865,-2.0825
1037,2574886,0.452376,-0.002684,-0.882304,2.415,-4.935,-2.1
1038,2574983,0.454328,-0.001708,-0.883768,2.4675,-4.9175,-2.1
1039,2575080,0.455548,-0.001952,-0.882548,2.45,-4.9,-2.2225
1040,2575178,0.456524,-0.000732,-0.8827921,2.275,-4.9,-2.24
1041,2575275,0.459696,-0.004148001,-0.8845,2.03,-4.9,-2.24
1042,2575373,0.457256,0.00366,-0.88328,2.03,-4.83,-2.2225
1043,2575470,0.456524,0.00122,-0.88328,2.2225,-5.005,-2.2225
1044,2575567,0.457256,0.00122,-0.882548,2.2925,-5.0575,-2.2225
1045,2575665,0.45628,0.002196,-0.881816,2.31,-5.04,-2.24
1046,2575762,0.451888,-0.001952,-0.8805961,2.3975,-5.04,-2.1525
1047,2575860,0.451888,-0.00122,-0.8805961,2.555,-5.04,-2.0825
1048,2575957,0.452376,-0.002684,-0.882548,2.5025,-4.935,-2.17
1049,2576054,0.455792,-0.001464,-0.885476,2.4325,-4.9525,-2.2225
1050,2576152,0.4594521,-0.001952,-0.8820601,2.31,-4.865,-2.205
1051,2576249,0.456768,0.00122,-0.881572,2.1525,-4.8475,-2.2225
1052,2576347,0.45628,0.000244,-0.882304,2.31,-4.865,-2.205
1053,2576444,0.456036,0.000976,-0.883768,2.31,-4.8125,-2.2575
1054,2576541,0.454328,-0.002196,-0.8866961,2.3275,-4.9,-2.2575
1055,2576639,0.457256,-0.000976,-0.8842561,2.345,-4.9,-2.24
1056,2576736,0.455548,-0.001708,-0.8810841,2.3625,-4.83,-2.1525
1057,2576834,0.45384,-0.001708,-0.884012,2.3625,-4.9,-2.205
1058,2576931,0.454572,-0.004148001,-0.8842561,2.3625,-4.935,-2.275
1059,2577028,0.456036,-0.00366,-0.883524,2.415,-4.865,-2.2575
1060,2577126,0.457012,-0.001708,-0.884012,2.345,-4.8825,-2.24
1061,2577223,0.457012,-0.001464,-0.882304,2.3275,-4.865,-2.2225
1062,2577321,0.459208,-0.000732,-0.880352,2.2575,-4.865,-2.3275
1063,2577418,0.458476,0.002196,-0.883524,2.1175,-4.8825,-2.275
1064,2577516,0.454816,-0.000488,-0.88328,2.135,-4.935,-2.24
1065,2577613,0.457012,0.000488,-0.879864,2.3625,-4.935,-2.205
1066,2577710,0.456036,-0.000976,-0.884012,2.345,-4.9,-2.1525
1067,2577808,0.453108,-0.000488,-0.8805961,2.3625,-4.8825,-2.1525
1068,2577905,0.453352,-0.00366,-0.883768,2.345,-4.8825,-2.205
1069,2578002,0.454084,-0.001708,-0.883524,2.275,-4.8125,-2.1875
1070,2578100,0.457256,-0.001708,-0.882304,2.345,-4.76,-2.205
1071,2578197,0.458476,0.000488,-0.8847441,2.3275,-4.7775,-2.275
1072,2578295,0.460428,-0.001464,-0.8845,2.17,-4.7775,-2.2575
1073,2578392,0.4594521,0.000732,-0.881816,2.065,-4.795,-2.38
1074,2578489,0.455792,0.000976,-0.88328,2.0475,-4.8125,-2.1875
1075,2578587,0.456768,0.0,-0.8845,2.0475,-4.7425,-2.205
1076,2578684,0.454084,-0.000732,-0.881816,2.1875,-4.9,-2.1875
1077,2578782,0.454084,-0.000244,-0.8810841,2.275,-4.9,-2.205
1078,2578879,0.452376,-0.002196,-0.8820601,2.345,-4.935,-2.17
1079,2578976,0.456036,0.00122,-0.883036,2.3975,-4.8825,-2.1525
1080,2579074,0.456768,-0.003416,-0.87962,2.45,-4.865,-2.1175
1081,2579171,0.455792,-0.001464,-0.88328,2.4675,-4.97,-2.135
1082,2579269,0.459208,-0.00244,-0.88328,2.38,-4.9875,-2.24
1083,2579366,0.458232,-0.000488,-0.8852321,2.2225,-4.935,-2.2225
1084,2579463,0.45628,-0.000732,-0.883524,2.3275,-4.97,-2.1875
1085,2579561,0.455548,-0.000976,-0.883036,2.345,-4.9175,-2.2225
1086,2579658,0.452376,-0.000976,-0.8808401,2.345,-4.97,-2.24
1087,2579755,0.457256,0.000732,-0.8791321,2.4325,-4.9175,-2.31
1088,2579853,0.454084,-0.00122,-0.8808401,2.485,-4.935,-2.17
1089,2579950,0.452864,-0.002196,-0.881816,2.3625,-4.9875,-2.135
1090,2580048,0.455792,-0.002196,-0.88328,2.4325,-4.9175,-2.2225
1091,2580145,0.459208,-0.002684,-0.8842561,2.415,-4.865,-2.31
1092,2580242,0.458964,-0.002196,-0.8845,2.2225,-4.7075,-2.3625
1093,2580340,0.459696,0.000488,-0.882548,1.89,-4.69,-2.31
1094,2580437,0.458964,-0.000732,-0.883524,1.96,-4.7425,-2.17
1095,2580535,0.457744,0.000488,-0.884988,2.0825,-4.8825,-2.24
1096,2580632,0.45506,0.003172,-0.8808401,2.1525,-4.9,-2.1875
1097,2580729,0.454084,-0.002196,-0.882304,2.1175,-5.005,-2.0825
1098,2580827,0.453352,-0.002928,-0.8827921,2.17,-5.005,-2.205
1099,2580924,0.4553041,-0.001952,-0.883768,2.2225,-4.97,-2.24
1100,2581021,0.45262,-0.002684,-0.8827921,2.3625,-4.9525,-2.1875
1101,2581119,0.457256,0.0,-0.883036,2.3275,-4.9875,-2.24
1102,2581216,0.457012,0.000732,-0.8820601,2.275,-4.9875,-2.2225
1103,2581314,0.458476,0.000244,-0.883524,2.17,-4.9525,-2.275
1104,2581411,0.45628,0.000732,-0.883524,2.0125,-4.9175,-2.345
1105,2581508,0.457744,0.001952,-0.8847441,1.995,-4.97,-2.31
1106,2581606,0.455548,-0.000244,-0.883036,2.135,-4.97,-2.24
1107,2581703,0.456768,0.001464,-0.8820601,2.275,-4.9175,-2.17
1108,2581800,0.453108,-0.000976,-0.8805961,2.31,-4.9875,-2.1875
1109,2581898,0.452864,-0.002196,-0.882548,2.3975,-4.8825,-2.1875
1110,2581995,0.4514,-0.000488,-0.8827921,2.45,-5.005,-2.1875
1111,2582093,0.458476,-0.003172,-0.8845,2.2925,-4.9,-2.31
1112,2582190,0.456524,0.000488,-0.88328,2.1,-4.8475,-2.3275
1113,2582287,0.457988,0.000976,-0.883036,2.065,-4.83,-2.3275
1114,2582385,0.457744,0.000732,-0.884988,1.995,-4.9175,-2.2575
1115,2582482,0.45628,-0.002196,-0.8810841,2.065,-4.9175,-2.275
1116,2582579,0.45506,-0.002196,-0.8857201,2.135,-4.9,-2.2575
1117,2582677,0.453596,-0.000732,-0.882304,2.03,-4.865,-2.205
1118,2582774,0.454816,-0.000488,-0.8805961,2.135,-4.97,-2.24
1119,2582872,0.453596,0.003172,-0.882548,2.205,-5.11,-2.3275
1120,2582969,0.45628,-0.000488,-0.8827921,2.3275,-5.04,-2.2225
1121,2583066,0.457744,-0.00366,-0.8845,2.2925,-5.075,-2.1875
1122,2583164,0.457988,0.000244,-0.883768,2.205,-5.04,-2.3275
1123,2583261,0.456768,-0.000488,-0.8866961,2.1525,-5.0925,-2.275
1124,2583358,0.45628,-0.00488,-0.885964,2.1175,-5.0925,-2.205
1125,2583456,0.454816,-0.000732,-0.8820601,2.0475,-5.005,-2.275
1126,2583553,0.4553041,0.000732,-0.880352,2.2925,-4.9875,-2.2575
1127,2583650,0.454084,0.000732,-0.8805961,2.3625,-5.0225,-2.17
1128,2583748,0.4514,-0.002684,-0.8808401,2.3975,-5.0225,-2.205
1129,2583845,0.454816,-0.003172,-0.884012,2.5025,-4.97,-2.24
1130,2583943,0.456768,0.0,-0.883524,2.4675,-4.97,-2.24
1131,2584040,0.458232,-0.000244,-0.8845,2.3975,-4.9,-2.2225
1132,2584137,0.45994,0.000732,-0.882304,2.1525,-4.8125,-2.24
1133,2584235,0.456524,0.000732,-0.883768,2.1525,-4.8825,-2.205
1134,2584332,0.455792,0.000244,-0.884988,2.275,-4.9175,-2.1875
1135,2584429,0.458476,0.00122,-0.8842561,2.2575,-4.9875,-2.1875
1136,2584527,0.456768,0.000732,-0.883768,2.3275,-4.97,-2.24
1137,2584624,0.454816,0.000244,-0.881572,2.38,-4.9,-2.2575
1138,2584722,0.451156,-0.002684,-0.8810841,2.4325,-4.9875,-2.205
1139,2584819,0.4575,-0.00122,-0.8862081,2.45,-4.97,-2.205
1140,2584916,0.456768,-0.004392,-0.885476,2.3975,-4.8475,-2.2225
1141,2585014,0.460184,0.000732,-0.8842561,2.17,-4.935,-2.24
1142,2585111,0.457012,0.0,-0.881572,2.2225,-4.9,-2.345
1143,2585209,0.4575,0.000488,-0.8845,2.1525,-4.9525,-2.2925
1144,2585306,0.456036,0.001464,-0.884012,2.1175,-4.9525,-2.275
1145,2585403,0.4575,0.0,-0.8842561,2.24,-4.9525,-2.2225
1146,2585501,0.457256,0.000244,-0.8842561,2.24,-4.9525,-2.1
1147,2585598,0.45262,-0.000488,-0.8810841,2.3275,-4.9,-2.135
1148,2585695,0.453596,-0.000976,-0.88328,2.345,-4.9175,-2.1525
1149,2585793,0.4553041,-0.001952,-0.88328,2.38,-4.865,-2.1875
1150,2585890,0.45628,0.0,-0.883036,2.3275,-4.865,-2.2225
1151,2585988,0.4575,0.001952,-0.883036,2.38,-4.83,-2.2225
1152,2586085,0.456524,0.001952,-0.882304,2.3625,-4.9175,-2.31
1153,2586182,0.45628,0.00244,-0.8820601,2.3275,-4.9,-2.275
1154,2586280,0.453108,-0.000488,-0.880352,2.4325,-4.865,-2.2225
1155,2586377,0.454084,0.000244,-0.881572,2.45,-4.8825,-2.2225
1156,2586475,0.454816,-0.00122,-0.8820601,2.485,-4.8475,-2.2225
1157,2586572,0.456036,-0.001464,-0.883524,2.5725,-4.9175,-2.1525
1158,2586669,0.454572,-0.000244,-0.882548,2.625,-4.9875,-2.24
1159,2586767,0.458964,-0.001952,-0.8862081,2.6075,-5.005,-2.31
1160,2586864,0.457744,-0.000732,-0.883768,2.52,-4.9875,-2.2575
1161,2586962,0.45872,0.001464,-0.8847441,2.4325,-4.9,-2.2925
1162,2587059,0.454328,-0.000488,-0.881328,2.4325,-4.83,-2.3625
1163,2587156,0.457012,0.000488,-0.883036,2.45,-4.8825,-2.2925
1164,2587254,0.457256,-0.000732,-0.8827921,2.485,-4.9875,-2.275
1165,2587351,0.456524,0.000244,-0.8847441,2.31,-4.9,-2.2225
1166,2587448,0.452132,-0.001464,-0.882548,2.3275,-5.04,-2.1875
1167,2587546,0.454572,0.00122,-0.8808401,2.345,-4.9875,-2.2575
1168,2587643,0.457988,-0.000976,-0.883524,2.2925,-4.865,-2.205
1169,2587741,0.457988,-0.001952,-0.884012,2.3625,-4.9175,-2.31
1170,2587838,0.4575,-0.000976,-0.885964,2.3625,-4.9175,-2.31
1171,2587935,0.458964,-0.002684,-0.885476,2.2925,-5.005,-2.2575
1172,2588033,0.456768,-0.000976,-0.881328,2.135,-4.76,-2.3275
1173,2588130,0.455792,0.00122,-0.8820601,2.1525,-4.7775,-2.3275
1174,2588228,0.456036,-0.002684,-0.882548,2.275,-4.8475,-2.2575
1175,2588325,0.451888,0.000488,-0.8820601,2.24,-4.8825,-2.205
1176,2588422,0.452864,-0.00122,-0.881816,2.205,-4.97,-2.24
1177,2588520,0.45384,-0.000732,-0.883524,2.2575,-4.8475,-2.17
1178,2588617,0.4553041,0.000244,-0.880352,2.275,-4.76,-2.1875
1179,2588715,0.454816,-0.000976,-0.8805961,2.3975,-4.69,-2.1875
1180,2588812,0.457744,-0.00488,-0.8869401,2.4675,-4.76,-2.2575
1181,2588909,0.4575,0.002684,-0.883768,2.3975,-4.7775,-2.205
1182,2589007,0.456524,0.000732,-0.882304,2.2575,-4.7775,-2.17
1183,2589104,0.459208,0.000488,-0.880352,2.2225,-4.9525,-2.1875
1184,2589202,0.455792,0.000976,-0.8827921,2.38,-4.935,-2.24
1185,2589299,0.456036,-0.000244,-0.8847441,2.38,-4.8475,-2.1
1186,2589396,0.456036,-0.002928,-0.883524,2.38,-4.9,-2.1
1187,2589494,0.454816,-0.003172,-0.8842561,2.3975,-4.865,-2.17
1188,2589591,0.45628,-0.000976,-0.883036,2.4325,-4.9175,-2.2225
1189,2589689,0.454816,0.0,-0.8805961,2.4325,-4.935,-2.2225
1190,2589786,0.457988,-0.001708,-0.882548,2.3625,-4.97,-2.205
1191,2589883,0.45628,-0.000244,-0.882548,2.345,-5.005,-2.2225
1192,2589981,0.456768,0.001464,-0.881816,2.31,-4.9875,-2.205
1193,2590078,0.456524,-0.00122,-0.884012,2.3625,-4.97,-2.24
1194,2590176,0.455792,0.000244,-0.88328,2.38,-4.9,-2.24
1195,2590273,0.454328,0.0,-0.882548,2.4675,-5.0225,-2.1525
1196,2590370,0.454816,-0.000976,-0.883036,2.485,-5.0225,-2.1175
1197,2590468,0.45506,0.001952,-0.8805961,2.5025,-4.935,-2.205
1198,2590565,0.45384,-0.003904,-0.881816,2.5375,-4.97,-2.17
1199,2590663,0.454572,-0.00122,-0.885476,2.4675,-4.8475,-2.135
1200,2590760,0.4594521,-0.00244,-0.8842561,2.625,-4.725,-2.24
1201,2590857,0.458476,0.0,-0.882548,2.485,-4.69,-2.205
1202,2590955,0.460428,0.000244,-0.8808401,2.3625,-4.8125,-2.1875
1203,2591052,0.457256,-0.001952,-0.883524,2.3975,-4.8825,-2.135
1204,2591150,0.455792,0.000488,-0.881328,2.5025,-5.1975,-2.205
1205,2591247,0.45384,-0.000976,-0.883768,2.59,-5.25,-2.0825
1206,2591344,0.453352,0.000488,-0.88328,2.6775,-5.11,-1.995
1207,2591442,0.451888,0.001708,-0.884988,2.73,-5.005,-2.0475
1208,2591539,0.45506,-0.007564001,-0.885476,2.7825,-4.7425,-2.1175
1209,2591637,0.456524,-0.004636001,-0.8847441,2.6075,-4.6375,-2.0825
1210,2591734,0.457744,-0.009516001,-0.8866961,2.4325,-4.585,-2.135
1211,2591831,0.458964,-0.00366,-0.883524,2.24,-4.4975,-2.2575
1212,2591929,0.457256,-0.00122,-0.882304,2.135,-4.6025,-2.38
1213,2592026,0.456768,0.000488,-0.8820601,2.1,-4.69,-2.415
1214,2592124,0.455548,0.000976,-0.88328,2.03,-4.6025,-2.45
1215,2592221,0.4553041,0.00244,-0.883036,1.9775,-4.7425,-2.345
1216,2592318,0.458232,0.0,-0.8866961,2.1,-4.8125,-2.275
1217,2592416,0.457256,-0.000488,-0.8857201,2.0825,-4.76,-2.135
1218,2592513,0.456524,-0.002196,-0.88328,2.1,-4.655,-2.1525
1219,2592610,0.455548,0.000732,-0.882548,2.0825,-4.69,-2.1175
1220,2592708,0.456524,0.000976,-0.881572,2.0125,-4.725,-2.0125
1221,2592805,0.454816,-0.001464,-0.8842561,2.1175,-4.9,-2.065
1222,2592903,0.454816,0.0,-0.8801081,2.24,-4.9,-2.03
1223,2593000,0.456036,0.000732,-0.879864,2.24,-4.9525,-2.0825
1224,2593097,0.453596,-0.000976,-0.881572,2.45,-5.0925,-2.0475
1225,2593195,0.454328,-0.001464,-0.883768,2.6075,-5.145,-2.065
1226,2593292,0.457012,-0.000488,-0.881572,2.7125,-5.215,-2.065
1227,2593389,0.45628,-0.001708,-0.883524,2.6425,-5.3025,-2.0825
1228,2593487,0.459208,-0.003172,-0.8862081,2.6425,-5.355,-2.065
1229,2593584,0.46116,0.001952,-0.885476,2.625,-5.355,-2.065
1230,2593682,0.456036,-0.00244,-0.8857201,2.485,-5.3375,-2.0475
1231,2593779,0.458232,-0.001708,-0.884012,2.2575,-5.215,-2.0825
1232,2593876,0.45506,-0.003172,-0.883524,2.3275,-4.9875,-2.0825
1233,2593974,0.4575,-0.002928,-0.8852321,2.3625,-4.76,-2.17
1234,2594071,0.46116,-0.002196,-0.8866961,2.205,-4.6725,-2.2225
1235,2594169,0.460184,-0.002928,-0.886452,1.82,-4.48,-2.3275
1236,2594266,0.458964,0.000976,-0.879376,1.7675,-4.4975,-2.345
1237,2594363,0.45628,-0.000732,-0.8845,1.785,-4.585,-2.2925
1238,2594461,0.455548,0.00122,-0.8805961,1.785,-4.7075,-2.2575
1239,2594558,0.457012,0.000244,-0.878888,1.9075,-4.76,-2.24
1240,2594656,0.45506,-0.00122,-0.880352,2.1,-4.8825,-2.2575
1241,2594753,0.45262,-0.003172,-0.882548,2.3275,-4.97,-2.2575
1242,2594850,0.4553041,-0.001464,-0.882304,2.3275,-4.9875,-2.345
1243,2594948,0.456036,-0.001708,-0.8805961,2.3625,-5.0225,-2.3275
1244,2595045,0.456768,-0.000976,-0.883768,2.3975,-5.0925,-2.38
1245,2595143,0.458232,-0.002684,-0.8842561,2.3275,-5.11,-2.4325
1246,2595240,0.455792,-0.000244,-0.8820601,2.2925,-5.1275,-2.3625
1247,2595337,0.45506,0.000488,-0.881816,2.3975,-5.145,-2.345
1248,2595435,0.452864,-0.000976,-0.881816,2.4325,-5.215,-2.2925
1249,2595532,0.451644,-0.000976,-0.882548,2.3975,-5.145,-2.275
1250,2595630,0.452864,-0.002928,-0.882548,2.5025,-4.9525,-2.275
1251,2595727,0.453108,-0.004148001,-0.883036,2.555,-4.9525,-2.2575
1252,2595824,0.4553041,-0.00122,-0.883524,2.7125,-4.8475,-2.2225
1253,2595922,0.459696,-0.00244,-0.8852321,2.7125,-4.8825,-2.3975
1254,2596019,0.45994,-0.002684,-0.882548,2.59,-4.8125,-2.4675
1255,2596117,0.455548,0.000244,-0.881816,2.52,-4.795,-2.3625
1256,2596214,0.454572,-0.000244,-0.882548,2.5725,-4.9,-2.275
1257,2596311,0.454572,0.002196,-0.8820601,2.66,-4.97,-2.3275
1258,2596409,0.451644,-0.000488,-0.8820601,2.8525,-4.9875,-2.2225
1259,2596506,0.452132,-0.001708,-0.888648,3.1325,-4.9,-2.135
1260,2596604,0.458964,-0.004636001,-0.8862081,3.22,-4.69,-2.1175
1261,2596701,0.459208,-0.003416,-0.884988,2.905,-4.6025,-2.1525
1262,2596798,0.459208,-0.004392,-0.887916,2.4675,-4.69,-2.1175
1263,2596896,0.45994,-0.003172,-0.883768,2.17,-4.62,-2.2575
1264,2596993,0.457256,-0.00488,-0.8805961,2.0825,-4.725,-2.24
1265,2597090,0.454816,-0.00244,-0.8820601,2.0125,-4.9175,-2.24
1266,2597188,0.454816,-0.000976,-0.884988,2.0475,-4.9875,-2.275
1267,2597285,0.4553041,-0.003904,-0.884988,2.135,-4.83,-2.24
1268,2597383,0.45506,-0.000244,-0.883768,2.24,-4.795,-2.17
1269,2597480,0.45872,-0.002684,-0.88328,2.345,-4.83,-2.135
1270,2597578,0.459696,-0.004636001,-0.885476,2.3625,-4.795,-2.24
1271,2597675,0.45872,-0.001708,-0.883768,2.275,-4.8125,-2.24
1272,2597772,0.456524,-0.000488,-0.882304,2.2925,-4.9,-2.345
1273,2597870,0.454816,-0.002196,-0.8847441,2.3275,-4.8825,-2.24
1274,2597967,0.4553041,0.001708,-0.882304,2.3275,-4.83,-2.205
1275,2598065,0.454084,-0.001952,-0.884012,2.3975,-4.8825,-2.205
1276,2598162,0.45628,-0.000732,-0.8827921,2.38,-4.9,-2.135
1277,2598259,0.459696,-0.00366,-0.8862081,2.45,-4.9175,-2.17
1278,2598357,0.458476,-0.001708,-0.8827921,2.135,-4.83,-2.1525
1279,2598454,0.4575,0.000488,-0.8827921,2.0475,-4.9175,-2.17
1280,2598552,0.454572,-0.00122,-0.882304,2.1,-4.9525,-2.1875
1281,2598649,0.45262,-0.000244,-0.882304,2.1875,-5.11,-2.1875
1282,2598746,0.452132,0.00122,-0.8827921,2.2575,-4.9875,-2.1525
1283,2598844,0.454572,-0.001952,-0.883524,2.415,-5.04,-2.205
1284,2598941,0.453596,-0.002196,-0.883524,2.555,-5.0225,-2.2225
1285,2599039,0.458232,-0.002196,-0.880352,2.59,-5.005,-2.17
1286,2599136,0.456036,-0.004392,-0.8786441,2.5725,-5.0225,-2.1525
1287,2599233,0.454572,-0.00244,-0.882548,2.45,-5.11,-2.1
1288,2599331,0.457012,-0.003172,-0.883768,2.555,-5.0575,-2.205
1289,2599428,0.453108,-0.001952,-0.8808401,2.5025,-5.04,-2.2225
1290,2599525,0.453352,-0.00122,-0.8820601,2.52,-5.0225,-2.1525
1291,2599623,0.451644,0.0,-0.881816,2.555,-5.005,-2.1875
1292,2599720,0.450424,-0.000244,-0.882304,2.7475,-4.8125,-2.1
1293,2599818,0.454328,-0.001708,-0.883036,2.8525,-4.8475,-2.135
1294,2599915,0.454572,-0.005612,-0.8827921,2.9925,-4.9875,-2.0825
1295,2600012,0.457988,-0.007808001,-0.8866961,3.01,-5.0575,-2.17
1296,2600110,0.459696,-0.0061,-0.8862081,2.9925,-4.9525,-2.2575
1297,2600207,0.456524,-0.002684,-0.8862081,2.94,-4.865,-2.24
1298,2600305,0.460428,-0.00366,-0.883768,2.87,-4.865,-2.1875
1299,2600402,0.45872,-0.005368,-0.8827921,2.8875,-4.8125,-2.205
1300,2600499,0.457988,-0.002928,-0.883524,2.8175,-4.9,-2.17
1301,2600597,0.454084,-0.00366,-0.883036,2.905,-5.005,-2.205
1302,2600694,0.455792,-0.002196,-0.883036,2.87,-4.9175,-2.1875
1303,2600792,0.455792,-0.005368,-0.8862081,2.835,-4.865,-2.24
1304,2600889,0.458476,-0.007564001,-0.889136,2.6425,-4.7075,-2.205
1305,2600986,0.458476,-0.001464,-0.882548,2.0825,-4.515,-2.1875
1306,2601084,0.456524,-0.001952,-0.881328,1.925,-4.48,-2.1175
1307,2601181,0.455548,-0.002684,-0.8827921,1.995,-4.6375,-2.0825
1308,2601279,0.456768,-0.005368,-0.884012,2.17,-4.795,-2.1175
1309,2601376,0.455792,-0.003904,-0.881572,2.31,-4.9875,-2.0475
1310,2601473,0.453596,-0.0061,-0.882304,2.24,-5.0225,-2.1525
1311,2601571,0.452864,-0.00244,-0.883036,2.2925,-4.97,-2.17
1312,2601668,0.45628,-0.004392,-0.88328,2.345,-4.865,-2.1
1313,2601766,0.454328,-0.004636001,-0.884988,2.2575,-4.865,-2.24
1314,2601863,0.457744,-0.003416,-0.8842561,2.0825,-4.725,-2.3275
1315,2601960,0.460184,-0.002196,-0.8842561,1.8025,-4.8125,-2.2575
1316,2602058,0.461648,-0.004636001,-0.8827921,1.7325,-4.8125,-2.1525
1317,2602155,0.45872,-0.00244,-0.882304,1.68,-4.7775,-2.135
1318,2602253,0.457012,-0.001708,-0.8810841,1.54,-4.795,-2.135
1319,2602350,0.453596,-0.002928,-0.8820601,1.645,-4.935,-2.1875
1320,2602447,0.454572,-0.000488,-0.879864,1.645,-4.97,-2.135
1321,2602545,0.452132,-0.005368,-0.882304,1.855,-5.1275,-2.24
1322,2602642,0.45384,-0.004392,-0.884012,2.135,-5.04,-2.24
1323,2602740,0.453108,-0.004636001,-0.8857201,2.275,-4.9175,-2.2225
1324,2602837,0.455548,-0.002928,-0.885476,2.3625,-4.8125,-2.3275
1325,2602934,0.454816,-0.002196,-0.883768,2.3975,-4.865,-2.3275
1326,2603032,0.4575,-0.00244,-0.884988,2.3975,-4.795,-2.3275
1327,2603129,0.457012,-0.000732,-0.881572,2.555,-4.655,-2.3625
1328,2603227,0.456524,-0.002928,-0.8827921,2.555,-4.7425,-2.3625
1329,2603324,0.45628,-0.002928,-0.8805961,2.6075,-4.865,-2.3625
1330,2603421,0.456768,-0.00488,-0.880352,2.8,-4.9875,-2.3625
1331,2603519,0.45506,-0.00366,-0.88328,3.0275,-5.11,-2.3625
1332,2603616,0.455548,-0.002684,-0.882304,3.2025,-5.0925,-2.275
1333,2603714,0.451644,-0.003904,-0.885964,3.3775,-5.0225,-2.31
1334,2603811,0.454816,-0.008296001,-0.89182,3.36,-5.0925,-2.2575
1335,2603908,0.462868,-0.00244,-0.8906,2.8525,-4.865,-2.3275
1336,2604006,0.4636,-0.003172,-0.885964,2.2225,-4.7075,-2.31
1337,2604103,0.460184,-0.004148001,-0.885476,1.7675,-4.7075,-2.205
1338,2604201,0.4594521,-0.003172,-0.881328,1.645,-4.8125,-2.1875
1339,2604298,0.45506,-0.002684,-0.882304,1.75,-4.9175,-2.17
1340,2604396,0.452864,-0.005856,-0.882548,1.925,-5.0575,-2.17
1341,2604493,0.455548,-0.003172,-0.881572,1.9425,-5.145,-2.2925
1342,2604590,0.453108,-0.006832001,-0.883036,2.0825,-5.215,-2.31
1343,2604688,0.454572,-0.007320001,-0.883036,1.9775,-5.25,-2.3975
1344,2604785,0.457988,-0.005124001,-0.885476,1.8025,-5.32,-2.415
1345,2604882,0.45872,-0.006588,-0.8808401,1.785,-5.46,-2.4675
1346,2604980,0.457012,-0.00488,-0.8810841,1.6975,-5.5825,-2.5375
1347,2605077,0.455548,-0.001952,-0.87962,1.855,-5.88,-2.625
1348,2605175,0.456036,-0.000732,-0.8820601,2.17,-6.0375,-2.6425
1349,2605272,0.454572,-0.005368,-0.8810841,2.5725,-6.265,-2.6075
1350,2605369,0.454816,-0.003904,-0.887184,2.59,-6.3175,-2.765
1351,2605467,0.454328,-0.007320001,-0.8857201,2.5375,-6.3175,-2.905
1352,2605564,0.45384,-0.001464,-0.884012,2.1,-6.23,-2.9925
1353,2605662,0.456524,0.0,-0.885964,1.96,-6.16,-2.975
1354,2605759,0.458476,-0.003416,-0.884012,1.8375,-6.195,-3.0975
1355,2605856,0.458476,-0.00122,-0.8801081,1.5575,-6.23,-3.15
1356,2605954,0.456524,0.002684,-0.8820601,1.7675,-6.265,-3.0975
1357,2606051,0.44896,0.002684,-0.8842561,2.03,-6.3,-2.9575
1358,2606149,0.44286,-0.001952,-0.886452,2.1525,-6.0025,-2.87
1359,2606246,0.437492,-0.0061,-0.8908441,2.1175,-5.6,-2.8175
1360,2606343,0.44164,-0.004392,-0.8964561,1.9425,-5.11,-2.6425
1361,2606441,0.442372,-0.0061,-0.888648,1.6625,-4.8125,-2.87
1362,2606538,0.448228,-0.001952,-0.898652,1.5225,-4.4625,-2.9575
1363,2606636,0.457988,0.005856,-0.8949921,1.96,-4.235,-2.8175
1364,2606733,0.4575,0.003416,-0.8888921,1.925,-3.8325,-2.695
1365,2606830,0.447984,0.008540001,-0.891576,1.645,-3.1675,-2.31
1366,2606928,0.445056,0.002684,-0.8949921,1.68,-2.5725,-1.9425
1367,2607025,0.448472,0.007076001,-0.893284,1.61,-2.0125,-1.54
1368,2607123,0.460672,0.000244,-0.881572,1.8025,-1.5925,-1.05
1369,2607220,0.463112,-0.002684,-0.879376,1.925,-1.54,-0.665
1370,2607317,0.471896,-0.000976,-0.875228,2.1875,-1.96,-0.7525
1371,2607415,0.470188,-0.008296001,-0.876692,2.1525,-2.5725,-0.9625
1372,2607512,0.470188,-0.002684,-0.874252,1.7325,-3.2025,-1.33
1373,2607610,0.4697,0.003416,-0.87352,1.61,-3.7275,-1.47
1374,2607707,0.464576,0.002196,-0.8820601,1.8375,-4.1475,-1.33
1375,2607804,0.466772,0.006344,-0.87962,1.645,-4.725,-1.19
1376,2607902,0.463112,0.00244,-0.8784,1.4525,-5.18,-1.0325
1377,2607999,0.462624,-0.000732,-0.881816,1.4175,-5.4075,-0.9275
1378,2608097,0.461404,-0.001952,-0.87962,1.295,-5.635,-1.0325
1379,2608194,0.464332,-0.002928,-0.881816,1.19,-5.88,-1.155
1380,2608291,0.462624,-0.009028001,-0.881328,0.9975,-6.0725,-1.3825
1381,2608389,0.463356,-0.009516001,-0.879864,0.9975,-6.3,-1.715
1382,2608486,0.461404,-0.00976,-0.883036,1.295,-6.545,-2.065
1383,2608584,0.460184,-0.008052001,-0.8827921,1.575,-6.5275,-2.38
1384,2608681,0.454328,0.000732,-0.881816,1.8725,-6.5275,-2.6775
1385,2608778,0.4514,-0.000488,-0.8791321,2.2225,-6.5975,-2.73
1386,2608876,0.453596,0.000732,-0.8784,2.6075,-6.9825,-2.835
1387,2608973,0.450424,-0.004148001,-0.879376,3.22,-7.1925,-2.8525
1388,2609071,0.447984,0.00366,-0.882304,3.395,-7.175,-2.87
1389,2609168,0.452132,0.002684,-0.8820601,3.5,-7.0525,-2.765
1390,2609265,0.443836,-0.000244,-0.882304,3.6575,-7.035,-2.6075
1391,2609363,0.43188,0.005124001,-0.888404,3.395,-6.93,-2.555
1392,2609460,0.432612,0.005124001,-0.8857201,3.3425,-6.7375,-2.38
1393,2609558,0.432856,0.005612,-0.886452,3.2725,-6.3175,-2.2225
1394,2609655,0.440664,0.002684,-0.8820601,3.5875,-6.02,-2.0475
1395,2609752,0.441152,0.003172,-0.877912,4.13,-5.845,-1.96
1396,2609850,0.442128,0.005368,-0.881816,5.0225,-5.81,-1.68
1397,2609947,0.437248,0.005368,-0.883036,6.02,-6.16,-1.505
1398,2610045,0.43798,0.004636001,-0.8827921,6.86,-6.265,-1.33
1399,2610142,0.431148,-0.007564001,-0.8959681,8.05,-5.6175,-1.0325
1400,2610239,0.41846,0.004636001,-0.915732,8.4,-4.5325,-0.665
1401,2610337,0.426268,0.000244,-0.915732,8.0325,-2.1875,0.07
1402,2610434,0.421144,0.008296001,-0.9181721,6.65,0.7875,1.0325
1403,2610532,0.437004,0.001952,-0.911096,5.355,3.92,2.3625
1404,2610629,0.43554,0.000488,-0.915732,4.2,7.2625,3.2725
1405,2610726,0.47214,0.024156,-0.883036,2.2225,12.2325,4.4975
1406,2610824,0.425292,0.046116,-0.9437921,-0.0175,17.815,7.2975
1407,2610921,0.453108,0.033672,-0.951112,1.9425,26.95,11.2
1408,2611019,0.429196,0.029036,-0.9674601,1.96,38.815,14.8225
1409,2611116,0.403576,-0.038796,-1.064572,3.0625,54.3025,17.22
1410,2611213,0.365024,-0.08466801,-1.016504,11.1825,75.35501,14.245
1411,2611311,0.371612,-0.058316,-1.097024,11.0425,101.9375,7.6475
1412,2611408,0.340868,-0.054168,-1.12118,20.0375,131.2325,2.1
1413,2611506,0.355508,-0.025376,-1.124596,25.8475,164.3775,-3.3425
1414,2611603,0.347212,0.030012,-1.180472,35.1925,198.94,-5.705
1415,2611700,0.376004,0.05124001,-1.192428,47.18,233.1875,-4.55
1416,2611798,0.488732,0.22082,-1.21878,59.9375,262.535,1.75
1417,2611895,0.543632,0.21228,-1.195112,77.455,283.255,15.33
1418,2611993,0.7761641,0.173728,-1.152656,95.2,294.0525,33.6525
1419,2612090,1.206336,0.202276,-1.295884,93.065,296.1875,49.6825
1420,2612187,1.586732,-0.258152,-1.254404,94.02751,276.36,60.9175
1421,2612285,1.485716,0.009516001,-1.134112,56.8575,235.9875,53.1825
1422,2612382,1.243912,-0.160796,-1.154608,24.885,191.03,50.6975
1423,2612480,0.921832,-0.157624,-0.935496,-8.855,138.7225,39.48
1424,2612577,0.391132,0.006588,-0.563152,-45.4125,91.4725,30.6775
1425,2612674,0.253028,0.233996,-0.449692,-60.5675,69.87751,38.605
1426,2612772,1.448872,-0.05246,-1.880752,-56.63,57.47,63.21
1427,2612869,0.489708,-0.199104,-1.484496,-52.675,-11.6025,84.2275
1428,2612967,0.07808001,0.8723001,-1.275388,-92.365,-97.79,62.9125
1429,2613064,-0.35136,0.604388,-0.7015,-58.03,-128.7825,58.135
1430,2613161,-0.354776,0.582672,-0.6405,-46.62,-135.03,37.1875
1431,2613259,-0.26962,0.52338,-0.6344,-47.495,-135.4675,10.1675
1432,2613356,-0.225944,0.445788,-0.63196,-49.77,-142.3625,-13.2475
1433,2613454,-0.218868,0.38796,-0.592188,-52.4825,-149.3975,-33.0575
1434,2613551,-0.191296,0.273768,-0.552416,-53.48,-152.53,-46.8125
1435,2613648,-0.152744,0.139812,-0.538264,-55.9475,-151.1825,-55.79
1436,2613746,-0.02684,0.041236,-0.607072,-62.51,-146.265,-60.9875
1437,2613843,0.159332,-0.03538,-0.733952,-70.14,-142.2575,-62.6325
1438,2613941,0.340868,-0.06075601,-0.8637601,-75.5825,-143.5875,-62.3175
1439,2614038,0.473604,-0.08418,-0.935496,-75.6875,-150.7275,-60.9875
1440,2614135,0.558272,-0.140788,-0.9455,-71.5925,-160.44,-60.235
1441,2614233,0.6231761,-0.202032,-0.9191481,-67.8475,-169.12,-61.39
1442,2614330,0.663924,-0.244244,-0.884012,-64.96,-174.965,-62.965
1443,2614428,0.735172,-0.282064,-0.863516,-62.23,-176.5925,-64.19
1444,2614525,0.8003201,-0.303292,-0.798856,-57.785,-175.9975,-64.89
1445,2614622,0.837408,-0.34038,-0.72712,-50.5575,-172.4975,-64.82
1446,2614720,0.945744,-0.353068,-0.720044,-43.2075,-163.0125,-62.6325
1447,2614817,1.1041,-0.379664,-0.7617681,-34.44,-151.655,-56.84
1448,2614915,1.246352,-0.417484,-0.777384,-26.1275,-143.675,-47.11
1449,2615012,1.325652,-0.357216,-0.750788,-23.415,-138.845,-35.0525
1450,2615109,1.37128,-0.273768,-0.6527,-22.3825,-135.4675,-22.5575
1451,2615207,1.394948,-0.183732,-0.522404,-22.225,-130.6375,-13.37
1452,2615304,1.405684,-0.096868,-0.384544,-21.84,-121.7475,-8.7325
1453,2615401,1.380796,-0.071004,-0.233508,-18.2,-108.5875,-6.335
1454,2615499,1.397876,-0.075396,-0.175924,-14.4725,-90.35251,-4.9175
1455,2615596,1.484984,-0.104188,-0.207644,-12.6525,-70.77,-3.885
1456,2615694,1.50914,-0.09711201,-0.21228,-12.25,-57.435,-2.38
1457,2615791,1.466196,-0.09442801,-0.159576,-9.975,-48.5975,0.595
1458,2615889,1.451312,0.105164,-0.078812,-6.2825,-38.6225,3.6225
1459,2615986,1.26392,0.340624,0.1403,23.2925,-23.8875,7.8575
1460,2616083,1.038952,-0.179584,-0.735172,72.2925,-3.2025,19.495
1461,2616181,-0.112728,0.023424,-1.577948,62.5975,-15.715,5.32
1462,2616278,-1.05164,0.194712,-1.998116,47.6875,-16.835,-16.415
1463,2616376,-0.695156,-0.475312,-0.7612801,66.7275,18.095,-6.685
1464,2616473,1.342244,-0.846436,-1.0431,63.0175,83.16001,25.445
1465,2616570,1.795352,-0.496052,-1.845372,32.305,83.93001,35.7875
1466,2616668,0.9391561,0.208132,-1.401048,6.545,18.9875,23.205
1467,2616765,0.382592,0.306708,-0.9437921,13.265,-10.325,17.3425
1468,2616863,0.413336,-0.083936,-1.009916,16.0125,-4.48,9.87
1469,2616960,0.310368,-0.409188,-0.8430201,7.7175,-8.925,1.4175
1470,2617057,0.125416,-0.426024,-0.710528,-6.86,-9.0125,4.9
1471,2617155,0.016348,-0.216184,-0.697352,-20.23,0.28,15.225
1472,2617252,0.025864,0.057584,-0.693204,-29.3475,11.6375,20.825
1473,2617350,0.226188,0.26352,-0.758352,-34.3875,23.905,19.81
1474,2617447,0.452376,0.390156,-0.8935281,-33.8975,31.78,13.37
1475,2617544,0.571448,0.396744,-0.967216,-26.775,32.8825,5.495
1476,2617642,0.4697,0.24034,-0.9298841,-16.1175,27.3525,-0.735
1477,2617739,0.394792,0.03416,-0.8996281,-11.83,23.765,-5.46
1478,2617837,0.3538,-0.114924,-0.834968,-14.665,23.87,-7.1925
1479,2617934,0.281332,-0.105652,-0.7788481,-22.3825,27.65,-6.9825
1480,2618031,0.27206,0.27938,-0.79544,-32.0075,34.6325,-7.945
1481,2618129,0.5499761,0.57096,-1.016504,-16.9925,39.27,-5.1975
1482,2618226,0.480192,0.7517641,-0.853756,20.9475,32.06,-7.3325
1483,2618323,0.51362,0.10736,-0.9840521,47.2675,32.8125,-4.9875
1484,2618421,0.754936,-0.386984,-1.027484,60.6025,31.185,2.695
1485,2618518,0.574864,-0.139812,-0.9232961,35.3675,20.5975,0.8925
1486,2618616,0.4743361,0.233752,-0.897188,21.175,15.2075,-0.8925
1487,2618713,0.479704,0.140788,-0.892308,30.4675,16.345,2.52
1488,2618811,0.50874,-0.015616,-0.8908441,40.3025,15.9075,6.93
1489,2618908,0.41602,0.063196,-0.8296,44.3625,14.315,10.1325
1490,2619005,0.4392,0.144692,-0.881816,53.165,15.82,14.5425
1491,2619103,0.543876,-0.055632,-0.955992,64.54,14.9275,19.1625
1492,2619200,0.498736,-0.09516001,-0.92354,65.975,7.945,21.525
1493,2619297,0.561688,-0.21838,-0.9232961,58.485,3.22,21.7175
1494,2619395,0.50508,0.022936,-0.902068,37.45,-2.0825,17.9725
1495,2619492,0.499956,-0.052216,-0.947208,31.115,-5.635,16.3975
1496,2619590,0.504592,-0.143472,-0.8805961,28.665,-12.25,16.24
1497,2619687,0.460428,0.098088,-0.866688,16.4325,-15.5575,13.8075
1498,2619784,0.496052,-0.06222,-0.8949921,16.7475,-16.6775,12.495
1499,2619882,0.458476,-0.062464,-0.88816,17.71,-15.12,10.3075
1500,2619979,0.495808,-0.108824,-0.878156,12.7925,-11.585,7.5425
1501,2620077,0.491416,-0.07686,-0.8810841,9.87,-9.73,5.11
1502,2620174,0.470676,-0.104188,-0.87474,6.9125,-8.4525,2.835
1503,2620271,0.4743361,-0.08100801,-0.8847441,4.3925,-7.1575,0.7875
1504,2620369,0.460916,-0.067588,-0.875472,3.57,-6.615,-0.28
1505,2620466,0.437248,-0.046116,-0.882548,2.625,-5.9675,-0.9275
1506,2620564,0.45872,-0.04758,-0.879376,1.9775,-5.46,-1.6275
1507,2620661,0.486536,-0.042212,-0.878156,0.8925,-4.8825,-2.17
1508,2620758,0.485072,-0.039528,-0.88328,0.455,-5.6525,-2.625
1509,2620856,0.480924,-0.041236,-0.876204,-0.525,-6.09,-3.3075
1510,2620953,0.478728,-0.05856,-0.8784,-1.54,-6.475,-4.1825
1511,2621051,0.480436,-0.033916,-0.8820601,-2.2225,-6.65,-4.5675
1512,2621148,0.466284,-0.04392,-0.87962,-1.5575,-6.6325,-4.3225
1513,2621245,0.4636,-0.035136,-0.8862081,-1.0325,-6.685,-4.13
1514,2621343,0.466528,-0.036356,-0.883036,-0.4725,-6.125,-3.8325
1515,2621440,0.464088,-0.046848,-0.8845,-0.105,-5.6875,-3.7275
1516,2621538,0.461892,-0.036844,-0.8888921,-0.875,-5.0575,-3.9725
1517,2621635,0.467748,-0.039284,-0.8866961,-1.365,-4.655,-4.0775
1518,2621732,0.464332,-0.032696,-0.881572,-2.6075,-4.48,-4.3575
1519,2621830,0.4636,-0.033916,-0.87718,-4.0075,-4.69,-5.075
1520,2621927,0.460672,-0.05368,-0.876692,-5.7225,-4.9175,-5.9675
1521,2622025,0.451644,-0.035136,-0.882548,-5.495,-5.11,-6.3875
1522,2622122,0.469212,-0.00976,-0.87352,-2.03,-4.375,-5.285
1523,2622219,0.466528,-0.012688,-0.872788,1.225,-4.0075,-3.7625
1524,2622317,0.4636,0.004392,-0.8845,2.9575,-4.515,-2.59
1525,2622414,0.457988,-0.018056,-0.8791321,4.4275,-4.725,-1.4875
1526,2622512,0.462136,-0.022204,-0.87718,5.0225,-4.97,-0.7
1527,2622609,0.460916,-0.017812,-0.884012,5.915,-5.3375,-0.0525
1528,2622706,0.4594521,-0.026108,-0.8759601,6.405,-5.4075,0.28
1529,2622804,0.454572,-0.029768,-0.8808401,6.4225,-5.6,0.49
1530,2622901,0.4636,-0.025376,-0.8888921,6.7025,-5.5825,0.6125
1531,2622999,0.45506,-0.023668,-0.888404,7.4375,-5.88,1.1375
1532,2623096,0.452376,-0.018544,-0.887916,7.4025,-6.44,1.75
1533,2623193,0.45994,-0.021228,-0.8820601,7.1925,-6.58,2.345
1534,2623291,0.454572,-0.033672,-0.8723001,6.5975,-6.5275,2.66
1535,2623388,0.443104,-0.05124001,-0.8827921,5.67,-6.79,2.5725
1536,2623486,0.453352,-0.041724,-0.886452,5.11,-6.4575,2.1
1537,2623583,0.460184,-0.055144,-0.879864,4.5675,-6.1075,1.8375
1538,2623680,0.461648,-0.043188,-0.878156,4.2875,-6.195,1.47
1539,2623778,0.4553041,-0.043432,-0.872056,3.9375,-6.4225,1.015
1540,2623875,0.445788,-0.051972,-0.87108,3.6925,-6.6675,0.5425
1541,2623973,0.446764,-0.044408,-0.8662001,3.2725,-6.755,-0.2625
1542,2624070,0.444324,-0.069784,-0.877424,2.59,-6.965,-1.61
1543,2624167,0.439932,-0.057584,-0.8908441,1.47,-7.21,-3.185
1544,2624265,0.46116,-0.062464,-0.8786441,1.2775,-7.1575,-4.0425
1545,2624362,0.460916,-0.05734,-0.8866961,0.42,-7.4025,-5.1275
1546,2624460,0.467016,-0.032208,-0.8893801,0.4725,-7.4025,-5.3375
1547,2624557,0.467992,-0.03538,-0.879864,1.7325,-7.0875,-4.515
1548,2624654,0.457012,-0.034648,-0.8791321,1.89,-7.0,-3.8675
1549,2624752,0.457256,-0.039284,-0.881816,1.96,-6.9825,-3.4825
1550,2624849,0.446764,-0.039772,-0.881816,1.995,-6.8425,-3.605
1551,2624947,0.434564,-0.036356,-0.8862081,1.575,-6.7025,-3.9025
1552,2625044,0.44774,-0.038064,-0.88328,0.6825,-6.44,-4.41
1553,2625141,0.4594521,-0.038308,-0.8842561,-0.21,-6.3,-4.8475
1554,2625239,0.46238,-0.030988,-0.891088,-0.245,-6.5625,-4.8825
1555,2625336,0.465552,-0.040992,-0.885964,0.6825,-6.37,-4.2
1556,2625433,0.46116,-0.04758,-0.8801081,1.3475,-6.1075,-3.6575
1557,2625531,0.43676,-0.041968,-0.8857201,1.505,-6.23,-3.6925
1558,2625628,0.432856,-0.042944,-0.886452,1.0325,-6.3,-4.0425
1559,2625726,0.436516,-0.031232,-0.8869401,-0.21,-5.775,-4.655
1560,2625823,0.436028,-0.037088,-0.88328,-1.4875,-5.4425,-5.3375
1561,2625920,0.4575,-0.038552,-0.885476,-3.605,-5.25,-5.9325
1562,2626018,0.464576,-0.029036,-0.890112,-3.9725,-5.2675,-5.95
1563,2626115,0.467748,-0.018788,-0.891088,-2.1,-5.215,-4.8475
1564,2626213,0.471164,-0.007076001,-0.887916,-0.035,-5.25,-3.3425
1565,2626310,0.466284,-0.025132,-0.8810841,1.365,-5.635,-2.0825
1566,2626407,0.4514,-0.031964,-0.886452,2.065,-6.1075,-1.4
1567,2626505,0.449448,-0.035136,-0.8845,2.38,-6.195,-1.33
1568,2626602,0.441396,-0.041236,-0.898408,2.3275,-5.8625,-1.505
1569,2626700,0.437004,-0.030012,-0.897188,2.1,-5.5475,-1.715
1570,2626797,0.443836,-0.029036,-0.902556,1.6975,-4.515,-2.0475
1571,2626894,0.449692,-0.009272001,-0.892796,1.1025,-3.4475,-2.1175
1572,2626992,0.44774,-0.003172,-0.892308,0.77,-2.8875,-1.9425
1573,2627089,0.446032,-0.01342,-0.8908441,0.49,-2.5725,-1.3475
1574,2627186,0.450668,-0.02684,-0.88816,0.14,-2.065,-0.945
1575,2627284,0.448716,-0.021472,-0.886452,-0.105,-1.4875,-0.8575
1576,2627381,0.45018,-0.024156,-0.886452,0.0175,-0.8575,-0.7875
1577,2627479,0.44408,-0.034404,-0.8842561,0.245,-0.175,-0.63
1578,2627576,0.429684,-0.04636,-0.8954801,0.035,0.9275,-0.7875
1579,2627673,0.44164,-0.036844,-0.898164,-0.5425,3.0625,-1.365
1580,2627771,0.44652,-0.030256,-0.89792,-0.875,5.7225,-1.645
1581,2627868,0.453596,-0.029036,-0.891088,-0.805,8.4875,-1.3825
1582,2627966,0.46116,-0.027816,-0.8949921,-0.7175,11.34,-0.945
1583,2628063,0.474092,-0.020252,-0.8964561,-0.5775,14.56,-0.455
1584,2628160,0.44408,-0.024644,-0.9293961,0.3675,18.6025,0.385
1585,2628258,0.406748,-0.09028,-0.944768,2.975,23.975,1.19
1586,2628355,0.44164,-0.029036,-0.93696,2.3625,32.1475,0.0175
1587,2628453,0.447496,-0.077836,-0.9018241,1.8725,39.655,-1.8025
1588,2628550,0.452376,-0.061976,-0.9237841,1.6625,47.1625,-3.85
1589,2628647,0.451888,-0.06832001,-0.9186601,1.6975,55.265,-6.335
1590,2628745,0.462624,-0.045628,-0.9150001,1.6275,64.5925,-8.54
1591,2628842,0.469456,-0.027572,-0.9372041,2.205,74.9,-9.835
1592,2628939,0.466284,-0.008052001,-0.946232,3.71,86.4675,-10.185
1593,2629037,0.463844,0.002928,-0.951112,5.88,99.89,-10.1325
1594,2629134,0.464332,0.026596,-0.9813681,8.645,114.765,-9.415
1595,2629232,0.460672,0.015128,-0.994544,13.6325,131.3025,-8.33
1596,2629329,0.46238,0.040504,-1.026996,19.4775,150.4125,-7.2625
1597,2629426,0.456768,0.056852,-1.059204,27.1425,171.5875,-5.3025
1598,2629524,0.45994,0.106872,-1.075064,37.17,193.3575,-1.085
1599,2629621,0.48922,0.111752,-1.08458,48.23,215.8275,5.845
1600,2629719,0.508984,0.126392,-1.072868,61.4075,238.07,15.47
1601,2629816,0.552172,0.121268,-1.10288,73.29,262.325,25.83
1602,2629913,0.558028,0.116632,-1.13216,85.2075,288.645,35.91
1603,2630011,0.988932,0.144448,-1.449116,96.72251,316.61,45.605
1604,2630108,1.074088,0.040992,-1.20658,118.4575,334.3025,55.825
1605,2630205,1.47864,-0.328912,-1.35908,137.865,346.815,60.8125
1606,2630303,1.8056,-0.284992,-1.25538,129.045,334.075,52.395
1607,2630400,1.877092,-0.334036,-1.61894,114.8525,293.8425,45.4825
1608,2630497,1.685552,-0.213256,-1.592344,112.2975,234.29,39.725
1609,2630595,1.070184,-0.16348,-1.3542,85.2075,174.8425,22.645
1610,2630692,0.101504,0.093696,-0.920368,26.005,117.3725,-1.3125
1611,2630790,-0.27938,0.6124401,-0.521916,-1.995,72.4325,-0.5075
1612,2630887,2.066192,-0.55144,-2.90726,24.43,63.7875,25.165
1613,2630984,0.28182,0.53924,-1.748016,6.825,-58.8875,17.3775
1614,2631082,-0.193492,1.077748,-1.431304,-30.975,-132.1425,-4.3925
1615,2631179,-0.493856,0.80154,-0.8596121,24.8675,-168.5775,-4.83
1616,2631277,-0.457744,0.584136,-0.722972,38.6925,-168.3675,-19.8275
1617,2631374,-0.388936,0.31476,-0.667828,32.5675,-173.6875,-37.03
1618,2631471,-0.36478,0.278404,-0.621224,5.5475,-182.6475,-53.8825
1619,2631569,-0.410408,0.28182,-0.508252,-17.43,-191.1525,-63.0875
1620,2631666,-0.452376,0.23424,-0.393328,-29.89,-192.7275,-63.4025
1621,2631763,-0.442372,0.151524,-0.3355,-38.2375,-185.0275,-58.31
1622,2631861,-0.334524,0.06222,-0.395524,-48.8425,-171.6575,-51.765
1623,2631958,-0.048556,0.036356,-0.621712,-62.1775,-159.005,-45.78
1624,2632056,0.325984,-0.04148,-0.8996281,-71.96,-158.1475,-41.02
1625,2632153,0.605608,-0.13664,-1.047004,-79.625,-174.02,-37.8525
1626,2632250,0.657824,-0.211792,-0.996008,-85.97751,-200.62,-35.805
1627,2632348,0.651968,-0.24278,-0.883524,-92.3125,-220.36,-34.93
1628,2632445,0.714676,-0.2806,-0.8296,-94.4825,-226.275,-33.5125
1629,2632543,0.888648,-0.347212,-0.873032,-92.3125,-223.0375,-29.4175
1630,2632640,1.075064,-0.39162,-0.9803921,-87.4475,-219.0475,-23.6075
1631,2632737,1.239764,-0.387228,-1.044076,-80.15,-219.9225,-18.585
1632,2632835,1.352004,-0.281088,-1.042368,-71.4875,-223.58,-15.575
1633,2632932,1.386408,-0.1952,-0.926712,-57.68,-226.1175,-16.2225
1634,2633029,1.449116,-0.104188,-0.8359441,-43.5925,-222.81,-23.1875
1635,2633127,1.612352,-0.08857201,-0.83692,-31.4475,-212.765,-33.1275
1636,2633224,1.737768,-0.11712,-0.825452,-22.295,-205.38,-44.1
1637,2633322,1.803892,-0.07686,-0.820816,-16.695,-201.4775,-53.655
1638,2633419,1.885144,-0.112728,-0.8337481,-7.35,-198.0475,-57.1375
1639,2633516,1.905884,-0.304756,-0.74664,2.66,-197.12,-55.1075
1640,2633614,1.774856,-0.454816,-0.5363121,2.5375,-197.47,-49.8575
1641,2633711,1.687992,-0.485072,-0.356728,-7.805,-188.0725,-39.2
1642,2633809,1.61528,-0.495076,-0.213012,-15.3825,-170.5375,-21.1225
1643,2633906,1.59942,-0.469212,-0.125416,-20.9125,-147.07,1.8725
1644,2634004,1.670668,-0.429196,0.02196,-27.3175,-122.5525,24.78
1645,2634101,1.7873,0.005612,0.160796,-27.3,-92.3825,39.0075
1646,2634198,1.713856,-0.297192,0.347212,-4.83,-56.4025,52.1325
1647,2634296,2.101328,-0.226188,0.172996,-1.61,-30.6425,49.455
1648,2634393,2.03984,-0.051972,0.0732,8.3125,-14.4025,44.1525
1649,2634490,0.9823441,0.197884,0.487756,40.18,2.9925,36.085
1650,2634588,0.403088,-0.420656,-1.369816,58.45,30.24,14.77
1651,2634685,-0.643184,-0.6885681,-1.922476,51.66,25.13,-0.98
1652,2634783,-0.152012,-0.402844,-0.988444,8.855,36.96,-6.58
1653,2634880,0.774456,-0.6158561,-0.7944641,11.9,63.8575,22.9775
1654,2634977,1.112396,-0.411872,-1.521096,-3.15,72.765,37.1875
1655,2635075,0.793,0.132248,-1.331508,-28.0525,39.76,28.1575
1656,2635172,0.422608,0.434564,-0.936716,-32.725,18.41,17.1675
1657,2635270,0.368196,0.285236,-0.9562361,-29.295,22.225,2.4325
1658,2635367,0.295728,0.050996,-0.9103641,-30.0125,22.0675,-14.175
1659,2635464,0.212036,-0.14396,-0.7986121,-33.9325,22.2075,-19.6
1660,2635562,0.147376,-0.08857201,-0.7422481,-37.8875,27.405,-13.545
1661,2635659,0.07490801,0.154696,-0.711504,-42.84,34.825,-7.7875
1662,2635756,0.147864,0.322324,-0.74786,-42.035,45.115,-6.5975
1663,2635854,0.365756,0.4023561,-0.873764,-39.4625,55.1775,-10.675
1664,2635951,0.557296,0.458964,-0.9630681,-32.7425,57.785,-15.4
1665,2636049,0.506544,0.394548,-0.9335441,-18.165,53.0425,-17.36
1666,2636146,0.403332,0.222284,-0.8698601,-4.4275,49.42,-18.9525
1667,2636243,0.391864,-0.049044,-0.853024,2.8875,51.1175,-18.76
1668,2636341,0.509716,0.293288,-1.078968,3.185,55.055,-13.755
1669,2636438,0.78812,0.188368,-0.987712,31.78,53.4275,2.6775
1670,2636536,0.617564,0.486292,-0.9242721,54.39,38.36,7.84
1671,2636633,0.477508,0.045384,-0.869372,74.8475,37.7125,13.1775
1672,2636730,0.641232,-0.158356,-0.9247601,84.28,38.43,18.97
1673,2636828,0.46604,0.07222401,-0.8322841,83.59751,34.72,23.1175
1674,2636925,0.419192,0.192028,-0.873764,89.7575,35.455,26.2675
1675,2637022,0.488732,0.003904,-0.904752,102.83,34.8075,31.1675
1676,2637120,0.41724,-0.021472,-0.9140241,104.3175,26.67,33.7575
1677,2637217,0.6375721,-0.34526,-1.125084,97.72,20.4225,33.32
1678,2637315,0.678076,-0.762012,-1.005768,67.8825,4.2175,25.445
1679,2637412,0.4213881,-0.027572,-0.883524,16.52,-12.4075,12.9325
1680,2637509,0.517768,0.083204,-0.8610761,8.715,-10.4475,10.3425
1681,2637607,0.514108,-0.013908,-0.8893801,12.46,-15.155,11.6025
1682,2637704,0.515328,-0.142252,-0.8574161,10.955,-11.9875,8.6975
1683,2637802,0.468968,-0.183488,-0.889624,5.8275,-12.2675,3.9025
1684,2637899,0.501176,-0.129808,-0.881328,0.8225,-9.415,-0.8400001
1685,2637996,0.53314,-0.07076001,-0.8713241,-3.6575,-8.015,-4.4975
1686,2638094,0.500444,-0.095648,-0.89182,-6.265,-7.8575,-7.665
1687,2638191,0.471164,-0.05929201,-0.8827921,-8.575,-7.1575,-10.0275
1688,2638288,0.484584,-0.026352,-0.8893801,-11.13,-5.7225,-11.375
1689,2638386,0.466772,-0.035868,-0.901336,-14.63,-5.775,-12.845
1690,2638483,0.477996,-0.050508,-0.898408,-19.4775,-6.755,-14.6825
1691,2638581,0.491416,-0.048556,-0.892796,-22.75,-7.035,-15.6275
1692,2638678,0.526308,-0.0122,-0.891088,-23.38,-6.23,-15.3475
1693,2638775,0.523624,-0.01342,-0.883524,-21.5075,-6.02,-13.9475
1694,2638873,0.515572,-0.00488,-0.876204,-19.1275,-6.1425,-12.285
1695,2638970,0.509716,0.016836,-0.863516,-16.5725,-5.775,-10.8675
1696,2639068,0.504348,0.017568,-0.858636,-13.825,-5.3025,-9.625
1697,2639165,0.4984921,0.009028001,-0.8625401,-12.075,-5.0225,-8.785
1698,2639262,0.485072,0.007564001,-0.8601,-10.4825,-4.8125,-8.05
1699,2639360,0.477264,0.021716,-0.8596121,-7.98,-4.585,-6.65
1700,2639457,0.483364,0.016348,-0.858392,-5.355,-4.305,-5.215
1701,2639554,0.4758,0.023668,-0.879376,-3.92,-4.2875,-4.445
1702,2639652,0.482876,-0.019032,-0.881328,-2.8175,-4.445,-4.34
1703,2639749,0.492636,-0.032452,-0.877424,-3.64,-4.7425,-5.0575
1704,2639846,0.447984,-0.035136,-0.881816,-5.4075,-5.0225,-6.6325
1705,2639944,0.402844,-0.006344,-0.8713241,-6.1075,-5.3725,-8.0325
1706,2640041,0.491416,-0.01586,-0.89426,-6.23,-3.99,-8.4
1707,2640139,0.478972,0.013908,-0.868884,-8.3125,-5.3725,-8.96
1708,2640236,0.482388,0.022936,-0.87962,-9.485,-6.7375,-9.2575
1709,2640333,0.487756,0.00122,-0.8784,-9.415,-6.965,-9.0125
1710,2640431,0.478972,0.009272001,-0.876204,-11.0075,-7.8225,-9.4675
1711,2640528,0.471164,0.010004,-0.87352,-11.3225,-8.1375,-9.73
1712,2640626,0.467016,0.004148001,-0.877912,-11.1125,-8.085,-9.8
1713,2640723,0.469212,0.02928,-0.879376,-11.2175,-8.155,-9.905
1714,2640821,0.482144,0.025376,-0.87474,-10.395,-8.0325,-9.52
1715,2640918,0.479948,0.039772,-0.864492,-9.1875,-8.2075,-8.645
1716,2641015,0.454572,0.092232,-0.851804,-5.67,-7.84,-6.16
1717,2641112,0.449936,0.050508,-0.85522,2.03,-6.545,-2.415
1718,2641210,0.465308,0.115656,-0.835212,6.3525,-5.8625,0.7875
1719,2641307,0.45018,0.11468,-0.8256961,10.71,-4.445,2.7825
1720,2641405,0.39284,0.08857201,-0.819108,17.2725,-2.5725,4.27
1721,2641502,0.392108,0.07686,-0.849608,24.22,-0.1925,5.32
1722,2641599,0.42212,0.024156,-0.856684,29.715,1.4525,6.3525
1723,2641697,0.443348,-0.017324,-0.887184,31.36,1.05,6.79
1724,2641794,0.488,-0.049288,-0.914268,28.2275,-0.07,6.0025
1725,2641892,0.47946,-0.017324,-0.8847441,21.63,-2.275,4.1125
1726,2641989,0.5077641,-0.104188,-0.8959681,17.1325,-3.325,2.5375
1727,2642086,0.485316,-0.019276,-0.8827921,9.1175,-4.2525,0.2275
1728,2642184,0.471164,-0.037088,-0.8801081,5.9675,-4.69,-1.4525
1729,2642281,0.479704,-0.026352,-0.888404,3.8675,-5.25,-2.6775
1730,2642379,0.483852,-0.013176,-0.881328,1.505,-5.2675,-3.5875
1731,2642476,0.4636,0.005612,-0.873764,0.315,-5.5475,-3.8675
1732,2642573,0.463844,0.004148001,-0.883036,0.35,-5.46,-3.675
1733,2642671,0.4697,0.006832001,-0.8740081,0.8575,-5.11,-2.9925
1734,2642768,0.47946,0.02074,-0.865468,2.7125,-5.0225,-1.54
1735,2642865,0.47702,0.019032,-0.8703481,6.3,-5.0225,0.3675
1736,2642963,0.490196,0.026352,-0.868396,9.2925,-5.1275,2.45
1737,2643060,0.471408,0.027572,-0.863516,10.6225,-6.1775,3.92
1738,2643158,0.475556,0.019032,-0.866932,11.3225,-6.895,4.795
1739,2643255,0.47458,-0.008540001,-0.876204,11.445,-6.9125,4.865
1740,2643352,0.46238,-0.033184,-0.887672,10.6925,-7.1575,4.34
1741,2643450,0.472872,-0.028792,-0.881816,9.5025,-7.0875,3.4825
1742,2643547,0.4758,-0.046848,-0.8874281,8.6975,-7.2275,3.08
1743,2643644,0.478484,-0.02806,-0.876692,8.26,-7.525,2.94
1744,2643742,0.499224,0.002684,-0.8637601,7.875,-7.5425,2.905
1745,2643839,0.479948,-0.042212,-0.863516,8.0675,-7.3325,2.5025
1746,2643937,0.462868,-0.027328,-0.887672,6.5625,-6.8775,1.2425
1747,2644034,0.451888,-0.02806,-0.881328,6.16,-6.37,0.3325
1748,2644131,0.449936,-0.020984,-0.8903561,5.005,-5.88,-0.455
1749,2644229,0.475068,-0.02684,-0.8906,4.025,-5.145,-0.77
1750,2644326,0.485072,-0.005368,-0.8786441,3.5175,-5.1625,-0.455
1751,2644423,0.47702,-0.009028001,-0.8703481,4.515,-5.8275,0.6125
1752,2644521,0.475556,-0.015372,-0.866932,5.74,-6.9475,1.785
1753,2644618,0.478972,0.015372,-0.856684,6.195,-8.225,2.9225
1754,2644716,0.4697,-0.038796,-0.861808,6.755,-8.225,3.255
1755,2644813,0.453352,-0.014396,-0.892064,5.88,-7.1925,2.3625
1756,2644910,0.44408,0.032452,-0.9006041,4.6375,-5.46,1.61
1757,2645008,0.449936,0.006832001,-0.893284,5.0225,-3.8325,2.3625
1758,2645105,0.456524,-0.029768,-0.8842561,5.3375,-2.555,3.43
1759,2645203,0.473848,-0.038308,-0.887184,4.935,-1.4,3.3425
1760,2645300,0.471164,-0.022692,-0.8967,4.025,-0.035,2.695
1761,2645397,0.476288,-0.031964,-0.889136,3.6225,1.435,2.5725
1762,2645495,0.486536,-0.04514,-0.872056,3.5525,2.7475,2.94
1763,2645592,0.480192,-0.059536,-0.869616,3.0975,3.29,2.6075
1764,2645690,0.473848,-0.05002,-0.872056,2.345,3.6225,1.4875
1765,2645787,0.478484,-0.033916,-0.86864,2.17,3.71,0.7175
1766,2645884,0.479948,-0.01464,-0.870592,2.905,3.465,0.8225
1767,2645982,0.486292,0.01098,-0.870592,4.165,3.3075,1.6275
1768,2646079,0.486536,0.030256,-0.874252,6.0375,3.71,3.675
1769,2646177,0.5119121,0.061732,-0.8610761,8.2075,4.3225,6.7375
1770,2646274,0.472872,0.06124401,-0.8852321,9.555,5.705,11.06
1771,2646371,0.456524,0.005612,-0.900848,10.8325,8.8375,15.295
1772,2646469,0.440664,-0.06344,-0.9337881,10.9025,14.3675,17.0625
1773,2646566,0.384788,-0.178852,-0.951112,11.9525,22.3475,15.7325
1774,2646664,0.383324,-0.18178,-0.954284,9.3275,33.95,10.535
1775,2646761,0.4023561,-0.164212,-0.96868,6.0375,48.8425,2.5375
1776,2646858,0.405772,-0.144204,-0.9623361,6.615,64.8375,-4.725
1777,2646956,0.4148,-0.100772,-0.961116,6.3175,82.1625,-11.06
1778,2647053,0.44774,-0.075884,-0.952332,7.07,98.84001,-15.26
1779,2647150,0.467504,-0.08296,-0.9391561,9.135,114.8175,-18.13
1780,2647248,0.478728,-0.06124401,-0.947208,10.6575,131.1275,-20.405
1781,2647345,0.483852,-0.045384,-0.967704,13.65,147.8225,-21.945
1782,2647443,0.4697,-0.022692,-1.008452,19.3725,165.41,-22.4525
1783,2647540,0.45628,0.033916,-1.0492,25.6725,185.3775,-21.1925
1784,2647637,0.451156,0.083448,-1.081408,33.39,208.04,-16.9575
1785,2647735,0.443104,0.14274,-1.108492,42.77,232.715,-8.715
1786,2647832,0.460672,0.193248,-1.135088,54.3725,261.205,2.87
1787,2647929,0.473116,0.202032,-1.131428,70.28,292.425,16.905
1788,2648027,0.527284,0.244976,-1.199748,85.295,327.1975,30.7125
1789,2648124,0.744444,0.205692,-1.258796,103.6525,361.6025,44.485
1790,2648222,1.01748,-0.0976,-1.128012,127.82,387.625,54.145
1791,2648319,1.275144,-0.39284,-0.8991401,138.95,398.93,50.12
1792,2648416,1.735572,-0.6314721,-1.035292,128.7475,402.115,34.86
1793,2648514,2.129876,-0.421876,-1.181448,108.465,379.3825,17.6225
1794,2648611,2.246752,-0.360144,-1.542568,87.2725,325.36,8.4175
1795,2648708,1.787544,-0.126148,-1.491572,88.97,251.7375,5.95
1796,2648806,1.003572,-0.195688,-1.239032,93.52,186.62,5.6875
1797,2648903,0.452132,-0.02928,-0.769332,58.6075,127.1025,-8.5225
1798,2649001,1.05408,0.155916,-1.473272,34.4225,49.7875,-11.8475
1799,2649098,0.8913321,-0.825208,-2.35216,4.83,-16.205,1.33
1800,2649195,-0.395524,0.6326921,-1.243424,-89.5125,-146.3175,-27.9825
1801,2649293,-0.3111,1.006256,-1.01138,-88.6025,-153.195,-42.035
1802,2649390,-0.109556,0.72346,-0.9784401,-3.29,-150.6925,-37.59
1803,2649487,0.079544,0.152988,-0.99796,53.9,-158.76,-26.18
1804,2649585,0.0488,-0.10858,-0.913292,53.655,-188.1775,-21.14
1805,2649682,-0.040748,-0.121756,-0.798856,21.315,-218.575,-18.9175
1806,2649780,-0.129808,-0.041724,-0.63928,-11.445,-241.6225,-14.6475
1807,2649877,-0.194712,0.0366,-0.459696,-33.7575,-254.1875,-7.7525
1808,2649974,-0.255712,0.046116,-0.288896,-45.745,-255.6575,0.14
1809,2650072,-0.265228,0.012932,-0.20496,-56.2275,-246.435,5.53
1810,2650169,-0.15738,-0.027816,-0.260836,-69.335,-229.25,7.2975
1811,2650266,0.072468,-0.09784401,-0.439444,-82.25,-211.575,7.6125
1812,2650364,0.407724,-0.14762,-0.674172,-96.28501,-203.0175,7.14
1813,2650461,0.647576,-0.18666,-0.8235001,-107.135,-209.4225,6.265
1814,2650559,0.7937321,-0.19886,-0.8532681,-113.855,-223.72,6.3175
1815,2650656,0.8810841,-0.226676,-0.7707961,-116.8125,-236.32,5.6
1816,2650753,0.9120721,-0.183,-0.690032,-117.5125,-241.5175,3.3075
1817,2650851,1.027728,-0.04392,-0.70394,-113.19,-235.585,2.03
1818,2650948,1.176568,0.08906,-0.7666481,-95.2525,-225.5575,1.2775
1819,2651045,1.351516,0.139324,-0.82594,-68.72251,-217.77,-2.6075
1820,2651143,1.494256,0.132004,-0.860344,-46.34,-215.775,-13.0375
1821,2651240,1.561112,0.214232,-0.8235001,-35.5775,-218.75,-31.4475
1822,2651338,1.526952,0.229116,-0.635864,-25.5325,-221.7775,-53.48
1823,2651435,1.531832,0.030256,-0.412604,-14.0175,-215.0925,-74.7775
1824,2651532,1.729472,-0.208376,-0.36966,-12.74,-193.97,-87.7625
1825,2651630,2.006656,-0.476532,-0.415044,-21.665,-172.2175,-87.3075
1826,2651727,2.144516,-0.515572,-0.343308,-40.6875,-161.8925,-78.62751
1827,2651825,2.133536,-0.397964,-0.212768,-55.16,-155.785,-62.125
1828,2651922,2.14842,-0.394548,-0.079544,-53.025,-143.3775,-37.625
1829,2652019,2.1594,-0.427,0.055632,-48.23,-127.995,-11.515
1830,2652117,2.136464,-0.11834,0.304268,-49.735,-113.61,11.165
1831,2652214,2.074,-0.11834,0.8862081,-23.695,-87.395,32.27
1832,2652312,2.135244,-0.256688,1.271972,0.4725,-27.58,46.165
1833,2652409,2.100352,0.609268,0.906948,19.9325,33.4425,30.17
1834,2652506,1.13826,-0.232288,-1.69092,91.2275,84.08751,8.645
1835,2652604,-0.15006,-1.71166,-2.388516,146.1075,78.365,3.3075
1836,2652701,1.05164,-1.29564,-1.35054,56.7175,75.5825,4.9875
1837,2652798,1.215852,-0.626348,-0.8418,19.0575,64.26,30.8875
1838,2652896,0.76738,0.403576,-1.312964,-21.1925,47.145,21.5775
1839,2652993,0.270352,0.497272,-0.93696,-16.66,25.2175,2.3625
1840,2653091,0.315492,0.17568,-0.90646,5.9675,27.755,-8.3475
1841,2653188,0.571936,-0.479704,-1.038708,17.1325,33.4775,-10.9725
1842,2653285,0.611952,-0.412604,-0.9247601,7.175,19.705,-11.7075
1843,2653383,0.564372,0.1037,-0.9059721,-29.4175,14.21,-16.6075
1844,2653480,0.613416,0.288164,-0.978684,-28.0875,11.7775,-16.0475
1845,2653578,0.63928,0.23546,-0.924516,-16.0475,9.2225,-14.1225
1846,2653675,0.6224441,0.32086,-0.871568,-6.125,6.405,-9.8875
1847,2653772,0.425292,0.33916,-0.801784,5.985,3.395,-4.4625
1848,2653870,0.425536,0.120048,-0.8476561,22.4175,6.125,0.3675
1849,2653967,0.419436,-0.08052,-0.822524,31.3075,9.17,3.3775
1850,2654064,0.443836,-0.012688,-0.882304,30.205,10.535,4.095
1851,2654162,0.640744,-0.122732,-0.987712,27.4575,12.25,3.3425
1852,2654259,0.581696,-0.165188,-0.917684,19.4075,4.06,0.6825
1853,2654357,0.522648,-0.052704,-0.916464,7.455,-0.175,-2.485
1854,2654454,0.5673,-0.06222,-0.94062,0.735,-1.2425,-5.355
1855,2654551,0.545096,-0.11956,-0.9171961,-5.25,-4.2875,-8.9775
1856,2654649,0.506788,-0.099308,-0.891088,-13.65,-7.5775,-12.67
1857,2654746,0.488488,-0.006344,-0.8671761,-19.4075,-8.9775,-14.63
1858,2654844,0.48312,0.06954,-0.863272,-20.79,-9.555,-14.8225
1859,2654941,0.491416,0.057828,-0.8888921,-19.04,-10.22,-14.07
1860,2655039,0.471164,0.024156,-0.8676641,-18.7425,-11.725,-14.1575
1861,2655136,0.401624,0.077836,-0.843264,-19.4775,-12.95,-14.4725
1862,2655233,0.366732,0.08466801,-0.8420441,-16.7825,-11.095,-13.93
1863,2655331,0.386252,0.003416,-0.862784,-12.285,-7.9975,-13.6325
1864,2655428,0.418216,0.015372,-0.834968,-12.4075,-5.635,-13.9125
1865,2655525,0.449448,0.126148,-0.841312,-13.9475,-3.43,-13.09
1866,2655623,0.476532,0.149572,-0.850096,-8.2775,-1.925,-10.4825
1867,2655720,0.548024,0.07198,-0.894504,-2.17,-0.5425,-7.35
1868,2655818,0.5404601,0.0793,-0.863272,-1.47,-2.625,-5.4075
1869,2655915,0.52704,0.111996,-0.860832,-1.505,-3.745,-3.535
1870,2656012,0.512644,0.052948,-0.882548,1.785,-3.6225,-1.5575
1871,2656110,0.486292,0.05856,-0.8657121,2.8875,-4.725,-0.49
1872,2656207,0.43188,0.091744,-0.8271601,5.495,-4.935,1.6275
1873,2656305,0.480192,0.1769,-0.8364321,12.845,-3.15,6.195
1874,2656402,0.467016,0.116632,-0.805688,23.7125,-1.3475,11.445
1875,2656499,0.399428,0.133712,-0.841556,35.0,-0.5775,17.7625
1876,2656597,0.427732,-0.003172,-0.9237841,46.6375,0.6825,24.36
1877,2656694,0.441396,-0.041968,-0.82594,49.6125,-4.2525,29.33
1878,2656792,0.5077641,0.775188,-0.826428,38.2375,-3.9375,30.6425
1879,2656889,0.586576,-0.19886,-0.9140241,63.595,4.865,30.625
1880,2656986,0.399916,-0.405284,-0.8740081,63.665,-3.605,26.88
1881,2657084,0.518256,-0.138348,-0.9150001,35.5075,-0.56,16.7825
1882,2657181,0.461648,-0.169092,-0.8820601,27.1075,-3.745,10.85
1883,2657279,0.46116,-0.134444,-0.8810841,20.1075,-4.025,6.3875
1884,2657376,0.527528,-0.055632,-0.8935281,11.935,-3.465,2.275
1885,2657473,0.510692,-0.058804,-0.874252,7.7,-5.5125,0.1575
1886,2657571,0.505568,-0.03904,-0.877912,3.745,-6.3525,-1.4875
1887,2657668,0.491416,-0.04514,-0.8615641,0.945,-6.1775,-2.905
1888,2657766,0.474092,-0.038796,-0.874252,-1.8375,-6.1775,-4.34
1889,2657863,0.442372,-0.069784,-0.874984,-3.7625,-6.09,-6.2475
1890,2657960,0.453108,-0.061976,-0.8713241,-6.4925,-5.1275,-8.2075
1891,2658058,0.472628,-0.03904,-0.8703481,-8.015,-4.4975,-9.4675
1892,2658155,0.498736,-0.02196,-0.874252,-8.435,-4.6375,-9.8525
1893,2658253,0.511424,0.005368,-0.863028,-7.28,-4.9,-8.68
1894,2658350,0.495564,0.025132,-0.8625401,-3.7975,-5.425,-6.23
1895,2658447,0.497272,0.025864,-0.86742,-0.1225,-5.74,-3.535
1896,2658545,0.486536,0.024644,-0.858636,2.59,-6.65,-1.295
1897,2658642,0.48556,0.002928,-0.868884,4.165,-7.2275,0.035
1898,2658740,0.468968,-0.016592,-0.8744961,5.3375,-7.4025,0.525
1899,2658837,0.4819,-0.029036,-0.872788,5.4075,-7.0175,0.5425
1900,2658934,0.478972,-0.01708,-0.870104,5.425,-6.615,0.4725
1901,2659032,0.465796,-0.02074,-0.8676641,5.6175,-6.545,0.525
1902,2659129,0.468724,-0.017812,-0.86864,5.53,-6.5275,0.595
1903,2659227,0.473604,-0.029768,-0.866444,5.1975,-6.405,0.49
1904,2659324,0.47214,-0.042456,-0.866932,4.69,-6.37,-0.1225
1905,2659421,0.476044,-0.048068,-0.876692,3.0275,-5.6875,-1.0675
1906,2659519,0.488976,-0.050264,-0.87352,1.54,-5.18,-2.1
1907,2659616,0.480436,-0.030988,-0.868884,-0.175,-5.0225,-3.255
1908,2659714,0.467748,-0.03172,-0.868152,-1.1725,-4.935,-3.99
1909,2659811,0.475556,-0.020252,-0.869616,-2.065,-4.8125,-4.515
1910,2659908,0.4758,-0.01708,-0.8784,-3.36,-5.005,-5.005
1911,2660006,0.49532,-0.006344,-0.8845,-4.6025,-4.9525,-5.0575
1912,2660103,0.504348,0.003904,-0.8708361,-4.5675,-5.3025,-4.3575
1913,2660200,0.501908,0.002684,-0.86864,-2.8,-6.055,-3.045
1914,2660298,0.494344,0.012444,-0.8698601,-0.735,-6.7375,-1.715
1915,2660395,0.485072,0.0122,-0.872788,1.645,-7.245,-0.2975
1916,2660493,0.480436,0.010492,-0.87718,3.5875,-7.6825,0.98
1917,2660590,0.484828,0.011712,-0.865468,5.3025,-7.9975,2.24
1918,2660687,0.485316,-0.017324,-0.863028,6.2825,-8.785,3.185
1919,2660785,0.471408,-0.041724,-0.873764,6.5975,-8.715,3.29
1920,2660882,0.48434,-0.047824,-0.87718,5.775,-7.9975,2.5375
1921,2660980,0.486536,-0.048068,-0.8723001,4.97,-7.1225,1.435
1922,2661077,0.488488,-0.041968,-0.875472,3.8675,-6.3525,0.245
1923,2661174,0.481412,-0.03294,-0.8679081,3.3075,-6.09,-0.595
1924,2661272,0.472628,-0.003172,-0.86498,2.4675,-6.125,-1.0325
1925,2661369,0.457988,-0.016592,-0.87352,2.205,-6.3,-1.085
1926,2661467,0.477996,-0.010736,-0.864736,1.47,-5.705,-1.4875
1927,2661564,0.458232,-0.006344,-0.874984,0.5075,-6.0725,-1.68
1928,2661661,0.459696,-0.01464,-0.8713241,-0.56,-6.405,-2.135
1929,2661759,0.463356,-0.025864,-0.87474,-1.0675,-6.3525,-2.4325
1930,2661856,0.462136,-0.016836,-0.8842561,-0.9975,-6.23,-2.5025
1931,2661954,0.464088,-0.005612,-0.882548,-0.8575,-5.775,-2.6075
1932,2662051,0.46726,0.018544,-0.884988,-0.3675,-5.32,-2.38
1933,2662148,0.481656,0.01586,-0.882548,1.47,-4.8475,-0.945
1934,2662246,0.48068,-0.000488,-0.879864,3.535,-4.8475,0.7175
1935,2662343,0.487756,0.003172,-0.873764,4.48,-4.655,1.8375
1936,2662441,0.47946,0.000976,-0.879864,5.565,-4.4625,2.6075
1937,2662538,0.4743361,-0.004392,-0.8764481,6.125,-4.1125,3.22
1938,2662635,0.466528,-0.018544,-0.880352,6.2125,-3.5525,3.6925
1939,2662733,0.468724,-0.045628,-0.8805961,5.7225,-2.38,3.4825
1940,2662830,0.4594521,-0.05587601,-0.887916,4.375,-0.5075,2.3275
1941,2662928,0.457744,-0.054656,-0.8906,3.0625,1.9075,1.0325
1942,2663025,0.4553041,-0.042456,-0.892552,2.03,4.6025,0.0525
1943,2663122,0.468968,-0.021716,-0.891576,1.855,7.945,-0.1225
1944,2663220,0.470188,-0.005856,-0.8847441,1.925,11.4275,0.35
1945,2663317,0.47702,0.024888,-0.8893801,1.75,15.12,1.5925
1946,2663415,0.50874,0.03904,-0.8791321,2.415,18.69,3.6575
1947,2663512,0.4636,0.02928,-0.909632,3.395,22.8725,6.2825
1948,2663609,0.381616,-0.081252,-0.94306,6.195,29.435,9.1525
1949,2663707,0.424316,-0.086864,-0.932568,4.9175,40.075,8.6975
1950,2663804,0.436272,-0.106384,-0.950868,2.8525,53.0775,4.8825
1951,2663902,0.423584,-0.119316,-0.9506241,4.4275,66.955,0.1925
1952,2663999,0.4553041,-0.126148,-0.9315921,3.745,82.8625,-5.495
1953,2664096,0.463356,-0.116144,-0.9298841,3.9025,98.525,-11.2875
1954,2664194,0.469456,-0.07442,-0.9455,3.7975,114.5025,-16.8
1955,2664291,0.481656,-0.049288,-0.959896,6.44,131.39,-20.7375
1956,2664389,0.471408,0.004392,-1.006988,10.5875,149.87,-22.9075
1957,2664486,0.446764,0.04636,-1.054324,17.4475,171.57,-22.33
1958,2664583,0.454816,0.182268,-1.1285,25.445,197.015,-18.76
1959,2664681,0.46604,0.17202,-1.085068,40.845,223.265,-8.82
1960,2664778,0.463356,0.250832,-1.122156,53.1825,250.5825,4.4975
1961,2664876,0.509716,0.318176,-1.155096,68.53,281.1025,21.49
1962,2664973,0.584136,0.280112,-1.201212,92.83751,311.6225,42.805
1963,2665070,0.76616,0.244732,-1.209996,112.7175,337.54,63.1225
1964,2665168,1.225612,0.08881599,-1.309304,128.765,351.7675,77.035
1965,2665265,1.684576,-0.438468,-1.123864,145.88,343.2625,82.04
1966,2665362,1.89954,-0.480924,-1.015772,124.6,319.865,66.71
1967,2665460,1.820484,-0.427976,-1.22,78.27751,283.955,48.685
1968,2665557,1.479372,-0.288408,-1.288808,48.9125,236.04,32.4625
1969,2665655,0.858392,-0.172996,-1.049688,13.125,192.64,15.3475
1970,2665752,0.47946,-0.100772,-0.872788,-18.34,156.5725,4.8125
1971,2665849,-0.028792,0.222284,-1.1346,-36.1725,110.8275,7.14
1972,2665947,1.467904,-0.15738,-2.065216,-35.21,56.455,25.935
1973,2666044,-0.111264,0.62586,-1.389824,-40.9325,-24.0975,19.635
1974,2666142,-0.06124401,1.000888,-1.247084,-41.0725,-63.84,6.6675
1975,2666239,-0.27084,0.698816,-0.892796,16.6425,-82.8975,6.8425
1976,2666336,-0.224724,0.447252,-0.8052,40.5125,-91.84001,-3.535
1977,2666434,-0.18422,0.312808,-0.7476161,35.98,-101.92,-18.55
1978,2666531,-0.15372,0.278892,-0.724436,20.3175,-113.715,-30.17
1979,2666629,-0.13664,0.305976,-0.692472,6.79,-124.4425,-36.645
1980,2666726,-0.1098,0.265716,-0.6517241,2.3975,-131.775,-37.1
1981,2666823,-0.07515201,0.19276,-0.609512,1.645,-136.1675,-33.635
1982,2666921,0.007564001,0.092964,-0.6314721,-0.7525,-138.0925,-28.525
1983,2667018,0.183976,-0.008296001,-0.730048,-8.855,-140.455,-22.645
1984,2667116,0.375272,-0.136396,-0.83936,-22.015,-148.6275,-16.625
1985,2667213,0.5172801,-0.233752,-0.8805961,-41.2475,-164.395,-11.9
1986,2667310,0.54778,-0.264984,-0.8337481,-63.9975,-184.7125,-9.695
1987,2667408,0.550708,-0.243512,-0.759572,-83.0725,-201.8625,-9.3275
1988,2667505,0.6161,-0.232288,-0.738588,-93.7475,-210.595,-8.75
1989,2667602,0.74542,-0.254004,-0.769576,-95.1125,-213.605,-7.84
1990,2667700,0.847412,-0.342332,-0.811788,-90.21251,-216.8775,-6.5275
1991,2667797,0.91622,-0.421876,-0.837408,-87.185,-221.13,-6.195
1992,2667895,0.994544,-0.42456,-0.854,-88.53251,-224.5775,-6.6325
1993,2667992,1.043344,-0.34892,-0.836188,-87.0625,-226.7825,-8.785
1994,2668089,1.105564,-0.236436,-0.8193521,-77.77,-225.54,-11.2875
1995,2668187,1.2078,-0.205204,-0.838628,-59.1675,-219.6075,-14.035
1996,2668284,1.403976,-0.218136,-0.929152,-39.76,-211.82,-18.8125
1997,2668382,1.601128,-0.275232,-0.979172,-26.0575,-209.195,-24.675
1998,2668479,1.639924,-0.311588,-0.869616,-19.5475,-212.8525,-30.8175
1999,2668576,1.592588,-0.236436,-0.707356,-21.0525,-210.9275,-35.8225
2000,2668674,1.63968,-0.213012,-0.611464,-23.6425,-196.105,-37.2925
2001,2668771,1.726056,-0.245708,-0.50874,-27.23,-177.1875,-35.5075
2002,2668869,1.819508,-0.29158,-0.387716,-37.24,-158.0075,-31.99
2003,2668966,1.919548,-0.346236,-0.29524,-50.3825,-140.875,-26.32
2004,2669063,1.952732,-0.106628,-0.39162,-60.0775,-125.4225,-15.54
2005,2669161,1.899052,-0.33062,0.193492,-25.9,-106.4175,8.05
2006,2669258,1.840736,-0.712724,0.424072,-8.4525,-68.6875,33.3375
2007,2669356,1.885632,-0.500688,0.457012,-23.135,-36.785,41.965
2008,2669453,1.765096,-0.204472,0.518744,-31.08,-6.685,43.6975
2009,2669550,1.630652,-0.044164,0.6029241,-11.305,19.67,42.42
2010,2669648,1.638216,0.09516001,0.458232,21.5425,52.36,29.6275
2011,2669745,1.45424,0.170068,-0.228384,63.5425,74.2,1.89
2012,2669842,0.9821,-0.607316,-1.264896,100.45,63.2625,-19.39
2013,2669940,0.123708,-0.745176,-1.684332,88.41001,31.7275,-36.7325
2014,2670037,-0.082472,-1.0614,-1.378112,54.3725,28.245,-30.94
2015,2670135,0.381616,-1.285392,-0.9691681,42.4725,46.235,10.185
2016,2670232,1.79828,-0.129076,-1.564284,1.4525,60.305,23.87
2017,2670329,0.763476,0.9010921,-0.8095921,-26.8275,5.4775,2.485
2018,2670427,0.508252,0.260348,-0.918416,7.7525,-9.73,-1.3125
2019,2670524,0.62952,-0.607316,-1.079944,31.43,4.795,1.68
2020,2670622,0.423828,-0.211548,-0.77104,0.98,-6.2475,-2.8175
2021,2670719,0.49288,0.323056,-0.877668,-15.2425,-3.0625,-6.58
2022,2670816,0.477996,0.102724,-0.8476561,2.03,-3.08,-3.815
2023,2670914,0.454084,-0.021716,-0.84912,11.34,-3.395,0.14
2024,2671011,0.401868,0.08662001,-0.828868,13.335,-2.8525,2.625
2025,2671109,0.337452,0.151768,-0.8052,21.9275,-0.8225,6.125
2026,2671206,0.332084,0.0427,-0.8357,33.075,3.5,9.625
2027,2671303,0.43066,-0.10126,-0.889624,39.27,7.8925,11.095
2028,2671401,0.465308,-0.16592,-0.904996,34.1425,7.0,9.1175
2029,2671498,0.50752,-0.220576,-0.9547721,23.275,3.85,4.2175
2030,2671596,0.541436,-0.362828,-0.957456,9.94,-1.5575,-2.9225
2031,2671693,0.538996,-0.458964,-0.9372041,-7.0,-6.23,-11.445
2032,2671790,0.489708,-0.27328,-0.9052401,-28.455,-9.8525,-19.6175
2033,2671888,0.51362,-0.128588,-0.91988,-41.615,-9.2925,-25.1475
2034,2671985,0.583648,0.006832001,-0.885476,-46.8475,-8.9425,-28.2975
2035,2672083,0.551684,0.108336,-0.8842561,-46.8475,-10.955,-28.315
2036,2672180,0.515084,0.110776,-0.8493641,-39.865,-12.8975,-25.3225
2037,2672277,0.492392,0.114192,-0.839604,-32.4275,-12.635,-21.105
2038,2672375,0.479216,0.108336,-0.837408,-25.375,-11.62,-17.045
2039,2672472,0.473116,0.100528,-0.83692,-17.7275,-11.06,-13.02
2040,2672570,0.45872,0.103212,-0.81862,-11.4625,-9.73,-9.0125
2041,2672667,0.418216,0.11102,-0.815448,-4.2175,-8.3475,-5.0225
2042,2672764,0.405772,0.09711201,-0.8147161,5.53,-5.9325,-0.455
2043,2672862,0.4213881,0.071736,-0.820328,18.0075,-2.7825,4.6375
2044,2672959,0.437736,0.014152,-0.892308,30.415,-0.5075,9.87
2045,2673057,0.398452,0.022936,-0.8086161,36.75,-1.19,14.0
2046,2673154,0.43188,0.106872,-0.866444,44.065,-0.0875,18.76
2047,2673251,0.471408,-0.028792,-0.90402,56.4025,0.8400001,23.135
2048,2673349,0.465064,-0.049776,-0.906216,55.0725,-2.3275,23.8175
2049,2673446,0.489708,-0.09735601,-0.941352,47.8625,-4.1825,21.8575
2050,2673544,0.487756,-0.180316,-0.898408,34.79,-5.4775,17.36
2051,2673641,0.514596,-0.060024,-0.9372041,17.22,-7.035,12.1625
2052,2673738,0.469944,-0.160796,-0.8827921,16.3625,-7.455,10.57
2053,2673836,0.504104,-0.070028,-0.875228,11.4975,-7.0875,8.26
2054,2673933,0.499468,-0.11712,-0.874984,9.38,-6.685,6.0025
2055,2674031,0.487024,-0.124928,-0.883036,8.33,-6.37,3.535
2056,2674128,0.49288,-0.105652,-0.8869401,5.355,-5.6875,0.945
2057,2674225,0.48678,-0.098332,-0.873276,3.6925,-5.4775,-0.665
2058,2674323,0.460916,-0.070516,-0.8703481,2.1,-5.495,-1.8725
2059,2674420,0.455792,-0.07222401,-0.873764,1.4175,-5.5125,-2.6075
2060,2674518,0.442372,-0.06222,-0.86864,1.155,-5.355,-3.2025
2061,2674615,0.444568,-0.057096,-0.868884,0.665,-5.04,-3.85
2062,2674712,0.442128,-0.085888,-0.8466801,0.4375,-4.865,-4.445
2063,2674810,0.473848,-0.023912,-0.8620521,0.105,-4.1125,-4.55
2064,2674907,0.488,-0.070028,-0.869616,3.9725,-4.9525,-2.7475
2065,2675005,0.473848,-0.04392,-0.878156,8.365,-6.0025,-0.42
2066,2675102,0.472384,-0.034892,-0.8764481,11.6725,-6.265,1.9075
2067,2675199,0.47702,-0.043676,-0.8769361,13.6325,-5.53,3.5175
2068,2675297,0.4636,-0.05002,-0.880352,12.88,-5.3375,4.13
2069,2675394,0.44774,-0.073932,-0.882548,11.9875,-5.355,4.06
2070,2675492,0.447984,-0.086864,-0.8810841,10.64,-5.1625,3.2375
2071,2675589,0.448472,-0.099308,-0.875228,8.715,-4.97,2.2225
2072,2675686,0.452132,-0.083448,-0.8820601,6.5275,-5.1975,1.1025
2073,2675784,0.489708,-0.103212,-0.8913321,4.7075,-5.6175,0.35
2074,2675881,0.495076,-0.08466801,-0.8862081,4.55,-6.5975,0.4375
2075,2675979,0.481168,-0.073688,-0.879864,4.9175,-7.7875,1.1725
2076,2676076,0.471896,-0.061976,-0.8671761,5.18,-8.12,2.31
2077,2676173,0.477996,-0.038552,-0.8679081,4.7425,-7.945,2.9925
2078,2676271,0.465552,-0.08174001,-0.8591241,4.9,-7.49,3.2725
2079,2676368,0.449204,-0.09613601,-0.873276,4.1825,-7.1225,2.415
2080,2676466,0.438468,-0.09882,-0.869616,2.94,-6.895,1.015
2081,2676563,0.44164,-0.129564,-0.8703481,0.5775,-6.6325,-1.05
2082,2676660,0.451644,-0.105652,-0.8744961,-0.98,-6.7375,-2.835
2083,2676758,0.467748,-0.092964,-0.8676641,-2.415,-7.0175,-4.4975
2084,2676855,0.4636,-0.09150001,-0.86864,-5.1275,-7.6125,-6.09
2085,2676953,0.46482,-0.09345201,-0.8784,-8.645,-8.155,-7.84
2086,2677050,0.469212,-0.094916,-0.8820601,-10.9025,-8.365,-9.2225
2087,2677148,0.459208,-0.090768,-0.8857201,-11.7075,-8.2775,-9.66
2088,2677245,0.44774,-0.07490801,-0.887672,-11.5675,-8.0675,-9.7475
2089,2677342,0.452864,-0.068564,-0.883768,-10.99,-7.5425,-9.695
2090,2677440,0.445544,-0.052704,-0.8847441,-8.6975,-6.86,-8.855
2091,2677537,0.454328,-0.024156,-0.8852321,-4.445,-6.02,-6.9825
2092,2677635,0.481168,-0.019276,-0.877912,-0.07,-5.3725,-4.515
2093,2677732,0.476532,-0.033916,-0.87718,2.7125,-5.95,-2.24
2094,2677829,0.482876,-0.046604,-0.877424,4.55,-6.6675,-0.2975
2095,2677927,0.47946,-0.048068,-0.8784,5.5125,-7.2625,0.98
2096,2678024,0.460916,-0.06124401,-0.87718,5.67,-7.665,1.4875
2097,2678122,0.454816,-0.07198,-0.8845,5.565,-7.98,1.785
2098,2678219,0.453108,-0.075396,-0.881572,5.32,-8.225,1.715
2099,2678316,0.457012,-0.08369201,-0.881328,5.2325,-8.4875,1.8025
2100,2678414,0.462136,-0.089304,-0.8820601,4.9875,-8.5225,1.61
2101,2678511,0.463844,-0.076372,-0.889624,4.55,-8.435,1.3125
2102,2678609,0.465796,-0.07515201,-0.889136,4.76,-8.4175,1.5575
2103,2678706,0.475556,-0.066856,-0.87718,5.3725,-8.5575,2.2225
2104,2678803,0.473848,-0.069784,-0.882304,5.7925,-8.82,2.9925
2105,2678901,0.468236,-0.072468,-0.8842561,6.1425,-8.7325,3.5175
2106,2678998,0.453596,-0.07442,-0.89182,6.37,-8.12,3.8325
2107,2679096,0.450424,-0.067344,-0.892796,6.9475,-7.14,4.2
2108,2679193,0.444324,-0.076616,-0.884988,7.6825,-6.37,4.5675
2109,2679290,0.443348,-0.081984,-0.8852321,7.735,-5.9325,4.445
2110,2679388,0.45018,-0.079544,-0.875472,7.245,-5.4425,4.1475
2111,2679485,0.439688,-0.084912,-0.879376,7.0525,-5.88,3.745
2112,2679583,0.447252,-0.094916,-0.8744961,6.405,-6.1425,3.0975
2113,2679680,0.42456,-0.0793,-0.868152,5.53,-6.685,2.2575
2114,2679777,0.417972,-0.088328,-0.885476,4.4275,-7.4725,1.505
2115,2679875,0.439444,-0.09345201,-0.888404,3.535,-7.14,0.1575
2116,2679972,0.433588,0.008540001,-0.8908441,1.9425,-6.335,-0.735
2117,2680070,0.427488,-0.048556,-0.881816,3.6925,-5.915,0.6125
2118,2680167,0.448472,-0.06880801,-0.88816,3.7975,-5.6175,1.61
2119,2680264,0.443592,-0.07612801,-0.8913321,3.1325,-5.53,1.5575
2120,2680362,0.456524,-0.08003201,-0.890112,1.6275,-4.83,0.6125
2121,2680459,0.442128,-0.128588,-0.8801081,0.0875,-4.41,-0.8575
2122,2680557,0.432612,-0.148352,-0.892064,-1.855,-3.535,-2.905
2123,2680654,0.427,-0.129808,-0.899384,-3.115,-1.8725,-5.0225
2124,2680751,0.428952,-0.11834,-0.9018241,-3.465,0.595,-6.23
2125,2680849,0.467992,-0.076616,-0.8893801,-2.73,2.9575,-6.195
2126,2680946,0.486048,-0.049532,-0.87352,-0.805,3.815,-4.69
2127,2681044,0.482144,-0.047092,-0.869128,0.6475,3.1325,-2.695
2128,2681141,0.47214,-0.037332,-0.877424,1.6975,1.855,-0.77
2129,2681238,0.466284,-0.039772,-0.879376,2.5025,1.1725,1.1375
2130,2681336,0.452132,-0.053924,-0.885476,3.22,1.1375,2.835
2131,2681433,0.447008,-0.076616,-0.885964,3.5525,2.3625,3.6925
2132,2681531,0.457012,-0.100528,-0.8888921,3.1675,4.9175,3.7275
2133,2681628,0.453596,-0.09394001,-0.9171961,1.715,9.17,3.3075
2134,2681725,0.412116,-0.103456,-0.926712,0.9625,14.9625,3.0975
2135,2681823,0.407724,-0.0976,-0.973316,1.085,24.85,2.275
2136,2681920,0.327448,-0.182512,-1.003084,4.165,37.1,0.665
2137,2682018,0.39162,-0.0549,-1.029436,1.295,55.16,-3.5
2138,2682115,0.38918,-0.077836,-1.0065,1.47,74.69,-5.7575
2139,2682212,0.355752,-0.077104,-1.046516,4.13,96.2675,-6.4575
2140,2682310,0.345992,-0.118096,-1.072868,7.2275,121.66,-8.225
2141,2682407,0.349164,-0.070516,-1.127524,12.635,152.46,-10.5
2142,2682504,0.335988,-0.06344,-1.156804,23.52,187.915,-12.5475
2143,2682602,0.340136,0.024644,-1.211704,36.715,226.5375,-13.195
2144,2682699,0.36478,0.102236,-1.3054,52.43,265.16,-8.7675
2145,2682797,0.382592,0.092964,-1.308816,76.755,296.5725,1.715
2146,2682894,0.496052,0.0854,-1.287588,96.56501,323.3475,15.0675
2147,2682991,0.681248,0.015128,-1.275144,113.68,343.455,28.0875
2148,2683089,1.043344,-0.057096,-1.336876,127.4175,354.4625,37.135
2149,2683186,1.513288,-0.114436,-1.545984,140.5075,350.7175,43.855
2150,2683284,1.6958,-0.17812,-1.3847,158.4625,322.84,46.165
2151,2683381,1.43716,-0.8271601,-1.155096,166.7575,280.9975,45.255
2152,2683478,1.211216,-0.465308,-1.098244,116.4975,238.5425,11.7075
2153,2683576,0.681004,-0.304024,-0.7978801,44.94,196.49,-24.64
2154,2683673,0.161528,-0.283528,-0.68808,2.205,162.8725,-41.2825
2155,2683770,1.174616,-0.07832401,-1.463756,-34.615,124.7575,-39.2525
2156,2683868,0.504348,0.09418401,-1.860744,-47.11,80.36,-26.2325
2157,2683965,0.151524,0.571936,-1.43472,-48.3525,-0.2625,-24.36
2158,2684063,-0.060024,0.670268,-1.177056,-16.8875,-34.37,-20.72
2159,2684160,-0.245708,0.376492,-0.885964,27.895,-60.41,-18.3225
2160,2684257,-0.272548,0.212768,-0.764452,37.625,-72.205,-25.8825
2161,2684355,-0.251564,0.151036,-0.700768,27.37,-82.565,-35.665
2162,2684452,-0.20984,0.161772,-0.701256,12.145,-92.505,-41.265
2163,2684550,-0.159088,0.211792,-0.6944241,2.3625,-102.2525,-41.2825
2164,2684647,-0.119316,0.21716,-0.6753921,2.3275,-111.055,-35.5775
2165,2684744,-0.044652,0.167628,-0.676612,5.7225,-117.4075,-26.5475
2166,2684842,0.107116,0.10858,-0.72468,4.69,-122.9375,-17.6925
2167,2684939,0.253516,0.046848,-0.78934,-3.2725,-132.79,-11.06
2168,2685036,0.400648,0.031232,-0.846924,-17.2725,-147.035,-7.735
2169,2685134,0.508496,0.06832001,-0.872788,-31.7975,-164.36,-6.7025
2170,2685231,0.561688,0.063196,-0.8322841,-40.9675,-181.8775,-6.2125
2171,2685329,0.583648,0.012688,-0.733952,-47.915,-195.4225,-7.7525
2172,2685426,0.6178081,-0.08881599,-0.653676,-57.505,-201.6,-12.285
2173,2685524,0.7442,-0.144448,-0.68076,-73.465,-199.4825,-18.76
2174,2685621,0.941108,-0.117852,-0.745908,-88.44501,-195.4575,-23.45
2175,2685718,1.064816,-0.103212,-0.8030041,-92.05001,-194.705,-22.19
2176,2685816,1.11142,-0.168848,-0.752984,-86.6075,-196.14,-16.7125
2177,2685913,1.140212,-0.207644,-0.716872,-83.0025,-193.5675,-10.57
2178,2686010,1.223904,-0.233264,-0.753228,-83.825,-186.3225,-4.6375
2179,2686108,1.344928,-0.224724,-0.79422,-86.555,-180.285,-0.875
2180,2686205,1.435208,-0.179828,-0.7829961,-88.70749,-177.3975,-0.1225
2181,2686303,1.503528,-0.142252,-0.7407841,-86.5025,-173.81,-2.4325
2182,2686400,1.577216,-0.175192,-0.6902761,-80.29,-167.4225,-7.2625
2183,2686497,1.630408,-0.19764,-0.6344,-73.8325,-159.7225,-13.65
2184,2686595,1.733864,-0.230824,-0.670268,-66.9725,-151.13,-18.9175
2185,2686692,1.783396,-0.292068,-0.6588,-58.3275,-147.175,-22.61
2186,2686790,1.7324,-0.325008,-0.541192,-49.4025,-148.3825,-25.095
2187,2686887,1.622844,-0.347212,-0.383568,-39.5675,-146.86,-24.92
2188,2686985,1.552084,-0.328912,-0.267912,-29.015,-138.18,-21.77
2189,2687082,1.529636,-0.295972,-0.205448,-16.5025,-124.145,-16.1525
2190,2687179,1.484496,-0.320128,-0.152256,-4.1475,-110.3725,-9.5725
2191,2687277,1.414712,-0.267912,-0.130784,0.875,-97.65,-5.3375
2192,2687374,1.33956,-0.166652,-0.135176,1.365,-85.19,-3.1325
2193,2687472,1.271728,-0.117364,-0.13786,3.9375,-73.0625,-1.925
2194,2687569,1.250988,-0.09613601,-0.167628,5.775,-61.7925,-3.6575
2195,2687666,1.246352,-0.0793,-0.194224,6.9125,-52.8675,-8.4175
2196,2687764,1.217072,-0.08418,-0.16104,9.9925,-46.025,-14.0875
2197,2687861,1.181936,-0.020008,-0.039528,15.295,-38.22,-19.215
2198,2687959,0.9469641,0.132492,0.260104,34.4925,-20.965,-23.835
2199,2688056,0.84546,-0.035624,-0.161528,64.2425,12.6525,-24.43
2200,2688153,0.9228081,-0.542412,-0.7869,76.125,26.3375,-26.88
2201,2688251,0.110532,-0.28182,-0.8671761,54.4425,19.705,-36.3125
2202,2688348,-0.206668,-0.082716,-1.626748,30.975,21.315,-43.5575
2203,2688446,-0.304268,-0.601948,-1.563552,49.56,25.9,-34.72
2204,2688543,0.190076,-1.10898,-0.661972,49.8225,45.465,-15.12
2205,2688640,0.9433041,-0.965752,-0.8847441,16.695,70.7525,9.45
2206,2688738,1.191452,-0.59048,-1.447896,-9.975,67.13,25.235
2207,2688835,0.899872,-0.010736,-1.285636,-32.06,31.1675,22.6975
2208,2688933,0.597556,0.427488,-0.959164,-41.65,7.14,13.44
2209,2689030,0.547048,0.396744,-0.9818561,-30.065,4.76,6.7375
2210,2689127,0.5673,0.133224,-1.023092,-15.75,2.59,1.4
2211,2689225,0.497272,0.032208,-0.908168,-13.685,-5.11,-3.78
2212,2689322,0.362828,-0.010736,-0.821304,-13.7025,-7.91,-4.2525
2213,2689420,0.304756,0.04026,-0.813984,-14.3325,-3.85,-3.3075
2214,2689517,0.314272,0.159332,-0.79544,-14.0875,2.0825,-3.9025
2215,2689614,0.238632,0.260104,-0.718824,-9.7475,6.8775,-4.6375
2216,2689712,0.100772,0.243512,-0.665876,-2.03,14.455,-5.705
2217,2689809,0.247172,0.049288,-0.779336,4.515,28.105,-6.51
2218,2689907,0.540948,0.115412,-1.003816,4.515,36.19,-4.865
2219,2690004,0.801784,0.000732,-1.117764,18.7075,30.94,5.5825
2220,2690101,0.769332,0.037576,-1.135332,25.2875,13.545,8.1025
2221,2690199,0.68076,-0.234728,-1.0004,8.085,-1.715,-0.1925
2222,2690296,0.411628,-0.19276,-0.8574161,-2.17,-13.125,-1.8025
2223,2690394,0.343552,0.043188,-0.8149601,-12.775,-8.9075,-4.4275
2224,2690491,0.393572,0.171776,-0.8364321,-10.4825,-1.9775,-6.5625
2225,2690589,0.459208,0.057584,-0.8671761,-1.26,3.255,-7.525
2226,2690686,0.446764,-0.027084,-0.858148,3.9725,4.6025,-6.965
2227,2690783,0.499468,0.01708,-0.9228081,3.1675,5.3375,-6.3875
2228,2690881,0.61976,0.007564001,-0.957456,1.61,4.165,-6.125
2229,2690978,0.5553441,-0.001952,-0.901336,-0.7175,-2.485,-5.5825
2230,2691076,0.519476,0.052704,-0.8852321,-3.0625,-5.7925,-5.1975
2231,2691173,0.491172,0.071736,-0.8642481,-1.89,-5.8275,-4.34
2232,2691270,0.429196,0.074664,-0.818376,3.0625,-5.4075,-2.415
2233,2691368,0.345504,0.19154,-0.7571321,12.6,-2.59,1.505
2234,2691465,0.345016,0.206424,-0.781532,29.155,4.095,7.0875
2235,2691562,0.474092,-0.061976,-0.914268,43.96,9.45,11.8825
2236,2691660,0.405528,-0.07515201,-0.85156,45.4475,5.95,13.44
2237,2691757,0.406748,0.133712,-0.87108,39.97,5.7225,13.2475
2238,2691855,0.521672,-0.095648,-0.9345201,41.7725,6.5275,12.88
2239,2691952,0.492148,-0.197396,-0.8842561,33.7925,1.5575,10.1325
2240,2692050,0.476044,-0.103944,-0.9010921,17.2725,-0.9975,4.8475
2241,2692147,0.440176,-0.130296,-0.9293961,8.61,-3.43,0.2975
2242,2692244,0.420168,-0.193492,-0.8820601,3.3775,-5.495,-4.6725
2243,2692342,0.436516,-0.08906,-0.9274441,-6.195,-6.4575,-9.5025
2244,2692439,0.422608,-0.064904,-0.898652,-14.1575,-6.0375,-14.3325
2245,2692536,0.441152,-0.023668,-0.896212,-17.395,-5.705,-16.9925
2246,2692634,0.586088,0.073688,-0.9084121,-20.7725,-2.8525,-17.22
2247,2692731,0.6029241,0.071004,-0.874252,-19.3025,-4.6375,-15.5925
2248,2692829,0.570716,0.02684,-0.8764481,-18.445,-7.5775,-14.0875
2249,2692926,0.5458281,0.052216,-0.8784,-19.6175,-7.8575,-12.6175
2250,2693023,0.515328,0.02806,-0.869372,-17.7275,-8.05,-10.92
2251,2693121,0.533628,0.031964,-0.86132,-15.715,-7.1225,-9.59
2252,2693218,0.5363121,0.0366,-0.8481441,-14.0,-6.16,-8.3125
2253,2693316,0.5058121,0.049532,-0.866688,-11.9875,-6.1075,-6.9825
2254,2693413,0.477752,0.06222,-0.8532681,-8.33,-6.5275,-5.1625
2255,2693510,0.465552,0.074664,-0.8698601,-3.115,-6.16,-2.5725
2256,2693608,0.490928,0.040016,-0.8769361,1.995,-5.67,-0.315
2257,2693705,0.477508,0.0976,-0.864004,3.9725,-6.16,1.155
2258,2693803,0.489708,0.01098,-0.8866961,7.35,-5.6875,1.9425
2259,2693900,0.48678,-0.03782,-0.8801081,7.9275,-5.8625,1.0325
2260,2693997,0.501176,-0.055632,-0.892552,4.6375,-5.635,-1.19
2261,2694095,0.43676,-0.075884,-0.879376,1.4875,-6.16,-4.2525
2262,2694192,0.421876,-0.051484,-0.88816,-2.9925,-6.3875,-7.1575
2263,2694290,0.439932,0.01342,-0.8718121,-5.8975,-5.0925,-8.6975
2264,2694387,0.45384,0.028548,-0.876692,-6.335,-5.1275,-9.0125
2265,2694484,0.489464,0.046116,-0.869616,-6.405,-5.1625,-8.715
2266,2694582,0.480924,0.047092,-0.8723001,-6.72,-6.1425,-8.0325
2267,2694679,0.49166,0.031964,-0.866932,-6.7725,-6.4225,-7.1575
2268,2694777,0.434808,0.067832,-0.8493641,-6.755,-7.2625,-6.09
2269,2694874,0.442372,0.101992,-0.852048,-0.8225,-6.86,-2.9925
2270,2694971,0.429196,0.118584,-0.812276,6.8075,-6.1075,0.6825
2271,2695069,0.463112,0.129808,-0.832528,16.4675,-4.6375,4.9175
2272,2695166,0.471408,0.060024,-0.858636,26.285,-3.4125,9.1525
2273,2695264,0.483608,-0.026596,-0.8991401,28.455,-3.2375,10.57
2274,2695361,0.488244,-0.02928,-0.8930401,24.1325,-3.8675,9.24
2275,2695458,0.458232,-0.075884,-0.8769361,18.935,-4.7425,6.685
2276,2695556,0.426512,-0.041724,-0.8964561,14.1575,-5.5475,3.92
2277,2695653,0.473604,-0.037332,-0.8862081,11.2,-4.4625,1.6975
2278,2695751,0.477508,-0.026352,-0.873764,9.1,-4.7075,0.035
2279,2695848,0.467504,0.008296001,-0.875472,7.5075,-5.11,-0.7875
2280,2695945,0.469456,-0.000488,-0.8723001,7.9275,-5.0925,-0.63
2281,2696043,0.475068,0.024156,-0.874252,9.4675,-5.1975,0.2625
2282,2696140,0.473604,0.023668,-0.8698601,10.605,-5.005,1.1375
2283,2696238,0.463356,0.009272001,-0.8725441,11.4275,-5.1275,1.7675
2284,2696335,0.453108,0.011468,-0.8805961,12.0925,-5.0225,2.24
2285,2696432,0.452132,-0.010248,-0.881816,14.2625,-4.9,3.3425
2286,2696530,0.456768,-0.0244,-0.8866961,15.575,-5.04,4.3575
2287,2696627,0.461892,-0.011224,-0.8903561,16.0125,-5.3375,5.425
2288,2696725,0.476776,0.02318,-0.86742,16.1175,-6.545,6.86
2289,2696822,0.487512,-0.007564001,-0.8786441,15.925,-7.945,8.05
2290,2696919,0.493612,-0.015128,-0.87352,15.1025,-9.345,8.155
2291,2697017,0.491904,-0.00976,-0.87474,12.8975,-9.345,7.4025
2292,2697114,0.465552,-0.064172,-0.8708361,11.7425,-8.9425,5.9675
2293,2697212,0.456768,-0.032696,-0.872788,9.6425,-7.9625,3.9375
2294,2697309,0.437736,-0.057584,-0.876692,8.3125,-7.7175,2.2925
2295,2697407,0.4697,-0.04514,-0.873032,5.9675,-7.0175,0.63
2296,2697504,0.465064,-0.041724,-0.864004,3.7275,-6.8425,-0.595
2297,2697601,0.459696,-0.042212,-0.8744961,1.61,-7.0875,-1.6975
2298,2697699,0.467992,-0.03538,-0.8725441,0.5775,-7.035,-2.3625
2299,2697796,0.47336,-0.031232,-0.869128,-0.3325,-6.7725,-3.045
2300,2697894,0.441884,-0.026596,-0.8740081,-1.9775,-6.895,-4.095
2301,2697991,0.455548,-0.021716,-0.887672,-4.8475,-6.615,-5.355
2302,2698088,0.478972,-0.014396,-0.882548,-5.8975,-6.335,-5.5825
2303,2698186,0.476532,-0.012444,-0.8784,-5.285,-6.5275,-5.075
2304,2698283,0.478972,-0.011956,-0.881816,-4.7075,-7.0175,-4.2525
2305,2698381,0.476044,-0.015616,-0.8869401,-3.29,-7.3675,-3.2025
2306,2698478,0.485316,-0.01342,-0.8805961,-1.89,-7.105,-2.065
2307,2698575,0.476532,-0.024888,-0.896944,-0.7525,-6.755,-1.0675
2308,2698673,0.470676,-0.015616,-0.892796,0.2625,-6.265,-0.595
2309,2698770,0.46604,-0.011224,-0.891088,0.9275,-5.4075,-0.28
2310,2698868,0.458964,0.012688,-0.894748,1.295,-4.48,-0.0175
2311,2698965,0.464576,0.002684,-0.885476,2.3275,-3.85,0.6825
2312,2699062,0.467504,-0.016104,-0.881816,3.045,-3.5875,1.5575
2313,2699160,0.45872,-0.018056,-0.889624,3.08,-3.1675,1.82
2314,2699257,0.462624,-0.008540001,-0.887184,2.8,-2.1525,1.435
2315,2699355,0.466528,-0.011956,-0.875472,2.4325,-1.015,1.365
2316,2699452,0.465552,-0.028792,-0.868396,2.45,-0.735,1.4525
2317,2699549,0.461648,-0.045384,-0.8713241,1.645,-0.735,0.8925
2318,2699647,0.45872,-0.039772,-0.875228,0.2625,-0.6475,-0.315
2319,2699744,0.455548,-0.038796,-0.8801081,-1.4175,-0.4375,-1.6625
2320,2699842,0.448472,-0.0305,-0.884988,-3.3075,0.14,-3.1325
2321,2699939,0.451644,-0.027084,-0.888648,-4.4975,1.3125,-4.0075
2322,2700036,0.4575,-0.013664,-0.886452,-4.725,3.0275,-4.1475
2323,2700134,0.457988,-0.005856,-0.889624,-4.2175,5.0575,-3.5875
2324,2700231,0.466528,0.004148001,-0.892308,-3.4125,7.14,-2.415
2325,2700329,0.477264,0.005856,-0.891576,-2.2225,9.7125,-0.875
2326,2700426,0.465796,0.0244,-0.9211,-1.4,13.1775,0.805
2327,2700523,0.435784,0.002196,-0.9357401,-0.0875,17.78,3.0625
2328,2700621,0.396256,-0.08100801,-0.9398881,2.0825,25.8125,4.6725
2329,2700718,0.439688,-0.033428,-0.955016,0.9625,36.7325,4.0075
2330,2700815,0.440908,-0.067832,-0.9250041,1.155,48.475,1.995
2331,2700913,0.445056,-0.072712,-0.932324,1.995,60.3575,-0.7875
2332,2701010,0.44164,-0.087108,-0.9357401,2.485,73.08,-4.4975
2333,2701108,0.4636,-0.069052,-0.929152,2.94,86.17,-8.7675
2334,2701205,0.474824,-0.041236,-0.9237841,3.9725,99.2075,-12.2325
2335,2701302,0.489708,-0.029524,-0.922076,6.23,111.79,-14.7175
2336,2701400,0.490196,-0.01952,-0.928664,8.4525,125.09,-16.45
2337,2701497,0.487268,-0.004392,-0.94672,10.675,138.8975,-17.43
2338,2701595,0.484584,0.028304,-0.9613601,14.4025,153.9475,-17.4825
2339,2701692,0.483364,0.072956,-0.999668,19.1975,171.92,-15.96
2340,2701789,0.47702,0.121024,-1.035536,26.9325,192.64,-12.005
2341,2701887,0.472872,0.2074,-1.076528,36.2775,216.4575,-4.41
2342,2701984,0.490928,0.247172,-1.10898,49.91,243.2675,7.2625
2343,2702082,0.5355801,0.290848,-1.130208,67.4975,271.3025,23.03
2344,2702179,0.551684,0.275476,-1.118984,86.13501,302.5575,40.495
2345,2702276,0.688812,0.223016,-1.178276,104.7375,335.5275,55.5275
2346,2702374,1.106052,-0.06563601,-1.249524,121.135,359.8875,64.61
2347,2702471,1.61528,-0.356972,-1.171688,126.56,366.205,61.74
2348,2702569,1.862452,-0.476776,-1.055788,113.785,353.7625,50.2775
2349,2702666,2.0923,-0.337208,-1.427888,94.5,321.5625,38.9725
2350,2702764,1.921988,-0.297436,-1.49572,89.11,264.425,35.6475
2351,2702861,1.21878,-0.103212,-1.281488,74.445,206.4125,29.2425
2352,2702958,0.498248,-0.100284,-0.825208,43.8375,161.84,16.1
2353,2703056,0.014884,0.413336,-0.765428,11.445,126.91,8.5575
2354,2703153,2.078148,-0.710284,-1.7751,24.9375,80.885,38.4475
2355,2703251,0.164212,-0.09150001,-1.623088,-0.56,12.7225,43.96
2356,2703348,0.13298,0.720776,-1.462292,-80.43,-62.265,16.6075
2357,2703445,-0.238388,0.686128,-1.033828,-38.5,-94.115,17.64
2358,2703543,-0.27938,0.560224,-0.932568,-3.99,-108.85,8.4525
2359,2703640,-0.222284,0.348676,-0.882304,11.0075,-119.735,-6.475
2360,2703738,-0.208132,0.1891,-0.876692,7.875,-136.78,-20.965
2361,2703835,-0.233752,0.151036,-0.8276481,-6.7375,-156.555,-32.4975
2362,2703933,-0.25376,0.135664,-0.742004,-19.3725,-172.8825,-37.2925
2363,2704030,-0.269132,0.058072,-0.646844,-27.2825,-183.9775,-35.7
2364,2704127,-0.187392,-0.03782,-0.6283,-36.6625,-187.845,-31.64
2365,2704224,0.00366,-0.109556,-0.7134561,-48.755,-188.5275,-25.655
2366,2704322,0.21472,-0.155916,-0.817644,-58.485,-194.5825,-16.1175
2367,2704419,0.36722,-0.243512,-0.87474,-65.87,-207.97,-4.375
2368,2704517,0.426756,-0.342576,-0.8261841,-76.825,-224.7175,4.935
2369,2704614,0.452864,-0.358436,-0.708332,-93.3625,-238.98,9.1875
2370,2704711,0.4758,-0.323544,-0.561688,-107.94,-244.0025,9.0825
2371,2704809,0.61732,-0.242048,-0.533384,-118.02,-236.1625,5.985
2372,2704906,0.883524,-0.199592,-0.6075601,-116.76,-221.9,1.9075
2373,2705004,1.157536,-0.167872,-0.77592,-103.2325,-210.8225,-0.525
2374,2705101,1.345904,-0.224968,-0.888648,-81.235,-208.53,0.28
2375,2705198,1.43106,-0.267668,-0.9089001,-63.2275,-213.465,1.015
2376,2705296,1.49084,-0.205692,-0.873764,-55.72,-218.82,-1.785
2377,2705393,1.596736,-0.053436,-0.8652241,-50.8375,-221.69,-7.8225
2378,2705491,1.701656,0.016348,-0.78446,-39.2875,-224.105,-17.675
2379,2705588,1.709464,-0.092232,-0.576572,-26.9675,-226.1,-33.285
2380,2705685,1.768756,-0.18422,-0.456768,-26.3025,-218.5925,-51.0475
2381,2705783,1.871968,-0.223016,-0.398208,-31.08,-202.965,-62.055
2382,2705880,2.001044,-0.360632,-0.338916,-30.6075,-184.3975,-60.76
2383,2705978,2.062776,-0.450912,-0.264008,-31.2025,-165.7425,-48.475
2384,2706075,2.064728,-0.494832,-0.138836,-34.545,-147.8575,-28.525
2385,2706172,2.045696,-0.477752,-0.008296001,-41.02,-128.4675,-6.0025
2386,2706270,1.992504,-0.39894,0.146156,-49.0175,-109.27,14.875
2387,2706367,1.997628,-0.251076,0.235216,-56.5425,-88.725,30.8875
2388,2706465,1.926624,-0.122,0.344528,-57.33,-69.195,41.195
2389,2706562,1.739964,0.31842,0.687348,-42.07,-47.285,41.125
2390,2706659,1.880508,0.1098,0.558272,2.2225,-5.985,34.8425
2391,2706757,1.476444,0.488732,0.03416,38.6225,21.0525,4.5675
2392,2706854,0.78324,-0.503128,-1.195844,81.46251,27.4225,-32.0425
2393,2706952,-0.6414761,-1.062132,-1.906616,88.76,5.0575,-57.2775
2394,2707049,-0.345504,-1.656516,-1.276364,50.75,22.015,-56.42
2395,2707146,0.736392,-2.000312,-0.749324,32.515,59.325,2.59
2396,2707244,1.42618,-0.519476,-1.28588,-45.815,74.865,36.61
2397,2707341,0.759572,0.9423281,-1.145824,-80.605,36.3125,28.0525
2398,2707438,0.326716,1.262456,-0.859368,-52.3425,18.41,7.7
2399,2707536,0.454328,0.476044,-0.8764481,-9.065,28.8225,-14.1575
2400,2707633,0.481168,-0.054656,-0.8935281,4.1825,29.5925,-27.51
2401,2707731,0.537776,-0.561688,-0.971364,17.045,25.55,-14.2975
2402,2707828,0.5843801,0.047092,-1.0492,9.6425,16.7825,-7.5775
2403,2707925,0.675148,0.183976,-1.004548,-17.7975,10.955,-17.9375
2404,2708023,0.49044,0.036356,-0.930128,-8.1725,-2.3275,-14.98
2405,2708120,0.45994,-0.047336,-0.873032,-9.5375,-3.115,-15.0325
2406,2708217,0.482876,0.168848,-0.866688,-15.47,-1.3825,-15.9775
2407,2708315,0.403088,0.246928,-0.822768,-10.115,-1.225,-14.56
2408,2708412,0.37698,0.148596,-0.8244761,2.135,1.085,-10.885
2409,2708510,0.418948,0.007564001,-0.876692,10.2025,4.725,-7.6475
2410,2708607,0.482632,-0.004148001,-0.868396,11.5675,5.565,-5.8625
2411,2708704,0.447496,0.127368,-0.834724,11.6375,4.76,-3.9375
2412,2708802,0.380396,0.184708,-0.772504,19.565,6.4225,0.0525
2413,2708899,0.389424,0.09418401,-0.8615641,37.03,12.0225,6.9825
2414,2708996,0.571204,-0.11346,-0.96258,44.555,15.6975,11.585
2415,2709094,0.511668,-0.028792,-0.9037761,37.1525,8.33,11.8825
2416,2709191,0.499956,-0.002928,-0.9381801,29.33,4.2875,9.94
2417,2709289,0.4514,-0.05246,-0.8874281,25.0425,0.3675,7.5425
2418,2709386,0.4636,-0.027328,-0.929152,17.6225,-0.8400001,4.97
2419,2709483,0.520452,-0.118096,-0.914268,12.1625,-2.9225,1.7675
2420,2709581,0.50996,-0.08442401,-0.9037761,4.235,-5.88,-1.54
2421,2709678,0.499468,-0.03416,-0.9010921,-2.625,-7.2975,-4.6025
2422,2709776,0.50508,-0.050996,-0.899872,-4.9175,-7.385,-6.965
2423,2709873,0.51484,-0.0061,-0.8903561,-8.1725,-7.0875,-8.7325
2424,2709970,0.51606,0.017568,-0.8874281,-10.745,-6.7725,-9.9925
2425,2710068,0.469212,0.008052001,-0.8827921,-11.48,-6.965,-10.57
2426,2710165,0.476044,0.023912,-0.8847441,-12.81,-6.6325,-11.1475
2427,2710263,0.485316,0.022936,-0.889868,-13.7725,-6.37,-11.4975
2428,2710360,0.462624,0.039284,-0.8708361,-14.245,-6.895,-11.515
2429,2710457,0.470188,0.06075601,-0.8662001,-13.58,-6.7725,-10.85
2430,2710555,0.466284,0.08759601,-0.8471681,-10.29,-6.3175,-8.8725
2431,2710652,0.478484,0.077104,-0.8725441,-5.39,-5.5825,-5.9675
2432,2710750,0.459696,0.0793,-0.8637601,-1.82,-5.4775,-3.71
2433,2710847,0.447252,0.08637601,-0.8652241,1.9775,-5.7575,-1.3475
2434,2710944,0.4453,0.08906,-0.847412,7.5425,-5.5125,1.365
2435,2711042,0.477264,0.06880801,-0.86132,12.3025,-5.11,4.0775
2436,2711139,0.47336,0.008784,-0.8784,15.295,-5.215,5.4425
2437,2711237,0.458232,0.028548,-0.874252,13.825,-5.4775,5.145
2438,2711334,0.460184,0.019032,-0.8857201,13.265,-5.1975,4.55
2439,2711431,0.446276,-0.032208,-0.889624,13.1075,-5.2325,3.5525
2440,2711529,0.451888,-0.019276,-0.9037761,10.115,-4.97,1.505
2441,2711626,0.481412,-0.032696,-0.89426,6.9475,-4.41,-0.595
2442,2711724,0.46848,0.008784,-0.888648,2.905,-4.8475,-2.6425
2443,2711821,0.4514,0.004392,-0.881816,1.0325,-4.7075,-3.8675
2444,2711918,0.457744,0.012688,-0.8791321,0.0175,-4.7075,-4.3925
2445,2712016,0.44286,0.008784,-0.8769361,-0.455,-4.9175,-4.83
2446,2712113,0.465064,0.016836,-0.8903561,-1.7325,-5.11,-5.425
2447,2712210,0.493612,0.017812,-0.879864,-3.7625,-5.5825,-5.845
2448,2712308,0.4933681,0.041968,-0.87474,-5.6,-6.475,-5.915
2449,2712405,0.475312,0.014884,-0.876692,-5.915,-6.65,-5.7925
2450,2712503,0.47214,0.032208,-0.8801081,-6.23,-6.6675,-5.8625
2451,2712600,0.48556,0.019764,-0.877912,-6.0025,-6.335,-5.81
2452,2712697,0.47214,0.034648,-0.883524,-6.5275,-6.6325,-5.74
2453,2712795,0.465064,0.041968,-0.883768,-6.0725,-6.93,-5.2675
2454,2712892,0.465796,0.052216,-0.8784,-5.2325,-7.2275,-4.48
2455,2712990,0.466528,0.066124,-0.861808,-4.1825,-7.6825,-3.535
2456,2713087,0.449692,0.05612,-0.8662001,-1.995,-7.49,-2.5375
2457,2713184,0.4392,0.047824,-0.8671761,0.595,-6.825,-1.61
2458,2713282,0.429684,0.031476,-0.866444,3.1675,-6.3175,-1.1025
2459,2713379,0.437736,0.034648,-0.8713241,4.9525,-5.6175,-0.9275
2460,2713477,0.42456,0.01464,-0.872788,6.37,-5.1975,-1.0675
2461,2713574,0.4209,0.026352,-0.8888921,6.9475,-4.585,-1.33
2462,2713671,0.44408,0.026108,-0.8852321,7.0525,-3.71,-1.6275
2463,2713769,0.46726,0.037088,-0.880352,6.09,-3.535,-1.82
2464,2713866,0.471164,0.04758,-0.87962,5.005,-4.34,-1.4875
2465,2713964,0.469456,0.058804,-0.869616,4.9525,-5.1275,-0.595
2466,2714061,0.479216,0.031476,-0.875228,5.355,-5.4425,0.2275
2467,2714158,0.45872,0.029768,-0.881572,5.4425,-5.775,0.3675
2468,2714256,0.458232,0.019764,-0.885476,4.935,-5.67,0.21
2469,2714353,0.465064,0.033672,-0.880352,4.165,-5.5125,0.14
2470,2714450,0.477508,0.036112,-0.881328,4.0075,-5.495,0.2975
2471,2714548,0.477264,0.029036,-0.8874281,4.445,-5.775,0.595
2472,2714645,0.476288,0.028792,-0.885964,4.3225,-6.1775,0.8225
2473,2714743,0.471896,0.028548,-0.877912,4.34,-6.6675,1.3475
2474,2714840,0.4819,0.038552,-0.86864,4.8475,-6.825,1.8025
2475,2714937,0.482876,0.000976,-0.871568,5.8275,-6.5275,1.575
2476,2715035,0.46604,-0.004148001,-0.887916,5.18,-6.3875,0.5775
2477,2715132,0.43188,0.01708,-0.87962,4.725,-6.475,-0.3675
2478,2715230,0.395768,0.011712,-0.8954801,4.6725,-6.3875,-0.98
2479,2715327,0.45018,0.018056,-0.878156,4.9525,-4.6725,-1.19
2480,2715425,0.455548,0.02196,-0.872788,4.7075,-4.4975,-1.26
2481,2715522,0.46848,0.022204,-0.868884,4.4625,-4.865,-1.085
2482,2715619,0.454816,0.018544,-0.869616,4.1125,-5.11,-0.8925
2483,2715717,0.458232,0.02074,-0.884012,3.4475,-5.215,-1.015
2484,2715814,0.464088,0.010492,-0.889624,3.2375,-5.0925,-0.91
2485,2715912,0.4636,0.026596,-0.883768,2.87,-5.39,-0.7
2486,2716009,0.46238,0.007320001,-0.888648,3.2725,-5.74,-0.105
2487,2716106,0.44774,0.019764,-0.889624,3.7975,-6.3175,0.805
2488,2716204,0.445788,0.011712,-0.886452,5.1975,-6.79,2.5725
2489,2716301,0.454572,0.054412,-0.857172,6.4225,-7.8925,5.075
2490,2716399,0.52582,0.05002,-0.8827921,6.685,-7.3675,6.4575
2491,2716496,0.464576,0.007564001,-0.87108,8.4525,-7.2625,5.215
2492,2716593,0.396744,0.036112,-0.881572,6.335,-6.7025,3.4125
2493,2716691,0.382348,0.012688,-0.908656,6.685,-6.195,2.66
2494,2716788,0.441884,0.037332,-0.890112,6.5275,-4.305,2.2925
2495,2716886,0.425536,0.063928,-0.892552,5.4425,-3.92,2.1875
2496,2716983,0.445544,0.064172,-0.8857201,6.335,-3.395,3.2725
2497,2717080,0.471896,0.02928,-0.887916,8.2775,-3.8325,5.3375
2498,2717178,0.47824,0.016836,-0.8903561,9.3975,-4.41,6.6325
2499,2717275,0.477996,-0.000488,-0.893772,9.835,-4.515,7.07
2500,2717372,0.465308,0.011956,-0.891576,9.6425,-4.725,7.21
2501,2717470,0.467504,-0.020008,-0.8845,9.625,-4.6025,7.35
2502,2717567,0.45384,-0.035136,-0.8949921,8.4875,-4.025,6.475
2503,2717665,0.454816,-0.016104,-0.902556,6.4225,-1.575,5.18
2504,2717762,0.45018,-0.026108,-0.90036,5.2325,1.155,4.41
2505,2717859,0.439932,-0.016592,-0.9052401,3.535,4.725,4.025
2506,2717957,0.432612,0.012688,-0.91744,1.68,9.1175,4.095
2507,2718054,0.484584,0.040992,-0.892064,0.665,14.0875,5.705
2508,2718152,0.366732,0.046848,-0.9718521,-0.7,19.46,8.54
2509,2718249,0.4026,0.0122,-0.9711201,-0.245,28.7525,12.1975
2510,2718346,0.361852,-0.148108,-0.958432,1.155,40.67,13.4575
2511,2718444,0.397476,-0.0976,-0.986248,-1.4875,57.19,8.365
2512,2718541,0.411628,-0.13176,-0.9696561,-1.8725,75.775,1.225
2513,2718639,0.391864,-0.110532,-0.991372,-1.715,96.9675,-6.7375
2514,2718736,0.386252,-0.076616,-1.00894,-1.015,121.0125,-14.455
2515,2718833,0.39162,-0.04758,-1.022848,1.8375,147.3325,-20.3525
2516,2718931,0.375516,0.000732,-1.063596,5.81,175.84,-24.4825
2517,2719028,0.396988,0.057828,-1.086776,12.6875,207.13,-26.565
2518,2719125,0.39284,0.1037,-1.11752,23.5025,238.665,-25.4275
2519,2719223,0.404064,0.136396,-1.119472,37.73,268.7125,-18.9
2520,2719320,0.412116,0.211548,-1.166808,47.95,296.9575,-8.295
2521,2719417,0.437004,0.366732,-1.180716,63.21,324.1,8.47
2522,2719515,0.428708,0.2928,-1.127768,89.845,353.7625,28.4375
2523,2719612,0.577548,0.342088,-1.1529,104.8775,386.8725,43.9075
2524,2719710,0.8132521,0.107604,-1.05286,126.1225,412.895,55.86
2525,2719807,1.13582,-0.204716,-0.883036,138.5475,426.1775,56.1925
2526,2719904,1.541836,-0.299144,-0.86864,128.0475,431.8475,44.6425
2527,2720002,2.073024,-0.414556,-0.9391561,127.6975,418.635,32.41
2528,2720099,2.188192,-0.12444,-1.28344,119.7175,369.845,26.495
2529,2720196,2.171356,0.242292,-1.267336,135.835,298.4275,30.8875
2530,2720294,1.579656,-0.514596,-1.233908,197.1725,222.145,51.03
2531,2720391,0.812276,-0.220576,-0.91134,161.035,150.325,27.685
2532,2720489,0.13664,0.259372,-0.536068,85.085,89.145,-7.4725
2533,2720586,1.77266,-0.270108,-1.232688,70.315,32.515,-5.6875
2534,2720683,0.6985721,-0.449448,-2.038864,-8.5225,-32.06,6.6675
2535,2720781,-0.393816,0.959652,-1.01504,-73.15,-169.4875,-27.58
2536,2720878,-0.403576,1.165832,-0.701744,-45.3075,-157.6925,-42.5075
2537,2720976,-0.214964,0.8169121,-0.654164,44.9925,-147.5775,-44.9575
2538,2721073,-0.026108,0.36356,-0.681248,91.1925,-140.2275,-44.415
2539,2721170,0.036844,0.06124401,-0.703208,91.7175,-152.3375,-45.01
2540,2721268,0.035136,-0.009028001,-0.68686,61.88,-169.505,-46.1825
2541,2721365,0.037088,0.081496,-0.6470881,27.9475,-184.7125,-43.8375
2542,2721463,0.029768,0.16104,-0.598288,8.89,-194.95,-34.9825
2543,2721560,0.053436,0.143228,-0.55998,3.605,-198.345,-21.8225
2544,2721657,0.164212,0.051972,-0.5777921,1.1725,-196.315,-9.1875
2545,2721755,0.337452,-0.056852,-0.660996,-5.95,-195.2125,1.8025
2546,2721852,0.524112,-0.170068,-0.74176,-19.355,-200.585,11.5675
2547,2721949,0.667096,-0.231556,-0.773236,-37.87,-213.115,20.1075
2548,2722047,0.773236,-0.266692,-0.768356,-56.6825,-228.3225,26.8975
2549,2722144,0.8420441,-0.273524,-0.72346,-72.0825,-241.675,32.5325
2550,2722242,0.887672,-0.269864,-0.665876,-83.16001,-249.3575,38.605
2551,2722339,0.902556,-0.274256,-0.5785241,-91.07,-250.4425,44.835
2552,2722436,0.9882001,-0.259616,-0.562664,-99.9775,-243.0225,48.5625
2553,2722534,1.109224,-0.22692,-0.579256,-108.465,-232.505,48.195
2554,2722631,1.22488,-0.135664,-0.61854,-113.96,-223.2825,43.6625
2555,2722729,1.324188,-0.03538,-0.65514,-111.3,-215.81,38.3775
2556,2722826,1.384212,0.022692,-0.665144,-99.225,-208.705,32.7075
2557,2722923,1.46888,0.00488,-0.681736,-84.1225,-199.71,23.94
2558,2723021,1.644072,-0.110532,-0.715408,-71.9075,-190.8725,11.0075
2559,2723118,1.784372,-0.25376,-0.6902761,-66.64,-186.7775,-4.5675
2560,2723216,1.784616,-0.306708,-0.572424,-66.255,-186.2175,-18.27
2561,2723313,1.766804,-0.344284,-0.421632,-62.5625,-180.6175,-25.9
2562,2723410,1.760216,-0.38918,-0.313052,-51.1875,-168.56,-25.4625
2563,2723508,1.768756,-0.4636,-0.278648,-35.91,-152.4775,-17.4825
2564,2723605,1.766804,-0.557784,-0.264252,-22.68,-138.495,-4.83
2565,2723702,1.761436,-0.560468,-0.264008,-19.7925,-127.9425,6.965
2566,2723800,1.658712,-0.466528,-0.2074,-22.8025,-121.275,16.6425
2567,2723897,1.519388,-0.36478,-0.106384,-24.0975,-113.6275,26.2325
2568,2723995,1.42496,-0.269376,-0.054168,-24.8325,-100.1875,34.1075
2569,2724092,1.339804,-0.200568,-0.042212,-25.795,-84.84,38.2025
2570,2724189,1.24074,-0.14762,-0.049044,-27.93,-70.1575,38.36
2571,2724287,1.151192,-0.107848,-0.058316,-30.1525,-55.545,35.6475
2572,2724384,1.075552,-0.092232,-0.057584,-30.9575,-40.4075,31.2725
2573,2724482,1.068476,-0.057828,-0.085156,-29.8025,-24.1325,25.2175
2574,2724579,1.121912,-0.05002,-0.144692,-23.5375,-8.575,19.4075
2575,2724676,1.101416,0.3599,-0.335744,-9.7125,2.275,11.13
2576,2724774,0.894748,0.050508,-0.266692,46.4625,12.1625,1.715
2577,2724871,0.77104,-0.710528,-0.373564,81.165,26.355,2.3275
2578,2724969,0.420168,-0.280112,-0.995764,39.305,28.07,-17.64
2579,2725066,-0.520208,-0.046848,-1.198284,20.1425,38.465,-28.0525
2580,2725163,-0.78812,0.008296001,-2.39242,24.325,38.0625,-27.9825
2581,2725261,-0.152988,-0.737124,-1.155096,65.065,68.5125,-3.9725
2582,2725358,0.764208,-0.791536,-0.3965,51.345,88.0775,20.3175
2583,2725456,1.433256,-0.336232,-0.9845401,13.9825,105.735,23.6075
2584,2725553,1.094828,0.104676,-1.5006,-0.2275,75.6525,16.975
2585,2725650,0.610732,0.358192,-1.1102,0.14,39.305,4.0075
2586,2725748,1.032852,0.273524,-1.493036,14.0,29.925,-1.155
2587,2725845,0.552172,-0.243268,-0.792512,39.83,10.92,4.2875
2588,2725942,0.49288,-0.25498,-0.8847441,23.5025,0.2275,2.3275
2589,2726040,0.561932,-0.063928,-0.9547721,7.8925,6.44,-1.645
2590,2726137,0.511668,0.05734,-0.868152,3.6925,-0.21,-2.9575
2591,2726235,0.504592,-0.037576,-0.8935281,6.37,-0.8925,-1.82
2592,2726332,0.478484,-0.049288,-0.8657121,6.44,-3.08,-0.805
2593,2726429,0.479704,0.012444,-0.8842561,3.535,-3.7625,-0.035
2594,2726527,0.466772,0.027816,-0.883524,6.195,-3.5525,2.1525
2595,2726624,0.45262,0.027572,-0.869616,7.665,-3.815,4.41
2596,2726722,0.493856,0.004148001,-0.8845,5.705,-3.675,5.5475
2597,2726819,0.49044,-0.029768,-0.853756,3.955,-5.7225,6.02
2598,2726916,0.482144,-0.089304,-0.9093881,0.805,-7.14,5.0575
2599,2727014,0.50508,-0.218868,-0.8852321,-2.1175,-7.525,1.9425
2600,2727111,0.542168,-0.156648,-0.8195961,-8.295,-5.985,-3.64
2601,2727208,0.456524,-0.21106,-0.873764,-12.7925,-5.81,-10.57
2602,2727306,0.483364,-0.112972,-0.8852321,-15.0325,-5.1275,-15.645
2603,2727403,0.556564,-0.028304,-0.864736,-19.0575,-3.115,-18.655
2604,2727501,0.55754,0.010248,-0.864004,-22.2425,-6.3525,-20.545
2605,2727598,0.5673,0.050264,-0.8820601,-27.79,-8.82,-21.875
2606,2727695,0.521184,-0.00976,-0.9006041,-28.77,-10.3075,-21.2975
2607,2727793,0.501908,-0.040504,-0.877424,-28.14,-10.3775,-20.755
2608,2727890,0.49654,0.038064,-0.856196,-29.8025,-10.01,-20.23
2609,2727988,0.490196,0.070028,-0.85034,-26.39,-9.835,-17.99
2610,2728085,0.45628,0.057096,-0.8296,-19.145,-10.29,-14.63
2611,2728182,0.454572,0.09906401,-0.8359441,-11.7075,-9.0125,-10.5525
2612,2728280,0.447984,0.08052,-0.846436,-2.1,-7.9975,-5.7575
2613,2728377,0.47214,0.03294,-0.863028,6.3875,-7.0875,-1.7675
2614,2728475,0.457988,0.005612,-0.8759601,9.94,-6.93,0.35
2615,2728572,0.455548,0.033428,-0.8679081,11.6375,-6.7025,1.68
2616,2728669,0.480924,-0.00366,-0.8862081,12.2675,-5.845,1.995
2617,2728767,0.490928,-0.014884,-0.8908441,10.675,-6.055,1.2075
2618,2728864,0.486536,-0.009028001,-0.881816,7.1225,-6.2125,0.4025
2619,2728961,0.48068,-0.00488,-0.877668,5.6525,-6.2475,-0.0875
2620,2729059,0.488976,-0.015128,-0.878156,4.5325,-5.95,-0.7
2621,2729156,0.474824,-0.020008,-0.87718,3.885,-5.845,-1.2075
2622,2729254,0.46726,-0.009516001,-0.874984,3.3775,-5.81,-1.645
2623,2729351,0.464088,-0.011468,-0.866932,3.8325,-5.74,-1.68
2624,2729448,0.47214,0.028548,-0.860832,6.475,-5.635,-0.42
2625,2729546,0.465552,0.025864,-0.866688,10.7975,-6.1425,1.8375
2626,2729643,0.468236,0.007564001,-0.8620521,13.9125,-6.5975,3.64
2627,2729741,0.467504,0.021472,-0.884012,16.3625,-7.1575,5.6
2628,2729838,0.471896,0.007076001,-0.881816,17.955,-7.6825,7.84
2629,2729935,0.457256,0.061976,-0.8718121,16.8175,-9.8,9.8875
2630,2730033,0.49532,0.04026,-0.870104,14.8225,-10.57,10.815
2631,2730130,0.49044,-0.049532,-0.8769361,14.3325,-10.4825,9.5025
2632,2730228,0.472628,-0.05002,-0.890112,11.095,-9.8175,6.7025
2633,2730325,0.488732,-0.070516,-0.877424,8.0675,-8.1025,4.13
2634,2730422,0.484584,-0.08662001,-0.881328,5.6175,-7.105,1.8025
2635,2730520,0.47702,-0.064416,-0.877424,2.3275,-6.3525,-0.91
2636,2730617,0.470432,-0.06344,-0.8764481,-1.0325,-5.7925,-3.4825
2637,2730715,0.46238,-0.030256,-0.874984,-2.695,-5.25,-4.8475
2638,2730812,0.466284,-0.01342,-0.868152,-4.585,-5.005,-6.0375
2639,2730909,0.477264,-0.014884,-0.870592,-8.0675,-5.285,-7.42
2640,2731007,0.474824,-0.057828,-0.883524,-11.095,-6.0025,-8.785
2641,2731104,0.472872,0.004636001,-0.883036,-7.91,-5.9675,-7.875
2642,2731201,0.49288,0.036112,-0.864736,-2.1525,-5.3025,-5.145
2643,2731299,0.476532,0.033428,-0.86132,1.575,-5.8975,-2.485
2644,2731396,0.475556,0.024156,-0.871568,4.13,-6.825,-0.4025
2645,2731494,0.473848,0.008052001,-0.872788,5.985,-7.4375,1.0325
2646,2731591,0.465552,-0.01098,-0.87474,6.7025,-7.875,2.1525
2647,2731688,0.463356,-0.001708,-0.8786441,6.72,-7.9275,2.555
2648,2731786,0.456768,-0.020984,-0.877912,6.475,-7.8925,2.6775
2649,2731883,0.467016,-0.023912,-0.8805961,5.7225,-7.4375,2.345
2650,2731981,0.470188,-0.033184,-0.874984,4.76,-7.5425,1.7325
2651,2732078,0.467504,-0.046116,-0.8808401,3.325,-7.665,0.7875
2652,2732175,0.464576,-0.037576,-0.8893801,2.3975,-7.5775,-0.1575
2653,2732273,0.469944,-0.0183,-0.878888,2.66,-7.1575,-0.3675
2654,2732370,0.4697,-0.01342,-0.874984,3.395,-7.525,-0.0525
2655,2732467,0.47214,-0.000244,-0.8723001,3.8675,-7.9975,0.525
2656,2732565,0.469212,-0.02318,-0.8708361,4.06,-8.2075,0.63
2657,2732662,0.452132,-0.03172,-0.8808401,3.395,-8.295,0.28
2658,2732760,0.455548,-0.032208,-0.87962,2.9225,-7.8225,-0.245
2659,2732857,0.45994,-0.036112,-0.8791321,2.45,-7.4725,-0.8575
2660,2732954,0.464088,-0.030012,-0.8801081,2.0125,-7.0875,-1.4175
2661,2733052,0.464576,-0.029524,-0.877424,1.9075,-6.86,-1.855
2662,2733149,0.466528,-0.029524,-0.87474,1.9075,-6.72,-2.1525
2663,2733247,0.460428,-0.027328,-0.8791321,1.6625,-6.5275,-2.415
2664,2733344,0.4636,-0.017324,-0.883036,1.26,-6.265,-2.8175
2665,2733441,0.470432,-0.016348,-0.8764481,1.05,-5.88,-2.8875
2666,2733539,0.468724,-0.018788,-0.8784,0.8400001,-5.95,-2.8525
2667,2733636,0.460184,-0.017324,-0.8820601,0.35,-6.0725,-3.115
2668,2733734,0.452132,-0.014884,-0.8820601,-0.42,-6.0725,-3.2725
2669,2733831,0.454816,-0.02074,-0.878888,-0.8925,-5.845,-3.43
2670,2733928,0.457012,-0.02562,-0.879864,-1.4525,-5.8275,-3.6925
2671,2734026,0.4575,-0.022692,-0.8874281,-1.855,-5.6175,-3.85
2672,2734123,0.458964,-0.010248,-0.8874281,-0.91,-5.18,-3.5175
2673,2734221,0.467504,-0.01342,-0.882548,0.5425,-4.9875,-2.835
2674,2734318,0.4697,-0.0061,-0.8862081,1.3825,-5.145,-2.24
2675,2734415,0.471896,-0.013908,-0.876692,2.275,-5.46,-1.6975
2676,2734513,0.469212,-0.01098,-0.869616,2.9225,-6.02,-1.295
2677,2734610,0.451888,-0.020984,-0.877912,2.8525,-6.4925,-1.19
2678,2734707,0.453352,-0.02318,-0.877424,2.135,-6.3875,-1.3125
2679,2734805,0.451888,-0.019764,-0.879376,1.3475,-6.16,-1.645
2680,2734902,0.447252,-0.018544,-0.8810841,0.385,-5.88,-1.925
2681,2735000,0.448228,-0.022448,-0.892064,-0.525,-5.0225,-2.2225
2682,2735097,0.445544,-0.022936,-0.888648,-1.26,-4.0425,-2.66
2683,2735194,0.455548,-0.014884,-0.8935281,-2.2925,-2.7825,-3.045
2684,2735292,0.445544,-0.018788,-0.900848,-3.185,-1.9075,-3.465
2685,2735389,0.462136,0.001708,-0.90036,-3.3775,-0.63,-3.5875
2686,2735487,0.46848,0.030012,-0.891088,-2.555,0.2975,-2.9925
2687,2735584,0.472628,0.022936,-0.880352,-1.2075,0.6825,-1.575
2688,2735681,0.468724,-0.009028001,-0.8801081,0.0175,0.4375,-0.21
2689,2735779,0.458232,-0.011712,-0.8957241,0.07,1.0325,0.0175
2690,2735876,0.460428,-0.008784,-0.9018241,-0.2275,2.6775,-0.2275
2691,2735974,0.485316,-0.004636001,-0.880352,-0.595,4.9,-0.245
2692,2736071,0.462868,-0.025376,-0.8847441,-0.8575,6.7375,0.105
2693,2736168,0.464088,-0.022448,-0.89182,-0.875,9.5025,0.3325
2694,2736266,0.47092,-0.008540001,-0.8957241,-0.63,12.32,0.455
2695,2736363,0.463112,-0.008052001,-0.9001161,0.0175,15.4875,0.91
2696,2736461,0.458964,-0.010736,-0.906216,0.945,19.0225,1.5575
2697,2736558,0.45506,-0.03904,-0.897188,1.96,22.5925,1.715
2698,2736655,0.461404,-0.029036,-0.891576,0.875,26.88,0.42
2699,2736753,0.476776,-0.0305,-0.8869401,-0.525,31.605,-1.33
2700,2736850,0.47214,-0.046848,-0.8874281,-0.105,35.91,-2.835
2701,2736948,0.469212,-0.055144,-0.8906,-0.42,40.74,-4.935
2702,2737045,0.480192,-0.04514,-0.8857201,-0.77,46.1475,-7.5775
2703,2737142,0.48678,-0.022692,-0.887184,-0.8225,52.2725,-9.835
2704,2737240,0.495564,-0.002684,-0.887184,-0.595,58.345,-11.0775
2705,2737337,0.499712,0.005124001,-0.887184,-0.2275,64.8375,-11.1475
2706,2737435,0.49776,0.001708,-0.8949921,0.525,71.7325,-10.9725
2707,2737532,0.510936,0.008784,-0.895236,1.4,79.73001,-10.675
2708,2737629,0.503616,0.000976,-0.90646,3.0275,88.9525,-10.5175
2709,2737727,0.515328,-0.004636001,-0.903044,5.3025,99.40001,-10.6575
2710,2737824,0.511424,0.010492,-0.903288,7.3675,110.915,-11.305
2711,2737922,0.527772,0.001708,-0.90402,11.13,123.0775,-11.55
2712,2738019,0.53192,0.027328,-0.926712,14.8225,137.1825,-11.515
2713,2738116,0.525576,0.046116,-0.947696,20.2825,153.2125,-10.29
2714,2738214,0.527284,0.08662001,-0.9577,27.44,170.73,-7.6475
2715,2738311,0.527528,0.109068,-0.974048,35.28,189.3325,-3.3075
2716,2738409,0.544364,0.149816,-0.9618481,43.2425,209.895,3.4475
2717,2738506,0.556076,0.154208,-1.012112,52.535,232.9075,11.8825
2718,2738603,0.570472,0.1708,-1.015772,63.8575,258.2125,20.79
2719,2738701,0.5987761,0.190808,-1.036268,74.55,286.895,28.84
2720,2738798,0.8169121,0.092232,-1.132648,89.32,317.0475,37.205
2721,2738896,1.145336,-0.011224,-1.075552,105.3325,338.415,42.035
2722,2738993,1.306132,-0.255956,-0.915976,114.9925,349.23,41.0725
2723,2739090,1.579412,-0.3111,-0.9784401,108.29,350.77,33.7575
2724,2739188,1.789252,-0.217648,-1.039684,107.1525,333.4275,28.8225
2725,2739285,1.828292,-0.161772,-1.218536,111.4225,295.6625,29.5925
2726,2739383,1.682624,0.007564001,-1.359324,122.3775,245.5425,29.925
2727,2739480,1.074576,0.045872,-1.056276,135.6075,194.8275,27.335
2728,2739577,0.657336,0.006832001,-0.730536,127.19,160.965,23.59
2729,2739675,0.369172,-0.061732,-0.406504,101.71,134.295,20.0375
2730,2739772,0.940864,0.116388,-1.505236,70.4375,89.04,20.1775
2731,2739870,1.28954,-1.469124,-2.279204,38.0975,20.4925,53.7775
2732,2739967,-0.050996,0.50508,-1.523536,-71.015,-115.8675,29.19
2733,2740064,-0.173972,0.911584,-1.086288,-95.5325,-148.855,19.915
2734,2740162,-0.271084,0.858636,-0.824232,-23.5375,-159.5825,25.165
2735,2740259,-0.148108,0.60512,-0.7890961,26.4075,-152.495,20.895
2736,2740357,-0.038308,0.287676,-0.7617681,47.6,-157.4125,15.6275
2737,2740454,-0.01342,0.117852,-0.7442,34.6675,-170.065,6.6325
2738,2740551,-0.010004,0.155428,-0.711504,5.67,-183.8725,-2.205
2739,2740649,0.023668,0.240096,-0.6790521,-17.3425,-193.095,-5.6875
2740,2740746,0.079056,0.230092,-0.650016,-26.075,-196.9625,-3.64
2741,2740844,0.140056,0.11712,-0.610976,-28.4725,-198.17,0.2625
2742,2740941,0.254004,-0.02074,-0.615612,-36.47,-197.75,2.3625
2743,2741038,0.408212,-0.110532,-0.666364,-52.71,-198.1175,1.575
2744,2741134,0.609268,-0.166896,-0.775188,-71.92501,-201.53,-1.05
2745,2741232,0.8020281,-0.20862,-0.86498,-88.6025,-210.3325,-3.9725
2746,2741329,0.90036,-0.232776,-0.892308,-99.40001,-224.665,-6.23
2747,2741427,0.926468,-0.272792,-0.822036,-104.23,-238.875,-7.28
2748,2741524,0.9311041,-0.316712,-0.709796,-106.82,-246.26,-6.8075
2749,2741621,0.970388,-0.312564,-0.648064,-109.8825,-243.81,-5.2675
2750,2741719,1.092144,-0.2623,-0.6422081,-111.6675,-234.2025,-3.255
2751,2741816,1.16144,-0.187148,-0.636596,-105.805,-224.35,-1.89
2752,2741914,1.271972,-0.1464,-0.673684,-91.7525,-212.0825,-0.9625
2753,2742011,1.406416,-0.192028,-0.739076,-73.90251,-200.3225,-2.8525
2754,2742108,1.601372,-0.265472,-0.8049561,-62.965,-192.7975,-9.94
2755,2742206,1.702632,-0.334524,-0.75884,-58.065,-192.8675,-18.4975
2756,2742303,1.689944,-0.334036,-0.64416,-58.065,-193.8125,-25.3575
2757,2742400,1.691652,-0.263276,-0.517768,-58.1175,-187.4075,-28.2975
2758,2742498,1.746308,-0.27328,-0.426268,-51.59,-173.6175,-26.3725
2759,2742595,1.78608,-0.327448,-0.348432,-43.61,-158.1125,-20.6325
2760,2742693,1.753628,-0.357704,-0.266204,-41.7725,-144.7425,-14.0
2761,2742790,1.72142,-0.361852,-0.22326,-45.7275,-132.0375,-8.05
2762,2742887,1.71898,-0.341112,-0.233508,-50.0325,-120.4,-3.255
2763,2742985,1.684088,-0.336964,-0.172996,-48.895,-112.21,1.2775
2764,2743082,1.58234,-0.325984,-0.028792,-43.085,-104.8775,5.6
2765,2743180,1.50914,-0.303048,0.081496,-36.505,-90.89499,8.6975
2766,2743277,1.489376,-0.238632,0.112484,-29.225,-72.555,10.1325
2767,2743374,1.487668,-0.204472,0.104432,-19.1975,-54.5475,10.255
2768,2743472,1.460096,-0.188856,0.08100801,-9.52,-39.5675,9.52
2769,2743569,1.397632,-0.157136,0.078812,-3.1325,-26.915,7.6125
2770,2743667,1.342732,-0.147132,0.066124,0.735,-13.8075,5.9675
2771,2743764,1.218292,-0.13298,0.048068,2.24,-0.6825,4.9175
2772,2743861,0.938912,0.44774,-0.049776,12.1975,11.3925,-1.8025
2773,2743959,0.92354,-0.209596,-0.184952,61.565,29.2425,-3.08
2774,2744056,0.564372,-0.46482,-0.373564,67.375,43.61,-12.635
2775,2744153,-0.0122,-0.160064,-1.181204,32.76,55.09,-33.18
2776,2744251,-1.129964,-0.028304,-2.919704,34.685,50.085,-41.6325
2777,2744348,-0.711504,-1.347612,-2.87798,86.59,50.6975,-20.86
2778,2744446,0.2989,-2.287988,0.048312,73.29,53.865,20.0025
2779,2744543,1.609424,-0.399428,-0.133224,-55.755,87.97251,29.7675
2780,2744640,2.061312,1.416908,-2.556388,-63.875,90.66751,26.8275
2781,2744738,0.823744,1.484252,-1.074088,4.41,6.23,3.745
2782,2744835,-0.039284,-0.431636,-0.359412,63.98,-33.53,9.8875
2783,2744933,0.698328,-0.815204,-1.233176,63.49,22.855,15.2425
2784,2745030,0.31598,-0.115168,-0.6649,20.1425,1.715,4.655
2785,2745127,0.514352,0.375272,-0.96258,12.04,6.6675,0.6825
2786,2745225,0.532652,-0.06222,-0.914756,29.8025,6.475,4.1125
2787,2745322,0.506056,-0.249124,-0.8620521,26.95,-0.2275,4.585
2788,2745419,0.500688,-0.000732,-0.873276,11.1475,-0.8400001,1.5575
2789,2745517,0.50874,0.021472,-0.8954801,9.275,-2.17,1.6625
2790,2745614,0.454328,-0.062464,-0.873032,14.9275,-3.395,4.34
2791,2745712,0.42944,-0.033672,-0.8808401,12.8975,-3.1675,5.1625
2792,2745809,0.447496,-0.05172801,-0.8642481,11.3925,-4.095,5.3725
2793,2745906,0.451888,-0.037576,-0.8620521,8.085,-6.02,5.075
2794,2746004,0.480436,-0.08052,-0.870592,4.8475,-6.93,3.8675
2795,2746101,0.481168,-0.12688,-0.85522,2.835,-8.47,2.1
2796,2746199,0.483852,-0.110776,-0.8676641,-1.4175,-8.9775,-0.6825
2797,2746296,0.514352,-0.13664,-0.883036,-3.8675,-9.24,-3.78
2798,2746393,0.535092,-0.08808401,-0.871568,-3.43,-8.365,-4.865
2799,2746491,0.490928,0.014152,-0.901336,-2.3975,-7.21,-3.395
2800,2746588,0.481656,-0.009272001,-0.8893801,1.61,-6.4925,-0.945
2801,2746686,0.4984921,0.035624,-0.8866961,3.9375,-5.7925,1.925
2802,2746783,0.509716,0.074664,-0.87962,4.9875,-4.69,5.425
2803,2746880,0.47214,0.022204,-0.865956,5.6875,-4.6725,8.68
2804,2746978,0.48434,-0.036356,-0.872788,4.27,-3.8675,10.115
2805,2747075,0.491172,-0.072712,-0.865468,3.6925,-4.7425,9.9925
2806,2747173,0.466528,-0.102236,-0.86498,4.235,-6.86,8.9425
2807,2747270,0.464576,-0.130784,-0.859856,4.0075,-8.33,7.2275
2808,2747367,0.466284,-0.120048,-0.875472,2.0825,-8.5575,5.1975
2809,2747465,0.472872,-0.09442801,-0.875716,0.98,-8.4875,3.255
2810,2747562,0.469456,-0.086132,-0.8703481,0.4025,-8.26,1.8375
2811,2747659,0.481168,-0.07076001,-0.8764481,0.1575,-8.47,0.7175
2812,2747757,0.501908,-0.059048,-0.869372,0.21,-8.2075,0.175
2813,2747854,0.497028,-0.036356,-0.876692,-0.14,-7.98,0.0525
2814,2747951,0.484828,-0.045384,-0.872056,0.4025,-7.9275,0.21
2815,2748049,0.475068,-0.038064,-0.87962,1.05,-7.7525,0.35
2816,2748146,0.47336,-0.044164,-0.873032,1.4875,-7.525,0.805
2817,2748244,0.47946,-0.05124001,-0.868396,1.61,-7.1575,0.98
2818,2748341,0.475312,-0.05978,-0.8725441,1.785,-7.2625,0.98
2819,2748438,0.476532,-0.057096,-0.8786441,1.7325,-7.49,0.7525
2820,2748536,0.486536,-0.0793,-0.868152,2.1875,-7.56,0.2975
2821,2748633,0.4743361,-0.07198,-0.872056,1.9775,-7.3325,-0.49
2822,2748730,0.456524,-0.07027201,-0.873032,1.82,-7.3325,-1.4
2823,2748828,0.461404,-0.06344,-0.876692,1.5225,-7.0,-2.0125
2824,2748925,0.476532,-0.048556,-0.88328,1.0675,-6.2825,-2.1
2825,2749023,0.468968,-0.052704,-0.8820601,1.2775,-6.0375,-1.5575
2826,2749120,0.483852,-0.040992,-0.877424,1.4,-5.88,-1.2075
2827,2749217,0.47702,-0.058804,-0.872788,2.03,-5.88,-0.7
2828,2749315,0.471164,-0.060024,-0.870104,2.135,-5.8625,-0.455
2829,2749412,0.470188,-0.0549,-0.87718,1.8375,-5.8275,-0.4025
2830,2749510,0.47092,-0.053192,-0.873764,2.31,-5.8975,-0.3675
2831,2749607,0.470432,-0.053192,-0.875472,2.45,-5.985,-0.175
2832,2749704,0.46726,-0.06075601,-0.874252,2.87,-6.02,0.035
2833,2749802,0.465552,-0.064416,-0.874252,2.625,-5.95,0.1575
2834,2749899,0.465064,-0.067832,-0.8769361,2.835,-6.125,-0.035
2835,2749997,0.4636,-0.06466001,-0.878156,2.5375,-6.02,-0.2275
2836,2750094,0.464576,-0.06661201,-0.8759601,2.4325,-5.9675,-0.5075
2837,2750191,0.466284,-0.054412,-0.876204,2.1875,-5.8275,-0.8225
2838,2750289,0.4575,-0.054656,-0.877912,2.38,-6.0375,-0.875
2839,2750386,0.4575,-0.0549,-0.873764,2.5725,-6.44,-0.6475
2840,2750484,0.454572,-0.060024,-0.87108,2.8175,-7.175,-0.6825
2841,2750581,0.462624,-0.054168,-0.8708361,2.38,-7.56,-0.8575
2842,2750678,0.468968,-0.060024,-0.8671761,2.5725,-7.8225,-0.56
2843,2750776,0.471164,-0.061488,-0.8713241,2.3275,-8.0675,-0.49
2844,2750873,0.465552,-0.069784,-0.8801081,2.3625,-8.26,-0.5775
2845,2750971,0.469944,-0.057828,-0.8801081,2.2225,-7.98,-0.6475
2846,2751068,0.468724,-0.0671,-0.875228,2.205,-7.6475,-0.525
2847,2751165,0.465552,-0.068564,-0.8744961,2.1,-7.525,-0.665
2848,2751263,0.452864,-0.07515201,-0.875228,2.1525,-7.7,-1.015
2849,2751360,0.449936,-0.06954,-0.8791321,1.89,-7.6475,-1.715
2850,2751458,0.455792,-0.077836,-0.876204,1.82,-7.5775,-2.31
2851,2751555,0.463844,-0.057828,-0.8820601,1.89,-7.7175,-2.66
2852,2751652,0.461892,-0.06124401,-0.877912,1.9775,-7.5775,-2.625
2853,2751750,0.465796,-0.054412,-0.883524,1.925,-7.2625,-2.2225
2854,2751847,0.466772,-0.06539201,-0.8769361,2.0125,-6.7725,-1.82
2855,2751944,0.462136,-0.067588,-0.879376,2.065,-6.4225,-1.645
2856,2752042,0.463844,-0.068076,-0.880352,2.1175,-6.2475,-1.82
2857,2752139,0.453108,-0.072712,-0.875228,2.3275,-5.8275,-2.03
2858,2752237,0.441884,-0.073688,-0.87474,2.1875,-6.1075,-2.3975
2859,2752334,0.451156,-0.064172,-0.8808401,1.855,-6.475,-2.9925
2860,2752431,0.455792,-0.064904,-0.880352,2.0475,-6.895,-3.36
2861,2752529,0.4697,-0.042944,-0.889624,2.1175,-6.8775,-3.2375
2862,2752626,0.467992,-0.05368,-0.8784,2.835,-6.7025,-2.45
2863,2752723,0.466284,-0.060268,-0.876692,2.9575,-6.545,-1.8725
2864,2752821,0.456036,-0.062952,-0.88328,2.87,-6.615,-1.68
2865,2752918,0.460672,-0.06563601,-0.8857201,2.9575,-6.825,-1.82
2866,2753016,0.4594521,-0.06222,-0.883524,3.2025,-6.825,-1.96
2867,2753113,0.456036,-0.06563601,-0.883768,3.3425,-6.65,-2.0475
2868,2753210,0.459208,-0.066124,-0.8847441,3.57,-6.5625,-2.1875
2869,2753308,0.451644,-0.060512,-0.885964,3.5525,-6.1425,-2.205
2870,2753405,0.452864,-0.046116,-0.8869401,3.675,-5.775,-2.03
2871,2753502,0.457256,-0.04758,-0.892552,3.675,-5.355,-1.505
2872,2753600,0.45506,-0.04636,-0.8842561,4.13,-5.3725,-0.98
2873,2753697,0.438224,-0.054656,-0.891088,3.99,-5.4075,-0.63
2874,2753795,0.444568,-0.046116,-0.898408,3.7975,-5.46,-0.6825
2875,2753892,0.472384,0.013664,-0.9018241,3.115,-3.92,-0.4375
2876,2753989,0.467992,-0.030988,-0.870592,5.005,-3.29,1.4175
2877,2754087,0.431148,-0.073932,-0.877424,6.0025,-4.0425,2.555
2878,2754184,0.419436,-0.08662001,-0.878888,5.1625,-4.4625,1.9075
2879,2754281,0.419924,-0.100772,-0.868152,3.6575,-4.2,0.21
2880,2754379,0.414556,-0.124196,-0.8679081,2.485,-3.9375,-2.1525
2881,2754476,0.448472,-0.105408,-0.8930401,1.19,-2.975,-4.9875
2882,2754574,0.456524,-0.07198,-0.8893801,1.085,-1.435,-6.1425
2883,2754671,0.458476,-0.070028,-0.8764481,1.4175,-0.07,-6.405
2884,2754768,0.445056,-0.076372,-0.864492,0.7175,1.0675,-7.0
2885,2754866,0.451644,-0.065148,-0.8657121,-0.665,2.31,-8.2075
2886,2754963,0.45506,-0.085888,-0.860588,-2.1175,4.235,-9.1
2887,2755061,0.416264,-0.022936,-0.9154881,-3.745,7.2975,-9.345
2888,2755158,0.442372,-0.019032,-0.93696,-5.9325,13.055,-7.7
2889,2755255,0.429684,-0.029768,-0.9757561,-4.9875,22.2425,-4.83
2890,2755353,0.429196,-0.033428,-0.9989361,-3.465,33.25,-2.38
2891,2755450,0.31232,-0.21838,-0.9869801,1.295,47.32,-2.31
2892,2755547,0.419924,-0.021716,-1.071404,-2.7825,68.0575,-6.2825
2893,2755645,0.418948,-0.083448,-0.9916161,1.6275,87.22,-8.19
2894,2755742,0.425292,-0.022692,-1.024556,5.775,106.8375,-10.2725
2895,2755840,0.415044,-0.038308,-1.00528,11.9175,126.9275,-11.4275
2896,2755937,0.406748,-0.04148,-1.019676,17.6575,147.525,-12.145
2897,2756034,0.40748,0.000244,-1.076284,23.0125,172.0425,-12.7225
2898,2756132,0.412604,0.024156,-1.09922,33.145,201.215,-12.25
2899,2756229,0.378444,0.058804,-1.149484,44.59,232.1375,-7.98
2900,2756327,0.42456,0.0854,-1.167296,58.3625,261.24,0.42
2901,2756424,0.447252,0.128344,-1.179008,70.1925,287.0525,10.9025
2902,2756521,0.517524,0.120048,-1.162904,86.8525,309.5575,24.3075
2903,2756619,0.681248,0.108336,-1.1407,103.6875,332.5,37.1
2904,2756716,0.788608,0.010004,-1.199016,125.16,352.695,49.21
2905,2756814,0.887184,-0.264496,-1.05408,146.2125,366.835,54.11
2906,2756911,1.085312,-0.241804,-0.9340321,137.4625,377.405,43.575
2907,2757008,1.525488,-0.130052,-1.209264,129.115,378.5425,35.1225
2908,2757106,1.585024,-0.377712,-1.184132,156.135,352.695,39.9175
2909,2757203,1.668228,-0.32208,-1.285636,168.21,311.08,37.8525
2910,2757301,1.4701,-0.140788,-1.308328,160.2825,265.6675,25.6725
2911,2757398,1.123864,-0.107604,-0.9813681,141.4175,217.175,11.7775
2912,2757495,0.665144,0.236924,-0.932812,107.03,163.0125,-6.195
2913,2757593,0.54656,-0.497516,-1.2139,86.4325,71.61,-13.9475
2914,2757690,1.53964,-1.282708,-2.830156,12.4425,-18.2875,-0.4375
2915,2757787,-0.53314,0.466772,-1.291004,-117.7575,-139.02,-22.7325
2916,2757885,-0.583648,1.093608,-1.030412,-142.3625,-177.6075,-39.3925
2917,2757982,-0.453352,0.920368,-0.781776,-46.9175,-162.1725,-36.645
2918,2758080,-0.096868,0.27572,-0.916464,22.9775,-150.115,-26.8975
2919,2758177,0.05124001,-0.121024,-0.951112,28.7875,-164.43,-21.0525
2920,2758274,0.050752,-0.09540401,-0.930616,-11.2875,-192.85,-21.6125
2921,2758372,-0.021472,0.127368,-0.800564,-48.685,-219.275,-19.845
2922,2758469,-0.064416,0.243024,-0.661484,-60.55,-232.4875,-13.8775
2923,2758567,-0.057828,0.1647,-0.550708,-56.315,-232.33,-6.65
2924,2758664,-0.027572,0.031476,-0.499712,-55.755,-225.5925,-2.73
2925,2758761,0.09345201,-0.070516,-0.5314321,-67.1475,-214.9525,-3.9375
2926,2758859,0.257664,-0.109068,-0.6283,-83.405,-206.2725,-8.365
2927,2758956,0.401868,-0.111264,-0.734928,-94.79751,-202.9475,-13.7375
2928,2759054,0.635376,-0.170068,-0.875472,-97.12501,-202.125,-17.045
2929,2759151,0.927932,-0.29524,-1.011624,-94.4825,-205.3275,-17.3775
2930,2759248,1.103368,-0.42578,-1.036268,-92.1025,-218.0675,-13.8075
2931,2759346,1.109468,-0.476044,-0.926468,-95.55,-234.01,-7.98
2932,2759443,1.129232,-0.369416,-0.8378961,-102.025,-240.7125,-4.1475
2933,2759541,1.27002,-0.212768,-0.836188,-99.47001,-235.865,-1.9075
2934,2759638,1.472296,-0.165432,-0.858392,-84.00001,-228.48,-1.9425
2935,2759735,1.6714,-0.253516,-0.8132521,-66.4475,-224.7525,-6.3175
2936,2759833,1.848544,-0.348188,-0.722728,-61.075,-222.53,-16.1
2937,2759930,1.943216,-0.314272,-0.624884,-64.9425,-219.5025,-26.775
2938,2760027,2.059116,-0.206424,-0.571936,-65.5725,-212.24,-32.725
2939,2760125,2.135732,-0.216184,-0.480192,-53.06,-203.8225,-32.62
2940,2760222,2.17038,-0.327204,-0.351116,-39.2875,-196.28,-29.6975
2941,2760320,2.105964,-0.341356,-0.192028,-33.845,-187.88,-26.5475
2942,2760417,2.000556,-0.344528,-0.018544,-30.765,-175.1225,-20.405
2943,2760514,1.90686,-0.382836,0.145668,-27.8425,-156.905,-11.095
2944,2760612,1.881728,-0.369904,0.22204,-30.66,-133.3675,-1.7675
2945,2760709,1.66896,-0.224724,0.38308,-32.235,-110.04,6.6325
2946,2760807,2.02032,-0.26352,0.524112,-16.59,-74.6375,14.035
2947,2760904,1.93858,-0.28914,0.665144,0.14,-40.495,18.375
2948,2761001,1.974936,-0.016592,0.6790521,14.3325,-9.8875,5.425
2949,2761099,1.355908,0.267912,0.255224,49.0525,19.0575,-18.4625
2950,2761196,0.407968,-1.075796,-1.516216,97.07251,35.875,-31.5875
2951,2761294,-0.46116,-1.538664,-1.80194,86.8,29.1025,-34.4575
2952,2761391,0.4026,-1.100684,-0.951844,20.44,50.6975,-15.8725
2953,2761488,0.9730721,-0.6919841,-0.810568,4.69,65.5375,25.235
2954,2761586,0.831308,0.072468,-1.214632,-19.5475,58.9575,28.9625
2955,2761683,0.493124,0.584868,-1.081408,-30.0475,37.4325,10.745
2956,2761780,0.32574,0.50996,-0.8174001,-8.9775,30.6775,-2.1875
2957,2761878,0.331596,0.130784,-0.796172,6.195,37.66,-12.1975
2958,2761975,0.332572,-0.21716,-0.773724,10.22,42.4025,-17.0975
2959,2762073,0.28182,-0.272548,-0.719556,8.1725,46.2525,-12.3025
2960,2762170,0.290848,-0.11956,-0.722728,5.7575,54.46,-1.155
2961,2762268,0.351604,0.197396,-0.753716,0.8225,63.315,3.255
2962,2762365,0.38796,0.41968,-0.820328,4.7775,69.0025,1.925
2963,2762462,0.680516,0.067588,-1.47986,17.4825,72.73,-0.5775
2964,2762560,1.673596,-0.224236,-1.386408,9.8175,46.935,-0.875
2965,2762657,0.024888,0.111264,-0.5077641,28.1925,-24.605,9.6425
2966,2762754,0.816424,-0.149816,-1.17608,2.0475,8.155,6.405
2967,2762852,0.312076,-0.235216,-0.7605481,10.7975,-11.41,4.13
2968,2762949,0.675148,-0.1098,-0.942816,-8.33,-6.405,-1.89
2969,2763047,0.634644,-0.07490801,-0.8913321,-11.97,-4.9175,-7.6825
2970,2763144,0.55266,-0.11834,-0.9098761,-11.76,-7.875,-10.92
2971,2763241,0.532408,-0.156648,-0.87474,-14.105,-4.235,-14.4025
2972,2763339,0.581208,-0.059048,-0.876692,-19.6875,-1.225,-18.305
2973,2763436,0.590724,-0.012688,-0.87718,-22.7675,-1.19,-19.7575
2974,2763534,0.53924,-0.032696,-0.8430201,-19.7575,-2.975,-18.13
2975,2763631,0.523624,0.106384,-0.841556,-15.0675,-3.395,-14.945
2976,2763728,0.523136,0.14518,-0.833504,-8.4875,-3.7975,-10.9375
2977,2763826,0.47214,0.09711201,-0.840824,-0.525,-6.2125,-5.9675
2978,2763923,0.475556,0.109312,-0.866688,6.8075,-6.93,-1.19
2979,2764021,0.492392,0.020252,-0.864004,12.8275,-7.1575,2.4325
2980,2764118,0.444812,0.011956,-0.85888,16.52,-9.695,5.1625
2981,2764215,0.476044,0.050996,-0.8744961,17.85,-10.5875,7.8575
2982,2764313,0.491416,0.021716,-0.876692,18.725,-12.2675,10.2025
2983,2764410,0.447984,-0.022204,-0.8845,17.6925,-15.295,12.04
2984,2764508,0.473116,-0.004148001,-0.87352,13.8775,-16.485,12.9675
2985,2764605,0.544852,-0.011224,-0.861808,10.36,-15.2425,11.7775
2986,2764702,0.4941,-0.090036,-0.869372,8.5925,-15.1025,8.505
2987,2764800,0.504104,-0.071736,-0.8740081,6.3175,-12.775,5.3375
2988,2764897,0.494832,-0.059536,-0.8676641,5.005,-11.2175,3.115
2989,2764994,0.483852,-0.03294,-0.858636,4.41,-9.9225,1.5925
2990,2765092,0.480192,-0.02318,-0.8662001,3.325,-9.0825,0.5075
2991,2765189,0.477264,-0.028792,-0.8637601,3.0275,-8.0325,-0.4025
2992,2765287,0.467504,-0.033428,-0.874984,2.0475,-7.4375,-1.4875
2993,2765384,0.477752,-0.02318,-0.876204,1.75,-7.21,-1.7675
2994,2765481,0.50386,-0.014884,-0.869128,1.4875,-6.405,-1.5225
2995,2765579,0.49654,-0.020008,-0.8713241,1.96,-6.51,-1.1375
2996,2765676,0.497028,-0.011956,-0.875228,2.0125,-6.0725,-0.91
2997,2765774,0.492636,-0.010004,-0.877424,2.45,-5.53,-0.315
2998,2765871,0.482876,-0.012932,-0.873764,2.695,-5.2325,0.35
2999,2765968,0.482388,-0.011712,-0.873032,2.485,-4.83,0.7525
3000,2766066,0.48556,-0.01342,-0.87352,1.89,-4.4275,1.015
3001,2766163,0.49166,-0.016104,-0.869616,1.68,-4.025,1.3475
3002,2766260,0.486048,-0.009272001,-0.873032,1.505,-3.885,1.855
3003,2766358,0.48434,-0.010248,-0.879864,0.735,-3.535,2.4675
3004,2766455,0.489952,-0.009516001,-0.877912,0.91,-3.2375,3.22
3005,2766553,0.48312,-0.007320001,-0.875472,0.8400001,-3.2375,4.0425
3006,2766650,0.489952,-0.020984,-0.8679081,1.61,-3.29,4.7775
3007,2766747,0.494832,-0.02684,-0.868152,2.3275,-3.815,4.8825
3008,2766845,0.490196,-0.028792,-0.868152,3.1675,-4.2525,4.76
3009,2766942,0.481412,-0.037576,-0.868396,3.64,-4.4625,4.55
3010,2767040,0.468724,-0.04026,-0.86132,4.2,-4.795,4.1125
3011,2767137,0.460184,-0.035624,-0.8676641,4.0425,-5.53,3.3775
3012,2767235,0.476776,-0.03782,-0.8657121,3.9375,-5.985,2.765
3013,2767332,0.475312,-0.031964,-0.8676641,3.9725,-6.51,2.2575
3014,2767429,0.476288,-0.03172,-0.866932,4.0075,-6.7375,1.9775
3015,2767527,0.478728,-0.031232,-0.863516,3.78,-6.8425,1.6275
3016,2767624,0.468968,-0.036844,-0.86498,3.4475,-6.965,1.0675
3017,2767721,0.467992,-0.035624,-0.866444,3.15,-7.2275,0.595
3018,2767819,0.470432,-0.04758,-0.864736,2.9925,-7.6475,-0.035
3019,2767916,0.47458,-0.032696,-0.87352,2.6425,-7.875,-0.7
3020,2768014,0.478484,-0.024156,-0.87108,2.73,-7.5775,-0.595
3021,2768111,0.481656,-0.038308,-0.8703481,3.0275,-7.56,-0.2625
3022,2768208,0.48434,-0.03416,-0.868396,2.975,-7.5425,-0.1575
3023,2768306,0.47336,-0.0488,-0.8652241,2.6425,-7.4725,-0.2625
3024,2768403,0.460916,-0.050264,-0.8718121,2.2925,-7.6825,-0.8925
3025,2768501,0.455548,-0.044164,-0.873276,2.31,-7.8925,-1.645
3026,2768598,0.46238,-0.038308,-0.872056,2.2925,-8.0675,-2.135
3027,2768695,0.477264,-0.040016,-0.870104,2.3275,-8.365,-2.3975
3028,2768793,0.477752,-0.035136,-0.8718121,2.3975,-8.3825,-2.415
3029,2768890,0.47824,-0.03904,-0.871568,2.1175,-8.295,-2.3975
3030,2768988,0.469456,-0.046116,-0.8676641,1.9075,-8.26,-2.3975
3031,2769085,0.467504,-0.040992,-0.8708361,1.5925,-8.2425,-2.8
3032,2769182,0.469456,-0.040504,-0.8679081,1.645,-8.26,-3.22
3033,2769280,0.4636,-0.038552,-0.8725441,1.365,-8.6625,-3.675
3034,2769377,0.466284,-0.032696,-0.868152,1.33,-8.9425,-4.2
3035,2769474,0.460428,-0.037576,-0.868884,1.33,-9.38,-4.6025
3036,2769572,0.466528,-0.040016,-0.8708361,1.365,-9.7825,-5.285
3037,2769669,0.476288,-0.02806,-0.877668,1.365,-9.9225,-6.02
3038,2769767,0.472628,-0.022448,-0.883036,1.2775,-9.8525,-5.915
3039,2769864,0.479704,-0.011224,-0.8827921,1.3475,-9.135,-5.1625
3040,2769961,0.480924,-0.017324,-0.87718,1.4,-8.4875,-4.1475
3041,2770059,0.470188,-0.031232,-0.87718,1.6625,-8.33,-3.43
3042,2770156,0.462136,-0.030988,-0.877912,1.68,-8.1725,-3.5175
3043,2770254,0.459696,-0.0427,-0.878888,1.8025,-7.8575,-3.9375
3044,2770351,0.461648,-0.026596,-0.8888921,1.4875,-7.315,-4.3225
3045,2770448,0.46238,-0.026596,-0.8862081,1.995,-6.755,-4.2525
3046,2770546,0.470676,-0.012444,-0.884012,2.0475,-5.915,-3.92
3047,2770643,0.47702,-0.008540001,-0.885476,2.2575,-5.2325,-2.8525
3048,2770741,0.467504,-0.019032,-0.873764,2.5025,-5.1275,-1.8375
3049,2770838,0.461648,-0.037088,-0.87352,2.38,-5.04,-1.575
3050,2770935,0.448716,-0.027816,-0.884988,1.715,-4.4275,-1.9075
3051,2771033,0.4514,-0.002928,-0.8847441,0.42,-2.9225,-2.59
3052,2771130,0.452864,-0.02318,-0.882304,-0.2625,-1.19,-2.6775
3053,2771227,0.449204,-0.052948,-0.879376,-0.1225,0.1575,-2.6775
3054,2771325,0.444324,-0.060268,-0.8903561,-0.805,2.0475,-3.6575
3055,2771422,0.460184,-0.043188,-0.904996,-2.31,4.935,-5.3025
3056,2771520,0.469944,-0.020496,-0.9052401,-2.8875,8.26,-5.9675
3057,2771617,0.504348,-0.036356,-0.866444,-2.31,11.4625,-5.4425
3058,2771714,0.453596,-0.0183,-0.9059721,-2.8875,14.805,-5.285
3059,2771812,0.466528,-0.000244,-0.9108521,-3.4825,18.97,-5.0925
3060,2771909,0.46482,-0.013664,-0.9167081,-2.7475,23.6775,-4.445
3061,2772007,0.444568,-0.033916,-0.9189041,-1.925,29.6625,-4.095
3062,2772104,0.410164,-0.106384,-0.9084121,-1.4525,37.625,-5.04
3063,2772201,0.45506,-0.034892,-0.9440361,-4.4975,46.8125,-7.7175
3064,2772299,0.460184,-0.06466001,-0.8976761,-3.9375,55.1075,-9.3975
3065,2772396,0.481168,-0.038796,-0.8976761,-3.99,63.4375,-11.1125
3066,2772494,0.48556,-0.037332,-0.8930401,-3.15,71.225,-12.985
3067,2772591,0.488,-0.039528,-0.8903561,-2.31,79.2225,-14.6825
3068,2772688,0.506056,-0.027572,-0.892796,-1.7325,88.2875,-16.4675
3069,2772786,0.49654,-0.024156,-0.902556,-1.3475,97.9125,-17.99
3070,2772883,0.498004,-0.000732,-0.927688,-0.8575,109.2875,-19.075
3071,2772981,0.504592,0.040016,-0.946232,0.945,122.78,-19.1275
3072,2773078,0.5058121,0.061976,-0.949648,5.2325,137.2525,-17.4825
3073,2773175,0.524112,0.086132,-0.9623361,10.745,152.32,-14.77
3074,2773273,0.540948,0.070516,-0.949404,18.585,167.3525,-10.64
3075,2773370,0.555588,0.054412,-0.930616,26.0575,182.8575,-6.1075
3076,2773468,0.55022,0.09516001,-0.949892,32.3225,198.7825,-1.0675
3077,2773565,0.532652,0.098332,-0.940132,41.02,215.88,5.075
3078,2773662,0.529724,0.155184,-0.996008,50.05,236.915,12.53
3079,2773760,0.54656,0.19154,-1.01382,61.145,262.0275,21.2275
3080,2773857,0.5968241,0.239852,-1.048712,77.175,291.515,32.4275
3081,2773955,0.63318,0.212036,-1.11874,96.35501,324.2225,44.4675
3082,2774052,0.71858,0.051972,-1.036512,115.5175,358.6975,53.445
3083,2774149,1.07482,-0.280112,-0.815692,119.1225,388.6575,48.37
3084,2774247,1.503528,-0.280844,-0.885964,101.5525,401.415,32.8825
3085,2774344,1.930772,-0.381128,-0.856196,103.0575,395.4825,20.965
3086,2774441,2.038132,-0.278404,-1.031144,106.855,362.915,15.925
3087,2774539,2.051552,0.025132,-1.224392,111.58,311.0625,20.9125
3088,2774636,1.714344,-0.265228,-1.456924,158.4625,248.78,36.47
3089,2774734,1.341512,-0.043432,-1.325408,156.6775,184.765,26.425
3090,2774831,0.598288,0.123708,-0.81984,121.905,119.945,8.2425
3091,2774928,-0.09418401,0.5785241,-0.506056,93.7125,55.02,-0.2625
3092,2775026,2.359236,-1.573068,-3.016816,79.73001,8.3125,32.7075
3093,2775123,-0.146888,-0.360388,-1.419348,1.89,-124.775,37.8175
3094,2775221,-0.230092,0.7861681,-1.15412,-134.6275,-202.545,-0.4025
3095,2775318,-0.28792,0.982588,-0.731512,-83.755,-197.54,9.94
3096,2775415,-0.11346,0.7361481,-0.801052,-8.015,-180.215,19.775
3097,2775513,0.053924,0.331596,-0.8188641,37.415,-176.2425,27.79
3098,2775610,0.103212,0.069784,-0.799588,36.26,-191.2925,28.105
3099,2775708,0.082228,0.031476,-0.749324,4.8475,-211.855,22.5575
3100,2775805,0.064172,0.14396,-0.674416,-30.3275,-228.9525,16.5725
3101,2775902,0.019032,0.227896,-0.561444,-50.8725,-239.925,13.475
3102,2776000,0.033184,0.188856,-0.481656,-58.0475,-241.36,12.005
3103,2776097,0.146644,0.054656,-0.4984921,-63.4025,-235.795,8.1025
3104,2776195,0.323788,-0.07490801,-0.587308,-74.0075,-231.315,0.8225
3105,2776292,0.521672,-0.162504,-0.718092,-89.5825,-232.96,-6.37
3106,2776389,0.679296,-0.208864,-0.80886,-104.02,-241.7625,-10.64
3107,2776487,0.7666481,-0.240828,-0.826916,-112.35,-253.61,-11.7775
3108,2776584,0.8388721,-0.271816,-0.8210601,-113.9425,-263.13,-10.5525
3109,2776682,0.884012,-0.367708,-0.7442,-110.8975,-268.5375,-8.26
3110,2776779,0.91378,-0.4819,-0.6314721,-110.5475,-267.925,-6.4925
3111,2776876,1.024312,-0.473604,-0.579012,-118.9475,-256.9875,-5.81
3112,2776974,1.257332,-0.331352,-0.624884,-126.9275,-239.7675,-6.7025
3113,2777071,1.522316,-0.129564,-0.731024,-118.86,-222.81,-7.2975
3114,2777168,1.741184,-0.103944,-0.792024,-90.72001,-213.045,-7.0875
3115,2777266,1.908324,-0.251076,-0.759572,-62.405,-210.2275,-11.445
3116,2777363,1.964688,-0.433344,-0.605608,-49.945,-212.485,-23.135
3117,2777461,2.051796,-0.426512,-0.481656,-54.32,-210.84,-37.135
3118,2777558,2.165988,-0.39406,-0.32818,-53.6725,-203.84,-44.0825
3119,2777655,2.269444,-0.4026,-0.168604,-39.0425,-194.1975,-41.405
3120,2777753,2.296772,-0.428464,0.031964,-18.48,-182.105,-32.3575
3121,2777850,2.136708,-0.521184,0.331352,1.2075,-168.56,-18.4275
3122,2777947,2.024712,-0.52338,0.47824,5.0925,-144.8475,-4.3575
3123,2778045,1.99836,-0.40992,0.460428,-2.1,-115.2375,7.6475
3124,2778142,1.769,-0.112728,0.635864,-1.575,-88.4975,16.5375
3125,2778240,2.373632,-0.176412,0.837652,30.2575,-43.1375,25.48
3126,2778337,1.592588,0.011224,1.3176,49.6825,2.2225,14.8575
3127,2778434,1.059448,0.29768,-0.893772,40.5825,57.47,-24.5
3128,2778532,-0.121024,-1.25416,-2.370216,105.9625,74.305,-20.3175
3129,2778629,0.741028,-1.379332,-1.925648,62.965,76.825,-15.54
3130,2778727,1.072136,-0.9237841,-0.7664041,7.1575,64.0675,4.5325
3131,2778824,0.78202,-0.17934,-0.8513161,-15.6625,47.4075,16.4675
3132,2778921,0.404796,0.5077641,-1.143628,-37.66,38.1325,6.1075
3133,2779019,0.22448,0.429684,-0.743956,-21.385,31.6925,-3.43
3134,2779116,0.226188,0.0183,-0.594872,-7.14,41.4575,-13.72
3135,2779214,1.12118,-0.030988,-1.830244,-1.75,50.155,-19.215
3136,2779311,0.677832,-0.493612,-0.787876,40.6175,20.02,-4.9525
3137,2779408,0.635864,0.000976,-0.8744961,-9.4325,1.5925,-12.8275
3138,2779506,0.5892601,0.233508,-1.013576,-8.365,9.45,-13.7725
3139,2779603,0.460672,0.188124,-0.8174001,5.355,2.2925,-7.945
3140,2779701,0.594872,0.008296001,-0.902556,16.1175,6.86,-2.135
3141,2779798,0.40992,-0.069052,-0.8532681,21.07,1.5925,1.2425
3142,2779895,0.421632,-0.048556,-0.8908441,17.9725,0.3325,0.9625
3143,2779993,0.52094,-0.115168,-0.9028,13.895,-0.14,-0.2975
3144,2780090,0.529724,-0.04148,-0.8805961,7.0875,-5.3025,-1.015
3145,2780188,0.520208,-0.058804,-0.9211,3.4475,-7.8225,-1.645
3146,2780285,0.54778,-0.11102,-0.892796,2.66,-7.7875,-3.955
3147,2780382,0.55998,-0.06588,-0.8827921,-2.8875,-6.0375,-6.615
3148,2780480,0.563396,-0.027084,-0.8808401,-4.515,-5.67,-7.6825
3149,2780577,0.53924,-0.05978,-0.853756,-1.995,-6.16,-6.9475
3150,2780675,0.513132,0.011468,-0.8671761,2.415,-6.405,-4.2
3151,2780772,0.4941,0.033916,-0.854732,10.1675,-6.3175,0.105
3152,2780869,0.467504,0.02196,-0.8725441,15.9425,-7.2975,4.3225
3153,2780967,0.461648,0.083448,-0.86498,16.0475,-8.715,7.245
3154,2781064,0.490196,0.012688,-0.876204,15.575,-10.0625,9.66
3155,2781162,0.479948,-0.035624,-0.8740081,15.4175,-11.4275,10.43
3156,2781259,0.48312,-0.045384,-0.865956,12.8275,-11.725,9.5375
3157,2781356,0.497272,-0.07490801,-0.869372,10.535,-10.9725,8.1375
3158,2781454,0.471896,-0.116144,-0.869372,8.3125,-10.465,5.6
3159,2781551,0.471896,-0.108824,-0.8769361,5.0575,-9.5025,2.52
3160,2781649,0.488,-0.079544,-0.8652241,2.485,-8.2425,-0.14
3161,2781746,0.482632,-0.085888,-0.872056,0.4025,-7.91,-2.38
3162,2781843,0.49044,-0.037576,-0.87718,-0.4025,-7.245,-3.675
3163,2781941,0.48922,-0.044164,-0.87352,-0.2275,-6.8425,-3.8675
3164,2782038,0.490684,-0.038552,-0.878156,-0.1575,-6.3,-3.745
3165,2782136,0.488976,-0.03782,-0.87474,-0.07,-5.985,-3.5875
3166,2782233,0.482632,-0.038064,-0.8764481,0.28,-5.8275,-3.4825
3167,2782330,0.47946,-0.038796,-0.875228,0.315,-5.6875,-3.4125
3168,2782428,0.47458,-0.034648,-0.8740081,-0.175,-5.4775,-3.5525
3169,2782525,0.482632,-0.038064,-0.872056,-0.4725,-5.32,-3.5
3170,2782623,0.478972,-0.030988,-0.872788,0.0875,-5.285,-3.1325
3171,2782720,0.477508,-0.033428,-0.8759601,1.3125,-5.39,-2.485
3172,2782817,0.473604,-0.043432,-0.8744961,2.1,-5.6,-1.995
3173,2782915,0.475312,-0.044408,-0.873764,2.1,-5.565,-1.9425
3174,2783012,0.47336,-0.040016,-0.872056,2.38,-5.5825,-1.785
3175,2783109,0.472628,-0.04148,-0.8759601,2.5375,-5.7925,-1.7675
3176,2783207,0.473848,-0.043676,-0.873276,2.24,-5.6,-1.7675
3177,2783304,0.475068,-0.043432,-0.876204,1.7675,-5.4425,-1.96
3178,2783402,0.476288,-0.039772,-0.875472,1.75,-5.425,-1.8725
3179,2783499,0.480192,-0.032208,-0.871568,1.96,-5.565,-1.6625
3180,2783597,0.476288,-0.03416,-0.8679081,2.7125,-5.8275,-1.19
3181,2783694,0.465064,-0.032696,-0.86864,3.2725,-6.2125,-0.875
3182,2783791,0.45872,-0.029036,-0.870592,3.5175,-6.4225,-0.6825
3183,2783889,0.456036,-0.034892,-0.8708361,3.605,-6.5975,-0.6125
3184,2783986,0.467992,-0.0366,-0.866932,3.3075,-6.4575,-0.735
3185,2784084,0.469944,-0.034404,-0.872056,2.9575,-6.4925,-0.875
3186,2784181,0.471652,-0.045628,-0.874252,2.9225,-6.8775,-0.805
3187,2784278,0.481168,-0.0427,-0.875716,2.66,-7.0525,-0.7875
3188,2784376,0.4743361,-0.051972,-0.871568,3.115,-7.4725,-0.455
3189,2784473,0.472872,-0.056608,-0.868396,3.255,-7.7525,-0.595
3190,2784571,0.471408,-0.06636801,-0.869616,3.15,-7.8925,-0.8925
3191,2784668,0.464576,-0.060024,-0.8769361,2.52,-7.385,-1.435
3192,2784765,0.45994,-0.054168,-0.8740081,2.205,-6.8425,-2.1175
3193,2784863,0.457012,-0.047092,-0.881328,1.7325,-6.37,-2.6775
3194,2784960,0.469456,-0.044896,-0.87352,1.505,-5.8275,-2.94
3195,2785058,0.469212,-0.047092,-0.8744961,1.1375,-5.775,-3.1675
3196,2785155,0.468236,-0.050508,-0.8740081,0.5425,-5.6875,-3.4125
3197,2785252,0.476044,-0.053436,-0.8713241,-0.385,-5.53,-3.955
3198,2785350,0.467748,-0.054412,-0.86742,-1.68,-5.3375,-4.62
3199,2785447,0.45628,-0.05246,-0.876692,-4.0075,-5.3025,-5.5125
3200,2785545,0.458964,-0.051972,-0.877424,-6.2125,-4.795,-6.5975
3201,2785642,0.4553041,-0.045872,-0.8791321,-7.2975,-4.515,-7.2975
3202,2785739,0.449204,-0.040504,-0.8791321,-7.5775,-4.515,-7.735
3203,2785837,0.45872,-0.023668,-0.882548,-7.595,-4.305,-7.945
3204,2785934,0.4758,-0.011468,-0.8801081,-6.8425,-4.06,-7.63
3205,2786032,0.483364,-0.020496,-0.875228,-5.1975,-4.4625,-6.7375
3206,2786129,0.4819,-0.01464,-0.875228,-3.78,-4.9175,-5.6875
3207,2786226,0.48434,-0.010248,-0.87474,-2.1,-5.3375,-4.4625
3208,2786324,0.47702,-0.016104,-0.8713241,-0.2625,-6.0025,-3.2725
3209,2786421,0.468236,-0.019032,-0.878156,0.98,-6.3875,-2.345
3210,2786519,0.471652,-0.012444,-0.876692,2.0475,-6.265,-1.7325
3211,2786616,0.4758,-0.02074,-0.877912,3.29,-6.405,-1.015
3212,2786713,0.481168,-0.027328,-0.875716,3.8325,-6.58,-0.665
3213,2786811,0.477508,-0.043676,-0.879864,4.3575,-6.8075,-0.3675
3214,2786908,0.478484,-0.035868,-0.8725441,4.4975,-6.8425,-0.5075
3215,2787006,0.465796,-0.031964,-0.87474,4.5325,-6.65,-0.595
3216,2787103,0.465308,-0.030988,-0.872056,4.2,-6.37,-0.805
3217,2787200,0.4594521,-0.02562,-0.8698601,4.1125,-6.2825,-0.9625
3218,2787298,0.444568,-0.010004,-0.8784,4.0775,-6.44,-0.945
3219,2787395,0.449448,-0.015616,-0.8820601,3.9375,-6.51,-0.665
3220,2787493,0.46604,-0.023668,-0.874252,3.92,-6.37,-0.5425
3221,2787590,0.471652,-0.012444,-0.8657121,3.9725,-6.965,-0.1225
3222,2787687,0.45384,-0.03294,-0.877668,4.095,-7.805,0.35
3223,2787785,0.465796,-0.033428,-0.87962,3.5525,-7.9275,0.56
3224,2787882,0.46482,-0.038308,-0.880352,3.57,-7.945,0.665
3225,2787980,0.462624,-0.036844,-0.8820601,3.465,-7.56,0.665
3226,2788077,0.465308,-0.037332,-0.8866961,3.5525,-7.0875,0.4375
3227,2788174,0.45628,-0.003904,-0.891576,3.255,-6.3875,0.2275
3228,2788272,0.45872,-0.00244,-0.887916,3.3425,-5.6525,0.63
3229,2788369,0.455548,-0.039284,-0.886452,4.095,-5.075,1.645
3230,2788467,0.449448,-0.040504,-0.8940161,3.6925,-3.9725,1.6275
3231,2788564,0.43676,-0.035624,-0.908656,3.08,-2.03,1.3125
3232,2788661,0.444812,-0.0183,-0.903532,3.2375,0.1225,1.4175
3233,2788759,0.4758,-0.020252,-0.881816,3.92,2.1,2.2225
3234,2788856,0.475312,-0.03294,-0.873764,4.69,2.9925,3.185
3235,2788954,0.471652,-0.044896,-0.8725441,4.6725,3.535,3.43
3236,2789051,0.475312,-0.03782,-0.8784,3.71,4.9875,2.975
3237,2789148,0.46238,-0.0427,-0.8847441,2.695,6.5275,2.6425
3238,2789246,0.49654,-0.034892,-0.869616,2.0475,8.82,2.8175
3239,2789343,0.451888,-0.017324,-0.906948,1.5925,11.8825,3.6225
3240,2789441,0.465308,-0.006588,-0.9208561,2.3975,16.1175,5.4775
3241,2789538,0.460184,-0.025132,-0.9145121,3.955,21.8225,7.315
3242,2789635,0.453108,-0.057096,-0.940864,4.9,29.4,8.26
3243,2789733,0.385764,-0.156892,-0.9247601,7.42,38.4125,7.0525
3244,2789830,0.412848,-0.07978801,-0.9777081,3.36,52.85,2.555
3245,2789928,0.397232,-0.08564401,-0.9886881,4.1475,68.53,-1.4525
3246,2790025,0.39528,-0.062952,-1.011868,5.3725,87.53501,-4.9175
3247,2790122,0.395524,-0.056608,-1.029924,7.77,110.4775,-7.84
3248,2790220,0.39894,-0.037088,-1.0736,11.8475,136.9725,-10.255
3249,2790317,0.386984,-0.005124001,-1.10044,18.4625,167.685,-11.76
3250,2790415,0.392352,0.043188,-1.146068,26.4775,201.3375,-11.1125
3251,2790512,0.357704,0.08784,-1.232444,38.9375,236.5125,-6.5275
3252,2790609,0.376736,0.130052,-1.1895,57.33,270.1475,2.73
3253,2790707,0.409188,0.137372,-1.186328,72.73,300.5275,15.19
3254,2790804,0.444812,0.147132,-1.174616,85.7325,327.215,28.4725
3255,2790902,0.6314721,0.024156,-1.132404,100.52,351.8375,38.675
3256,2790999,0.96868,-0.036844,-1.163148,108.3425,371.07,43.33
3257,2791096,1.404708,-0.22448,-1.139724,114.03,378.14,43.575
3258,2791194,1.618452,-0.321348,-0.945012,117.53,368.6025,38.3425
3259,2791291,1.86416,-0.322324,-1.298324,105.91,342.16,29.8375
3260,2791389,1.740696,-0.418216,-1.450092,100.7475,290.64,23.905
3261,2791486,1.417396,-0.251564,-1.11264,90.7725,231.3675,15.2425
3262,2791583,0.892552,-0.334768,-0.831064,66.3775,181.16,0.21
3263,2791681,0.213012,-0.209108,-0.631716,27.0375,135.66,-16.03
3264,2791778,1.474004,-0.254492,-1.041636,-15.8375,87.9375,-13.5625
3265,2791876,0.672464,-0.187148,-1.573312,-28.105,54.2325,5.7225
3266,2791973,0.298168,0.45506,-0.990396,-63.9975,-23.0125,-4.76
3267,2792070,0.09638,0.619272,-0.752496,-41.44,-48.0725,-2.87
3268,2792168,-0.055144,0.476776,-0.5172801,5.0925,-59.535,0.07
3269,2792265,-0.013664,0.232288,-0.480436,27.93,-58.6425,-1.9075
3270,2792363,0.028548,0.162748,-0.484096,22.855,-62.4925,-9.695
3271,2792460,0.05856,0.19032,-0.5016641,6.0375,-71.33,-17.4475
3272,2792557,0.06636801,0.263276,-0.510936,-7.4375,-81.7075,-22.2075
3273,2792655,0.07564,0.306952,-0.497516,-11.375,-91.2625,-23.7475
3274,2792752,0.09638,0.288896,-0.491416,-8.5575,-98.89251,-23.3275
3275,2792850,0.188612,0.233508,-0.548024,-5.7925,-104.7375,-22.925
3276,2792947,0.348188,0.157136,-0.659776,-7.56,-112.4375,-23.0825
3277,2793044,0.485072,0.042212,-0.737856,-14.21,-127.575,-23.6075
3278,2793142,0.547536,-0.03538,-0.74176,-26.705,-149.3275,-23.94
3279,2793239,0.5551,-0.057828,-0.697108,-42.2975,-171.325,-22.96
3280,2793337,0.52948,-0.06344,-0.613416,-55.6675,-189.0875,-20.4925
3281,2793434,0.515816,-0.090036,-0.528748,-65.73,-199.29,-17.5175
3282,2793531,0.563884,-0.128588,-0.5063,-75.21501,-201.0575,-14.805
3283,2793629,0.668316,-0.15128,-0.5458281,-83.52751,-197.8375,-11.9
3284,2793726,0.8081281,-0.179828,-0.608536,-89.2675,-194.3375,-8.225
3285,2793824,0.9037761,-0.217892,-0.627812,-93.1,-193.8125,-4.2525
3286,2793921,0.9589201,-0.21106,-0.6161,-96.2325,-193.8125,-0.9975
3287,2794018,0.9784401,-0.18178,-0.609512,-97.07251,-190.295,1.645
3288,2794116,1.027728,-0.138592,-0.652944,-94.46501,-181.895,3.9375
3289,2794213,1.143872,-0.137372,-0.7556681,-87.6225,-171.045,6.405
3290,2794310,1.273436,-0.132248,-0.8493641,-81.81251,-164.0975,6.5975
3291,2794408,1.32614,-0.09320801,-0.878888,-78.9425,-163.625,2.345
3292,2794505,1.32004,0.006832001,-0.863028,-77.0875,-165.5325,-7.14
3293,2794603,1.297836,0.123708,-0.8471681,-71.26,-165.3575,-18.935
3294,2794700,1.297836,0.202032,-0.8271601,-58.9925,-162.085,-31.0625
3295,2794797,1.299788,0.182268,-0.78446,-42.6825,-157.3775,-42.5075
3296,2794895,1.264164,0.06563601,-0.721996,-30.5025,-151.725,-52.6575
3297,2794992,1.203652,-0.05612,-0.634156,-29.1725,-145.1975,-62.615
3298,2795089,1.164368,-0.09272,-0.600972,-37.03,-135.8175,-71.7675
3299,2795187,1.185108,-0.1098,-0.628544,-43.82,-124.04,-76.30001
3300,2795284,1.246596,-0.156892,-0.6790521,-43.26,-113.085,-74.6375
3301,2795382,1.291492,-0.231556,-0.707844,-37.8525,-105.875,-67.7425
3302,2795479,1.303936,-0.288652,-0.69784,-31.955,-101.78,-57.015
3303,2795576,1.281732,-0.338916,-0.667584,-27.65,-98.2975,-43.4525
3304,2795674,1.258308,-0.437248,-0.616832,-25.13,-94.65751,-27.755
3305,2795771,1.247816,-0.442616,-0.607804,-30.5375,-90.265,-13.02
3306,2795869,1.245864,-0.402844,-0.604388,-36.645,-86.695,1.2075
3307,2795966,1.215608,-0.321104,-0.5892601,-39.6725,-84.7175,14.4725
3308,2796063,1.135088,-0.243756,-0.532652,-37.7125,-83.79001,25.1825
3309,2796161,1.023336,-0.17568,-0.447984,-32.48,-80.605,32.0775
3310,2796258,0.935008,-0.09906401,-0.394304,-26.5125,-72.2925,34.825
3311,2796355,0.8888921,-0.04758,-0.381616,-18.9525,-60.4275,34.3
3312,2796453,0.8657121,0.000732,-0.40382,-10.5175,-48.2475,30.8525
3313,2796550,0.8388721,0.044896,-0.427244,-1.645,-37.73,25.4625
3314,2796648,0.8081281,0.06563601,-0.443104,7.42,-29.0325,19.215
3315,2796745,0.772016,0.06832001,-0.454572,15.3825,-21.14,12.6875
3316,2796842,0.740052,0.061732,-0.466284,20.755,-13.475,6.5275
3317,2796940,0.7224841,0.05246,-0.481168,22.855,-6.545,1.05
3318,2797037,0.731268,0.03294,-0.504348,22.435,-0.91,-3.605
3319,2797135,0.75762,-0.001952,-0.542656,20.86,2.66,-7.6825
3320,2797232,0.787144,-0.014884,-0.573888,19.6875,2.5725,-12.1275
3321,2797329,0.782508,-0.035136,-0.56608,21.735,0.245,-16.345
3322,2797427,0.740296,-0.055144,-0.503616,27.16,-2.2925,-20.51
3323,2797524,0.69052,-0.085888,-0.428464,34.51,-0.8400001,-24.3075
3324,2797622,0.735172,-0.13542,-0.409432,41.72,5.6,-26.53
3325,2797719,0.807884,-0.19154,-0.410408,46.9,12.3375,-26.95
3326,2797816,0.698328,-0.20252,-0.435052,49.49,16.345,-26.005
3327,2797914,0.536556,-0.09735601,-0.482144,54.5125,15.9075,-20.0725
3328,2798011,0.5612,-0.166164,-0.5743761,64.785,21.35,-7.8225
3329,2798109,0.249612,-0.199592,-0.68198,62.0725,27.37,2.065
3330,2798206,-0.33794,-0.05002,-1.10532,48.5975,37.1525,10.3075
3331,2798303,-1.514264,0.282796,-2.194048,37.59,44.8525,20.3175
3332,2798401,-1.746552,0.340136,-3.447476,42.0525,59.7275,38.115
3333,2798498,0.30988,-0.464576,-0.9108521,46.235,88.585,44.975
3334,2798595,0.898652,0.160796,0.274744,-16.975,78.085,14.28
3335,2798693,1.35298,0.509716,-0.9943001,-10.1675,98.175,4.0775
3336,2798790,1.705072,0.63196,-2.440488,42.5075,84.2275,19.1625
3337,2798888,0.871568,-0.289384,-1.082628,77.4375,13.195,16.135
3338,2798985,0.295728,-0.392596,-0.478728,38.7975,-20.475,7.4725
3339,2799082,0.508008,-0.190564,-1.033828,33.6525,12.495,10.8675
3340,2799180,0.478728,-0.06222,-0.864492,30.6075,8.1375,7.595
3341,2799277,0.353312,0.076372,-0.697596,35.105,3.325,7.2975
3342,2799375,0.4209,0.170068,-0.8888921,46.2175,13.965,10.85
3343,2799472,0.601948,-0.155672,-1.011868,52.955,13.615,12.1275
3344,2799570,0.439444,-0.21106,-0.860344,38.57,3.08,9.8875
3345,2799667,0.498004,-0.019276,-0.9089001,24.9375,1.1725,7.5425
3346,2799764,0.515328,-0.09540401,-0.9181721,18.4975,1.4525,6.3
3347,2799862,0.487756,-0.154452,-0.8400921,11.3925,-3.605,4.97
3348,2799959,0.502884,-0.041236,-0.8615641,4.0425,-4.305,3.5
3349,2800056,0.478728,0.03294,-0.852536,2.065,-5.075,3.395
3350,2800154,0.428708,0.04514,-0.856196,3.185,-6.7375,4.795
3351,2800251,0.42822,-0.079056,-0.87474,3.9375,-7.1575,5.285
3352,2800349,0.478728,-0.108824,-0.8671761,0.8400001,-8.1725,3.9725
3353,2800446,0.532408,-0.05978,-0.88328,-4.165,-8.155,1.505
3354,2800543,0.5214281,-0.08954801,-0.8857201,-4.6725,-8.8375,-0.735
3355,2800641,0.555588,-0.126392,-0.8723001,-5.0925,-8.6625,-2.8175
3356,2800738,0.579256,-0.06466001,-0.8703481,-6.4925,-7.3675,-4.305
3357,2800836,0.521672,-0.032452,-0.873276,-4.4625,-7.8575,-3.815
3358,2800933,0.490196,-0.01952,-0.8759601,-1.0325,-8.155,-2.065
3359,2801030,0.47214,-0.013176,-0.870104,0.9975,-7.8925,-0.3325
3360,2801128,0.467748,0.010736,-0.8725441,1.855,-7.9275,1.6625
3361,2801225,0.467992,-0.011468,-0.860588,2.485,-8.7325,3.29
3362,2801323,0.486048,-0.049288,-0.8559521,2.24,-9.66,3.43
3363,2801420,0.487024,-0.07856801,-0.8642481,1.3825,-9.9925,1.855
3364,2801518,0.468968,-0.126636,-0.871568,0.2275,-10.1675,-0.49
3365,2801615,0.445788,-0.136396,-0.8671761,-1.995,-10.185,-3.6575
3366,2801712,0.477996,-0.108824,-0.874252,-5.425,-9.87,-7.4025
3367,2801809,0.48312,-0.07076001,-0.873032,-7.2975,-9.1525,-9.4675
3368,2801907,0.51484,-0.028304,-0.8676641,-8.1025,-8.4525,-10.36
3369,2802004,0.531676,-0.008052001,-0.864004,-8.19,-7.735,-10.2375
3370,2802102,0.50996,-0.009028001,-0.87718,-8.05,-7.7175,-9.66
3371,2802199,0.515084,-0.026352,-0.8791321,-8.155,-7.455,-9.24
3372,2802296,0.506056,0.001708,-0.877424,-6.825,-6.9475,-7.8925
3373,2802394,0.491416,-0.009516001,-0.8820601,-5.0925,-6.4925,-6.23
3374,2802491,0.483852,-0.018788,-0.885964,-3.9725,-6.1775,-5.1975
3375,2802589,0.48678,0.006344,-0.882548,-1.9425,-6.09,-3.85
3376,2802686,0.49044,-0.011224,-0.866932,1.2075,-6.02,-1.925
3377,2802783,0.488976,0.000488,-0.874984,3.6575,-6.09,-0.28
3378,2802881,0.484828,-0.005856,-0.878156,6.3175,-6.335,1.295
3379,2802978,0.487512,-0.007320001,-0.878888,8.33,-6.3,2.66
3380,2803075,0.481412,-0.020984,-0.876204,8.96,-6.2125,3.6575
3381,2803173,0.46848,-0.026352,-0.881816,8.3825,-6.3,4.095
3382,2803270,0.472872,-0.032452,-0.883768,7.6125,-6.405,4.305
3383,2803368,0.482876,-0.029768,-0.8740081,6.825,-6.51,4.2175
3384,2803466,0.479948,-0.037332,-0.8723001,6.1775,-6.3,4.2875
3385,2803562,0.48556,-0.026108,-0.878888,5.5475,-5.1975,4.8125
3386,2803660,0.472384,-0.049044,-0.8657121,5.67,-4.6025,5.215
3387,2803757,0.476532,-0.040016,-0.8718121,4.935,-4.6025,5.04
3388,2803855,0.47458,-0.044896,-0.8708361,4.97,-4.3225,5.0225
3389,2803952,0.477996,-0.042944,-0.871568,5.3025,-4.2875,4.8825
3390,2804049,0.47336,-0.042212,-0.8676641,5.355,-4.025,4.7775
3391,2804147,0.45872,-0.034404,-0.866932,5.075,-4.1475,4.76
3392,2804244,0.464088,-0.038796,-0.868884,4.3575,-4.2,4.515
3393,2804342,0.477508,-0.047092,-0.862296,4.375,-4.725,4.3575
3394,2804439,0.46238,-0.049288,-0.868396,4.025,-5.3025,4.025
3395,2804536,0.464332,-0.050508,-0.868152,4.1125,-5.915,3.5
3396,2804634,0.450912,-0.046116,-0.8679081,3.7975,-6.615,2.8875
3397,2804731,0.448228,-0.058804,-0.8652241,3.2725,-7.49,2.24
3398,2804829,0.44652,-0.067588,-0.869616,2.975,-8.47,1.2425
3399,2804926,0.4636,-0.05172801,-0.86742,2.4325,-8.8375,0.2275
3400,2805023,0.468968,-0.06880801,-0.8657121,2.1175,-9.24,-0.4025
3401,2805121,0.4758,-0.049288,-0.8791321,1.5925,-9.5725,-1.0675
3402,2805218,0.480924,-0.047336,-0.8759601,1.575,-9.3625,-0.9625
3403,2805316,0.481412,-0.058804,-0.866688,1.6975,-9.03,-0.805
3404,2805413,0.475068,-0.045384,-0.877424,1.4,-8.89,-0.945
3405,2805510,0.47092,-0.054168,-0.870592,1.3125,-8.89,-1.1375
3406,2805608,0.466528,-0.060024,-0.877424,1.47,-8.9075,-1.4525
3407,2805705,0.47214,-0.05002,-0.8744961,1.365,-8.54,-1.8375
3408,2805803,0.457988,-0.06563601,-0.8725441,1.645,-8.61,-2.17
3409,2805900,0.452864,-0.06539201,-0.8764481,1.4175,-8.575,-2.765
3410,2805998,0.452132,-0.072468,-0.8725441,1.295,-8.47,-3.745
3411,2806095,0.451156,-0.077348,-0.8652241,0.9625,-8.505,-5.005
3412,2806192,0.443592,-0.08564401,-0.862784,0.315,-8.9075,-6.895
3413,2806290,0.445788,-0.08637601,-0.8591241,-0.5775,-9.2925,-9.555
3414,2806387,0.4514,-0.082228,-0.8671761,-2.205,-9.73,-12.6175
3415,2806485,0.45994,-0.044408,-0.892796,-4.3925,-9.7825,-14.7175
3416,2806582,0.473116,-0.028548,-0.896944,-5.215,-8.785,-14.595
3417,2806679,0.479216,-0.026108,-0.9028,-5.1625,-7.42,-12.985
3418,2806777,0.481168,0.013664,-0.898408,-3.955,-5.95,-10.2025
3419,2806874,0.487024,-0.001952,-0.8769361,-2.1525,-5.3025,-7.4025
3420,2806972,0.474092,-0.00122,-0.88328,-1.225,-5.7225,-5.355
3421,2807069,0.4743361,-0.011224,-0.877668,0.105,-6.0725,-3.6925
3422,2807166,0.464088,-0.022936,-0.8786441,0.7175,-6.195,-2.695
3423,2807264,0.455548,-0.033428,-0.885964,0.8225,-6.195,-2.205
3424,2807361,0.456524,-0.040504,-0.8842561,0.7175,-5.915,-2.24
3425,2807459,0.455792,-0.038308,-0.8847441,0.3675,-5.46,-2.5025
3426,2807556,0.459208,-0.036112,-0.883036,-0.035,-5.0575,-2.7825
3427,2807653,0.4594521,-0.039772,-0.8888921,-0.245,-4.83,-3.01
3428,2807751,0.464332,-0.026352,-0.8893801,-0.035,-4.6025,-2.94
3429,2807848,0.464332,-0.022204,-0.883768,0.7,-4.4625,-2.5025
3430,2807946,0.4636,-0.020984,-0.881572,1.0325,-4.585,-2.1875
3431,2808043,0.46604,-0.026108,-0.8723001,1.61,-4.6725,-1.8025
3432,2808140,0.4575,-0.02562,-0.873032,1.715,-4.9,-1.645
3433,2808238,0.447008,-0.020252,-0.8862081,1.3475,-4.76,-1.645
3434,2808335,0.449936,-0.004636001,-0.8888921,0.6125,-3.8675,-1.68
3435,2808433,0.446032,-0.0183,-0.885476,0.385,-3.045,-1.225
3436,2808530,0.445788,-0.044652,-0.8869401,-0.2625,-2.065,-0.98
3437,2808627,0.448472,-0.033184,-0.902556,-1.47,-0.21,-1.75
3438,2808725,0.450912,-0.022692,-0.907436,-2.275,2.3275,-2.52
3439,2808822,0.462136,-0.021472,-0.90402,-2.45,5.3725,-2.555
3440,2808920,0.46726,-0.031232,-0.89182,-1.995,8.5575,-1.925
3441,2809017,0.489708,-0.023668,-0.8893801,-1.8375,12.1975,-1.4875
3442,2809114,0.454084,-0.024644,-0.905484,-1.5575,16.38,-0.98
3443,2809212,0.449448,-0.007076001,-0.9254921,-1.12,22.8025,0.1925
3444,2809309,0.454816,0.015616,-0.936228,-0.3675,30.065,2.17
3445,2809407,0.390156,-0.091744,-0.936472,2.31,38.64,3.5875
3446,2809504,0.43188,-0.008784,-0.9613601,-0.0175,49.7175,2.5725
3447,2809601,0.43676,-0.069784,-0.9232961,-0.1225,61.0925,1.5925
3448,2809699,0.425048,-0.067588,-0.9484281,0.4375,73.43,0.1225
3449,2809796,0.41724,-0.094672,-0.96014,1.015,87.7975,-2.6425
3450,2809894,0.424804,-0.091988,-0.980636,1.75,105.4025,-6.4575
3451,2809991,0.417484,-0.068564,-0.99552,3.8675,125.6675,-10.71
3452,2810088,0.41846,-0.02562,-1.029924,7.0525,148.6275,-14.1225
3453,2810186,0.416508,-0.000244,-1.077748,13.6325,174.475,-15.995
3454,2810283,0.417972,0.081496,-1.134844,22.3825,203.175,-16.2575
3455,2810381,0.425292,0.132248,-1.16144,33.8975,232.47,-11.9525
3456,2810478,0.43676,0.124196,-1.118984,48.3,259.98,-2.9925
3457,2810575,0.465308,0.274012,-1.242692,57.8725,287.9975,8.435
3458,2810673,0.48678,0.268644,-1.126548,78.1375,315.63,24.535
3459,2810770,0.606584,0.199592,-1.201944,100.8875,345.3975,40.7225
3460,2810868,0.8271601,0.208864,-1.277584,116.9175,375.8475,54.6525
3461,2810965,1.106784,-0.05978,-1.22,138.46,397.7575,65.0125
3462,2811062,1.444236,-0.24156,-1.038952,144.1475,405.51,61.845
3463,2811160,1.864648,-0.358192,-1.231224,143.71,390.845,55.1075
3464,2811257,2.10938,-0.16592,-1.478884,144.725,345.73,51.3975
3465,2811355,1.707756,-0.09638,-1.329068,153.545,279.545,49.0525
3466,2811452,1.03578,0.190564,-0.9093881,155.1375,218.9425,41.055
3467,2811549,0.437492,-0.09028,-0.515328,144.62,175.28,30.8525
3468,2811647,0.131272,-0.223016,-0.74054,115.92,121.975,22.995
3469,2811744,2.112308,-1.215852,-2.386564,30.8525,66.92,26.0925
3470,2811841,0.11468,-0.045628,-1.618696,-71.8725,-33.845,35.595
3471,2811939,-0.126392,0.980148,-1.282708,-134.9775,-126.98,15.8375
3472,2812036,-0.354532,1.0126,-0.780068,-65.22251,-135.1175,21.42
3473,2812134,-0.23546,0.667828,-0.7176041,7.2975,-131.3375,16.8175
3474,2812231,-0.0183,0.363316,-0.723948,32.655,-130.0075,5.6
3475,2812328,0.07076001,0.212036,-0.752008,22.435,-143.4475,-9.6425
3476,2812426,0.084912,0.240096,-0.7468841,-1.12,-162.0325,-23.275
3477,2812523,0.10614,0.264984,-0.716384,-17.9375,-177.2925,-30.8875
3478,2812621,0.13054,0.184464,-0.666608,-23.7475,-188.125,-32.235
3479,2812718,0.152988,0.09394001,-0.610244,-29.6275,-195.6675,-31.0625
3480,2812815,0.206668,-0.010004,-0.583404,-38.85,-199.15,-29.225
3481,2812913,0.303292,-0.093696,-0.604144,-52.0275,-199.85,-26.705
3482,2813010,0.441884,-0.143716,-0.663436,-66.2725,-200.4275,-23.17
3483,2813107,0.568032,-0.192028,-0.7137001,-76.72,-204.2425,-18.445
3484,2813205,0.664168,-0.256444,-0.753716,-83.37001,-211.085,-13.545
3485,2813302,0.746396,-0.319884,-0.774212,-88.795,-218.365,-9.2225
3486,2813400,0.82472,-0.392108,-0.777384,-94.16751,-224.805,-4.62
3487,2813497,0.8913321,-0.430904,-0.7659161,-102.4275,-229.74,0.4375
3488,2813594,0.9864921,-0.385276,-0.755424,-112.42,-232.1375,4.2875
3489,2813692,1.033584,-0.3294,-0.7224841,-116.375,-233.2925,6.44
3490,2813789,1.0553,-0.234484,-0.6893,-114.2225,-230.825,6.2825
3491,2813887,1.093608,-0.161772,-0.671488,-104.37,-222.6,3.36
3492,2813984,1.198528,-0.129564,-0.715164,-88.865,-209.475,-3.395
3493,2814081,1.441308,-0.168604,-0.8703481,-74.655,-195.475,-13.825
3494,2814179,1.687016,-0.307928,-0.961116,-64.3125,-190.8025,-26.0925
3495,2814276,1.706292,-0.426756,-0.8857201,-61.705,-197.2425,-37.345
3496,2814373,1.69946,-0.390156,-0.771528,-67.97,-200.8475,-46.7425
3497,2814471,1.777296,-0.332816,-0.680516,-69.51,-195.65,-52.3075
3498,2814568,1.913936,-0.247904,-0.613904,-58.835,-186.9,-54.04
3499,2814666,2.044476,-0.324764,-0.472384,-35.7525,-179.4975,-52.7625
3500,2814763,2.044476,-0.465796,-0.223992,-14.8225,-174.1075,-50.925
3501,2814860,1.93614,-0.438224,0.045872,-8.6275,-164.815,-50.855
3502,2814958,1.912716,-0.315004,0.207888,-5.495,-143.815,-49.28
3503,2815055,1.961272,-0.196664,0.269376,4.4975,-116.795,-43.1025
3504,2815153,1.939556,-0.149816,0.337208,18.1125,-93.73,-32.6025
3505,2815250,1.793156,-0.05856,0.4331,24.5,-73.3775,-22.1375
3506,2815347,1.666764,0.114924,0.702476,30.5725,-45.15,-15.68
3507,2815445,1.625772,0.182756,0.571692,35.3675,-1.995,-15.26
3508,2815542,1.150216,0.639768,0.018056,49.7,25.6025,-33.4075
3509,2815639,0.5885281,-0.06344,-0.9252481,81.0075,36.785,-50.54
3510,2815737,-0.4026,-0.619272,-1.13338,85.645,31.08,-73.2375
3511,2815834,-0.684908,-0.191052,-1.493036,31.955,49.3325,-108.0625
3512,2815932,-0.213744,-0.64782,-0.759328,35.9975,83.65001,-105.3675
3513,2816029,0.42578,-1.020896,-0.476288,58.3975,113.855,-65.8875
3514,2816126,1.202676,-1.130208,-1.11264,47.1975,141.0325,-25.13
3515,2816224,1.22366,-1.381528,-1.41032,41.405,117.3025,15.015
3516,2816321,0.9530641,-0.630252,-1.276364,-11.7775,75.8975,24.29
3517,2816419,1.170224,0.7869,-1.773636,-49.5425,50.96,17.5525
3518,2816516,1.229272,0.8513161,-1.070428,-7.42,21.07,5.4075
3519,2816613,0.5023961,0.37698,-0.739076,5.635,-17.0625,-5.04
3520,2816711,0.39162,-0.300608,-0.9154881,40.9325,-0.49,5.495
3521,2816808,0.380396,-0.15494,-0.830088,30.975,7.5425,6.5275
3522,2816905,0.371124,0.335256,-0.800564,27.8425,8.6975,7.665
3523,2817003,0.547536,0.25498,-0.9577,42.7525,14.8925,11.585
3524,2817100,0.506056,-0.109556,-0.899384,52.92,10.4125,15.12
3525,2817198,0.412848,-0.050264,-0.869616,42.0,5.0925,14.91
3526,2817295,0.518988,-0.126636,-0.947696,29.435,6.0025,13.7025
3527,2817392,0.493124,-0.150304,-0.8337481,17.9025,-2.9225,12.3725
3528,2817490,0.568764,-0.149816,-0.878888,8.0675,-5.285,9.5725
3529,2817587,0.542168,-0.185928,-0.876692,2.835,-8.26,5.6175
3530,2817685,0.549488,-0.18666,-0.8786441,-1.715,-9.17,0.49
3531,2817782,0.532408,-0.175924,-0.8786441,-6.7025,-7.77,-5.6175
3532,2817879,0.525088,-0.222772,-0.8596121,-8.4,-7.175,-10.675
3533,2817977,0.52582,-0.113216,-0.877912,-10.955,-5.88,-13.72
3534,2818074,0.529968,-0.058804,-0.8810841,-11.235,-5.425,-14.8575
3535,2818172,0.526552,-0.052704,-0.8637601,-8.855,-6.2825,-14.0
3536,2818269,0.518012,-0.018788,-0.858392,-6.405,-6.72,-12.39
3537,2818366,0.470188,0.068076,-0.8676641,-1.96,-6.9125,-9.17
3538,2818464,0.474824,0.058804,-0.8652241,1.155,-6.09,-5.7575
3539,2818561,0.485316,0.002928,-0.8522921,2.695,-6.0375,-3.535
3540,2818659,0.470188,0.009272001,-0.869372,1.9425,-6.3875,-2.625
3541,2818756,0.467016,-0.009516001,-0.865956,1.89,-6.405,-1.855
3542,2818853,0.470676,-0.026352,-0.859856,2.1525,-6.5975,-1.3825
3543,2818951,0.476776,-0.070028,-0.853756,2.485,-7.1925,-1.225
3544,2819048,0.466528,-0.074664,-0.85522,4.2525,-8.68,-0.5775
3545,2819146,0.452864,-0.073932,-0.8671761,5.705,-9.8875,0.2625
3546,2819243,0.444568,-0.03416,-0.8610761,6.0025,-10.92,1.1025
3547,2819340,0.461404,-0.06588,-0.871568,4.8825,-11.375,1.19
3548,2819438,0.47336,-0.079056,-0.87352,3.29,-11.1125,0.35
3549,2819535,0.500932,-0.090768,-0.8740081,1.19,-9.8175,-1.2075
3550,2819633,0.488976,-0.082228,-0.875228,-0.4725,-8.715,-3.2375
3551,2819730,0.455548,-0.08857201,-0.884988,-2.3975,-7.91,-5.565
3552,2819827,0.472872,-0.06466001,-0.8857201,-4.2875,-6.5625,-7.56
3553,2819925,0.484096,-0.037088,-0.8820601,-5.39,-5.8275,-8.1725
3554,2820022,0.501176,-0.030988,-0.8764481,-5.5825,-5.4775,-8.19
3555,2820119,0.50264,-0.032208,-0.889136,-6.93,-5.495,-8.05
3556,2820217,0.515084,-0.043432,-0.887184,-9.205,-5.4075,-8.6625
3557,2820314,0.514352,-0.04148,-0.88816,-12.6525,-5.1975,-9.4325
3558,2820412,0.504836,-0.04148,-0.869128,-14.28,-5.425,-9.695
3559,2820509,0.494832,-0.02562,-0.8679081,-14.42,-5.2325,-9.6775
3560,2820606,0.487024,-0.022692,-0.8657121,-13.09,-5.1275,-9.3275
3561,2820704,0.487268,0.010248,-0.8559521,-9.0475,-4.8125,-7.735
3562,2820801,0.490196,0.02318,-0.8488761,-3.01,-4.6725,-5.18
3563,2820898,0.481656,0.023424,-0.8527801,2.52,-5.285,-2.1875
3564,2820996,0.473116,0.024888,-0.8532681,5.4425,-5.915,0.0
3565,2821093,0.480924,0.001464,-0.8554641,6.58,-6.055,1.0675
3566,2821191,0.48312,-0.010492,-0.863028,6.9825,-5.7925,1.5225
3567,2821288,0.469212,-0.035624,-0.8713241,6.8775,-5.95,1.435
3568,2821385,0.465552,-0.04758,-0.8786441,6.3175,-5.8625,0.77
3569,2821483,0.4594521,-0.048068,-0.8842561,5.11,-5.6525,-0.3325
3570,2821580,0.466772,-0.0549,-0.8805961,4.1125,-5.215,-1.47
3571,2821678,0.464576,-0.057584,-0.8845,2.7125,-5.0225,-2.485
3572,2821775,0.471896,-0.036112,-0.881328,1.365,-5.0575,-3.4825
3573,2821872,0.485804,-0.031964,-0.8718121,0.2275,-4.935,-4.1125
3574,2821970,0.488976,-0.027328,-0.86864,-1.085,-5.3375,-4.795
3575,2822067,0.481412,-0.04148,-0.875228,-2.695,-5.5825,-5.32
3576,2822165,0.470676,-0.044408,-0.8791321,-4.2525,-5.4775,-5.915
3577,2822262,0.467016,-0.033916,-0.8820601,-5.46,-5.285,-6.5975
3578,2822359,0.4758,-0.025864,-0.8708361,-5.985,-5.2325,-6.965
3579,2822457,0.48312,-0.019276,-0.866932,-6.0025,-5.3725,-6.8775
3580,2822554,0.497028,-0.003416,-0.857172,-5.425,-5.6525,-6.4225
3581,2822652,0.48556,-0.020252,-0.87108,-4.34,-5.985,-5.5825
3582,2822749,0.48068,-0.013176,-0.8713241,-3.64,-6.0025,-5.0925
3583,2822846,0.471164,-0.017568,-0.875716,-3.185,-6.16,-4.9
3584,2822944,0.46482,-0.020252,-0.872788,-2.52,-6.1425,-4.655
3585,2823041,0.471896,-0.008784,-0.871568,-2.275,-5.81,-4.5325
3586,2823139,0.475312,-0.019032,-0.8679081,-1.6275,-5.915,-4.445
3587,2823236,0.470676,-0.02074,-0.8805961,-1.5575,-5.8975,-4.48
3588,2823333,0.47458,-0.019032,-0.874252,-1.8025,-5.7575,-4.655
3589,2823431,0.468236,-0.020252,-0.87352,-2.24,-5.705,-4.8825
3590,2823528,0.464332,-0.02684,-0.877424,-2.66,-5.6875,-5.145
3591,2823625,0.47214,-0.020252,-0.875472,-3.5875,-5.3725,-5.46
3592,2823723,0.468236,-0.024156,-0.877424,-4.375,-5.215,-5.74
3593,2823820,0.463356,0.005612,-0.8723001,-5.2325,-4.8475,-6.055
3594,2823918,0.4743361,0.010004,-0.868152,-5.0575,-4.13,-5.6875
3595,2824015,0.47702,0.012688,-0.869372,-4.3225,-3.815,-5.0575
3596,2824112,0.47702,0.019032,-0.868152,-3.605,-3.7625,-4.445
3597,2824210,0.482876,0.023912,-0.8601,-2.7475,-3.6225,-3.57
3598,2824307,0.488,0.025132,-0.860588,-1.5575,-3.85,-2.695
3599,2824405,0.482876,0.004392,-0.866932,-0.3675,-4.2175,-1.89
3600,2824502,0.47946,0.002684,-0.8676641,0.1225,-4.515,-1.4175
3601,2824599,0.47946,0.00244,-0.8662001,0.56,-4.4275,-1.05
3602,2824697,0.472872,-0.003172,-0.875228,1.225,-4.2875,-0.98
3603,2824794,0.47702,-0.009272001,-0.8791321,1.47,-3.92,-1.0675
3604,2824891,0.475068,-0.005856,-0.87474,1.1025,-3.4825,-1.225
3605,2824989,0.478972,-0.000976,-0.871568,1.1025,-2.8525,-1.295
3606,2825086,0.489952,0.008052001,-0.862296,1.1375,-2.45,-1.3475
3607,2825183,0.48922,-0.003172,-0.865956,1.5225,-2.2575,-1.2775
3608,2825281,0.478972,-0.006344,-0.8708361,1.6975,-2.5025,-1.3475
3609,2825378,0.47092,0.00244,-0.873032,1.8025,-2.695,-1.6625
3610,2825476,0.47458,0.004392,-0.876204,1.995,-2.2225,-1.5925
3611,2825573,0.473116,-0.001708,-0.8786441,2.3275,-1.645,-1.3475
3612,2825670,0.471652,0.000244,-0.8786441,2.4325,-0.8925,-1.2775
3613,2825768,0.468724,-0.002928,-0.879864,2.5025,-0.35,-1.3825
3614,2825865,0.484828,0.007076001,-0.877912,2.2225,0.2625,-1.2425
3615,2825963,0.49166,-0.005124001,-0.874984,2.3275,0.7,-1.1025
3616,2826060,0.487024,-0.01098,-0.8842561,2.1175,1.015,-0.945
3617,2826157,0.485316,0.000244,-0.8810841,0.9275,1.47,-1.12
3618,2826255,0.479704,0.007076001,-0.8808401,-0.0175,2.6775,-0.9625
3619,2826352,0.4819,0.010736,-0.88328,-0.1225,4.095,-0.595
3620,2826449,0.478972,0.029524,-0.8808401,-0.105,5.6,-0.2275
3621,2826547,0.471408,0.051972,-0.883036,0.175,7.56,0.8925
3622,2826644,0.475068,0.069296,-0.8842561,0.5075,10.1325,3.605
3623,2826742,0.481168,0.004636001,-0.875716,1.05,12.565,7.805
3624,2826839,0.479216,-0.020252,-0.881328,0.7875,15.33,9.6075
3625,2826936,0.48312,-0.0244,-0.88816,0.56,19.355,8.6275
3626,2827034,0.483364,-0.005124001,-0.898652,1.61,24.0625,6.265
3627,2827131,0.482144,-0.027328,-0.889136,2.0475,30.1525,4.3925
3628,2827229,0.484828,-0.036112,-0.8949921,2.5725,36.925,2.3975
3629,2827326,0.485804,-0.03416,-0.895236,3.8325,44.5375,-0.0525
3630,2827423,0.482632,-0.02684,-0.8996281,4.62,52.85,-2.4325
3631,2827521,0.480924,-0.016348,-0.907192,5.635,61.95,-4.2525
3632,2827618,0.474824,-0.02684,-0.912316,6.475,72.1175,-5.915
3633,2827715,0.474824,-0.038308,-0.9228081,7.0875,83.1425,-7.595
3634,2827813,0.471164,-0.057828,-0.9269561,7.9625,95.3225,-10.36
3635,2827910,0.4636,-0.053436,-0.932568,8.0325,109.97,-14.1575
3636,2828008,0.454816,-0.05929201,-0.942572,9.2925,127.33,-18.06
3637,2828105,0.426024,-0.03904,-0.974536,11.1125,147.4725,-21.6475
3638,2828202,0.402112,-0.027572,-1.010404,13.825,171.0625,-24.9725
3639,2828300,0.37576,0.03782,-1.036268,17.3075,197.5925,-27.685
3640,2828397,0.41602,0.06124401,-1.0492,24.185,226.6075,-28.49
3641,2828495,0.450668,0.087108,-1.0919,32.165,256.6725,-26.3025
3642,2828592,0.523136,0.05124001,-1.055056,41.8075,287.42,-21.6475
3643,2828689,0.756888,0.077348,-1.124596,42.9625,321.0725,-17.5
3644,2828787,0.959896,-0.042944,-1.084824,50.3475,349.58,-12.985
3645,2828884,1.335656,-0.092964,-1.108004,45.3775,367.5175,-12.7925
3646,2828981,1.371768,-0.160552,-0.928176,33.7925,369.355,-17.4125
3647,2829079,1.498648,-0.050508,-0.9850281,26.46,364.4725,-20.5625
3648,2829176,1.6653,0.091256,-1.092876,24.465,343.77,-17.99
3649,2829274,1.542568,0.03172,-1.202432,44.45,301.6825,-3.6925
3650,2829371,1.300764,0.016836,-1.09434,76.3525,257.0925,14.3325
3651,2829468,1.01504,0.128588,-1.017968,84.9975,217.6475,18.6725
3652,2829566,0.6161,-0.171288,-0.607804,80.92,179.235,14.91
3653,2829663,0.313052,0.120048,-0.739076,43.5925,149.4325,3.4125
3654,2829760,1.777784,-0.486048,-1.65188,4.0775,92.61001,22.7325
3655,2829858,0.793244,-0.67832,-1.737524,-5.6175,24.6925,59.71
3656,2829955,0.185684,0.447496,-1.1956,-89.3025,-68.635,43.8725
3657,2830053,-0.027328,0.6075601,-0.8327721,-79.695,-102.4275,53.6025
3658,2830150,-0.182268,0.7259001,-0.611464,-42.28,-113.33,53.69
3659,2830247,-0.151036,0.702476,-0.5504641,-8.9425,-108.045,46.165
3660,2830345,-0.03538,0.553636,-0.5777921,17.71,-105.21,38.5875
3661,2830442,0.07417601,0.427,-0.625128,28.4025,-109.4625,27.58
3662,2830540,0.158844,0.319152,-0.6729521,26.3725,-119.9625,16.66
3663,2830637,0.244244,0.261812,-0.7327321,17.0975,-134.05,8.68
3664,2830734,0.344772,0.210572,-0.786412,5.8625,-150.3075,4.585
3665,2830832,0.465064,0.185196,-0.85644,-4.7775,-168.6825,4.0075
3666,2830929,0.534848,0.125416,-0.860588,-12.145,-189.455,6.93
3667,2831026,0.53436,0.047092,-0.7986121,-20.1075,-211.085,12.005
3668,2831124,0.52826,-0.013664,-0.7134561,-32.795,-227.465,16.3975
3669,2831221,0.527284,-0.06563601,-0.632204,-47.775,-236.915,19.4425
3670,2831319,0.537776,-0.100772,-0.574864,-63.4375,-239.3825,21.3325
3671,2831416,0.604144,-0.11956,-0.5917,-78.645,-234.85,23.0125
3672,2831513,0.769576,-0.127124,-0.648552,-91.4375,-226.6075,24.7975
3673,2831611,0.8949921,-0.162016,-0.68076,-99.12001,-221.7075,26.0575
3674,2831708,0.9423281,-0.215452,-0.66368,-105.315,-219.7825,25.62
3675,2831805,0.995764,-0.209596,-0.681736,-113.4525,-214.9175,23.0475
3676,2831903,1.068232,-0.198372,-0.726144,-118.0725,-207.7775,19.705
3677,2832000,1.124596,-0.208376,-0.792268,-117.3375,-201.3725,15.995
3678,2832098,1.230736,-0.209596,-0.888648,-113.5225,-195.9125,10.605
3679,2832195,1.345416,-0.209108,-0.96258,-104.9475,-193.8825,2.6775
3680,2832292,1.407636,-0.233752,-0.951112,-90.89499,-196.035,-5.1975
3681,2832390,1.461072,-0.282552,-0.854244,-74.7075,-197.4175,-13.685
3682,2832487,1.534272,-0.316712,-0.731756,-59.255,-193.62,-22.6975
3683,2832585,1.601616,-0.346968,-0.63318,-43.6975,-185.185,-29.61
3684,2832682,1.723128,-0.363804,-0.56974,-29.7325,-174.1075,-34.37
3685,2832779,1.855132,-0.372588,-0.49532,-15.33,-164.57,-36.9425
3686,2832877,1.943216,-0.398696,-0.371612,-0.595,-158.83,-36.155
3687,2832974,1.982988,-0.39406,-0.215452,10.815,-153.755,-33.2325
3688,2833071,1.967372,-0.347456,-0.075884,19.985,-146.545,-27.895
3689,2833169,1.876848,-0.26474,0.06588,28.2625,-137.6025,-21.56
3690,2833266,1.769976,-0.17934,0.188368,35.6125,-125.2125,-15.8375
3691,2833364,1.660908,-0.116388,0.279136,40.4425,-109.235,-11.0775
3692,2833461,1.536712,-0.046116,0.322812,39.55,-90.35251,-7.21
3693,2833558,1.447408,-0.015372,0.335012,33.005,-68.72251,-3.7275
3694,2833656,1.26514,0.190808,0.485316,28.805,-43.54,-1.12
3695,2833753,1.406416,0.055388,0.215696,35.77,-5.8975,3.57
3696,2833850,1.217804,0.201056,0.029768,47.4775,15.4525,-2.3275
3697,2833948,0.8842561,-0.110532,-0.809348,63.8225,25.9875,-18.6025
3698,2834046,-0.055388,-0.726144,-1.213168,88.09501,14.9625,-25.8475
3699,2834143,-0.498248,-1.170712,-1.48962,75.705,16.0125,-32.9175
3700,2834240,-0.251564,-1.7568,-0.60268,57.365,48.0025,-9.6075
3701,2834337,0.851072,-1.157292,-0.9103641,-8.5225,96.3725,19.2675
3702,2834435,1.528904,-0.282308,-1.408612,-56.9625,99.31251,30.275
3703,2834532,1.267824,0.514352,-1.502308,-77.8225,51.065,21.21
3704,2834630,0.895236,0.8764481,-1.236592,-68.95,10.64,1.33
3705,2834727,0.6600201,0.50996,-1.00162,-34.335,-6.265,-11.4625
3706,2834824,0.49898,-0.105896,-0.9089001,-10.7625,-9.8,-17.15
3707,2834922,0.3904,-0.340624,-0.8388721,-15.225,-11.0425,-19.495
3708,2835019,0.33184,-0.242292,-0.78934,-24.5175,-8.1725,-14.42
3709,2835117,0.34282,0.223992,-0.83936,-30.695,-2.8175,-10.15
3710,2835214,0.439688,0.556076,-0.838628,-22.0325,1.295,-9.975
3711,2835311,0.414312,0.463356,-0.7895841,0.98,1.6625,-8.05
3712,2835409,0.327448,0.14152,-0.7849481,26.9325,5.0225,0.7525
3713,2835506,0.30378,0.085156,-0.782508,41.3525,11.4275,8.5925
3714,2835603,0.286456,0.208864,-0.750788,52.99,18.6725,13.7025
3715,2835701,0.303536,0.23302,-0.81252,69.52751,26.425,18.62
3716,2835798,0.418216,0.076372,-0.9254921,84.00001,31.15,23.17
3717,2835896,0.541924,-0.229116,-1.00162,86.8875,28.8575,25.4975
3718,2835993,0.851804,-0.750788,-1.09434,64.015,18.4625,22.3125
3719,2836090,0.410896,-0.181536,-0.742492,17.9375,-3.955,13.0025
3720,2836188,0.690764,-0.009028001,-1.048712,3.2025,0.0875,6.895
3721,2836285,0.533872,-0.256932,-0.8430201,15.575,-7.84,5.705
3722,2836383,0.5429,-0.136152,-0.8820601,10.7975,-7.77,3.885
3723,2836480,0.512888,-0.054168,-0.8954801,6.72,-6.3525,1.645
3724,2836577,0.496052,-0.104188,-0.875716,8.5925,-7.175,1.4175
3725,2836675,0.494344,-0.026108,-0.879864,7.595,-6.545,1.8025
3726,2836772,0.490928,-0.020008,-0.874984,5.5825,-6.825,2.0825
3727,2836870,0.487268,-0.05978,-0.856684,6.125,-7.9625,2.5025
3728,2836967,0.458476,-0.030744,-0.866688,3.78,-8.785,1.89
3729,2837064,0.462136,-0.073688,-0.866444,2.7475,-9.59,1.295
3730,2837162,0.482388,-0.068564,-0.87108,2.1875,-10.08,0.8925
3731,2837259,0.482388,-0.060024,-0.8759601,1.8375,-10.255,1.1025
3732,2837356,0.48312,-0.075396,-0.863272,1.8025,-10.675,1.0675
3733,2837454,0.492392,-0.095648,-0.87474,1.12,-10.99,0.3325
3734,2837551,0.490684,-0.09882,-0.8713241,0.56,-10.8325,-0.7525
3735,2837649,0.504836,-0.105896,-0.87108,-0.175,-10.4825,-1.995
3736,2837746,0.498736,-0.09540401,-0.873764,-0.5775,-10.29,-2.87
3737,2837843,0.49166,-0.081496,-0.8786441,-1.015,-9.5025,-3.5525
3738,2837941,0.482388,-0.085156,-0.8725441,-1.0325,-8.7325,-4.375
3739,2838038,0.47336,-0.079056,-0.87474,-1.2775,-7.77,-5.145
3740,2838136,0.463356,-0.07222401,-0.884988,-1.4175,-6.8425,-5.7575
3741,2838233,0.465064,-0.077104,-0.874252,-1.4,-5.7225,-6.335
3742,2838330,0.467748,-0.054656,-0.875716,-2.2225,-5.215,-6.9125
3743,2838428,0.469456,-0.05587601,-0.873764,-2.6775,-4.9525,-7.2625
3744,2838525,0.479948,-0.05002,-0.873032,-4.1475,-4.935,-7.805
3745,2838623,0.491172,-0.075396,-0.8852321,-5.46,-5.11,-8.155
3746,2838720,0.483852,-0.033428,-0.885476,-3.4825,-5.2325,-6.93
3747,2838817,0.485072,-0.03172,-0.868396,-0.3675,-4.9,-4.8125
3748,2838915,0.482388,-0.042212,-0.8725441,1.5575,-4.865,-2.975
3749,2839012,0.481168,-0.027572,-0.884988,3.115,-5.2675,-1.54
3750,2839109,0.473848,-0.043188,-0.8723001,4.76,-5.39,-0.28
3751,2839207,0.47092,-0.045384,-0.872056,5.775,-5.6525,0.665
3752,2839304,0.468968,-0.05002,-0.878156,6.3875,-5.6875,1.12
3753,2839402,0.473848,-0.050264,-0.878888,6.2125,-5.46,1.47
3754,2839499,0.473116,-0.06270801,-0.877424,6.335,-5.3725,1.82
3755,2839596,0.476776,-0.054656,-0.879864,6.0025,-5.3025,2.135
3756,2839694,0.468724,-0.05612,-0.878888,6.0725,-5.2325,2.6075
3757,2839791,0.4636,-0.06661201,-0.877424,5.8975,-5.355,3.0625
3758,2839889,0.445544,-0.064172,-0.8744961,5.705,-5.39,3.4825
3759,2839986,0.44774,-0.057828,-0.880352,4.445,-4.8825,3.92
3760,2840083,0.46848,-0.060024,-0.865956,3.9025,-4.7775,4.4625
3761,2840181,0.46604,-0.062952,-0.86864,3.045,-5.1275,4.6725
3762,2840278,0.472628,-0.056852,-0.8764481,2.31,-5.11,5.0575
3763,2840376,0.477996,-0.066124,-0.868396,1.9425,-5.2675,5.285
3764,2840473,0.470188,-0.074664,-0.8679081,1.995,-5.985,5.145
3765,2840570,0.473848,-0.075396,-0.870104,1.995,-6.2125,4.7775
3766,2840668,0.46848,-0.077592,-0.869616,2.31,-6.5275,4.41
3767,2840765,0.467016,-0.085156,-0.869128,2.2225,-6.7375,3.885
3768,2840862,0.4636,-0.09247601,-0.870592,2.31,-7.035,3.0275
3769,2840960,0.46238,-0.08418,-0.8723001,2.0125,-7.315,2.0475
3770,2841057,0.459208,-0.09028,-0.868884,2.1,-7.805,0.8575
3771,2841154,0.455792,-0.101748,-0.868884,1.925,-8.4175,-0.42
3772,2841252,0.456524,-0.0854,-0.8769361,1.3475,-8.7325,-1.6625
3773,2841349,0.45262,-0.08564401,-0.8759601,1.3475,-8.785,-2.3275
3774,2841447,0.456524,-0.07564,-0.8791321,1.3475,-8.68,-2.8875
3775,2841544,0.467504,-0.066856,-0.883768,1.2425,-8.47,-2.8875
3776,2841641,0.473604,-0.06588,-0.875228,1.6975,-8.365,-2.2925
3777,2841739,0.467992,-0.068076,-0.8759601,1.715,-8.1025,-1.715
3778,2841836,0.462868,-0.07222401,-0.8769361,1.9775,-8.015,-1.6625
3779,2841933,0.460916,-0.077836,-0.875716,1.5925,-7.98,-1.6625
3780,2842031,0.456768,-0.08857201,-0.8759601,1.575,-7.9275,-2.24
3781,2842128,0.455548,-0.0854,-0.87962,1.4875,-7.9275,-3.0625
3782,2842226,0.453352,-0.09345201,-0.8744961,1.5575,-7.7525,-3.815
3783,2842323,0.449692,-0.092964,-0.874984,1.6975,-7.84,-4.445
3784,2842420,0.456036,-0.083448,-0.875472,1.575,-8.0325,-5.32
3785,2842518,0.458476,-0.082472,-0.8718121,1.5225,-7.9975,-5.8975
3786,2842615,0.45628,-0.0793,-0.871568,1.0675,-8.0675,-6.5275
3787,2842713,0.45384,-0.07612801,-0.866932,0.21,-8.3825,-7.315
3788,2842810,0.453352,-0.074664,-0.8708361,-0.945,-8.7325,-8.225
3789,2842907,0.449204,-0.071736,-0.877424,-2.0475,-8.82,-8.925
3790,2843005,0.446276,-0.077836,-0.8842561,-2.905,-8.96,-9.5025
3791,2843102,0.449204,-0.059048,-0.89792,-3.08,-8.505,-9.205
3792,2843200,0.457012,-0.043676,-0.8935281,-2.5025,-7.1225,-7.91
3793,2843297,0.460428,-0.030012,-0.8957241,-1.61,-5.915,-6.1775
3794,2843394,0.467504,-0.037088,-0.884012,-0.525,-5.32,-4.34
3795,2843492,0.4697,-0.045628,-0.8808401,0.3675,-5.635,-2.94
3796,2843589,0.465796,-0.051972,-0.881328,0.91,-5.9325,-2.0475
3797,2843687,0.461404,-0.061,-0.881572,1.47,-6.0375,-1.4
3798,2843784,0.455548,-0.063684,-0.887916,1.6275,-5.985,-1.12
3799,2843881,0.446032,-0.061,-0.883036,1.575,-5.7575,-1.0675
3800,2843979,0.444568,-0.070028,-0.887672,1.2775,-5.0925,-1.2775
3801,2844076,0.441152,-0.067588,-0.90036,0.665,-3.85,-1.75
3802,2844174,0.438956,-0.037576,-0.9057281,-0.1925,-2.1525,-2.205
3803,2844271,0.458964,-0.030988,-0.8957241,0.21,-0.385,-1.7325
3804,2844368,0.465308,-0.049776,-0.891576,1.4,0.525,-0.4025
3805,2844466,0.455792,-0.05172801,-0.901336,1.89,1.5925,0.2625
3806,2844563,0.454816,-0.046604,-0.900848,1.925,3.6225,0.5425
3807,2844660,0.463844,-0.036112,-0.8964561,1.995,6.055,1.05
3808,2844758,0.470676,-0.049776,-0.886452,2.485,8.3825,2.24
3809,2844855,0.481656,-0.06466001,-0.868884,2.275,10.4475,3.185
3810,2844953,0.43676,-0.06270801,-0.9018241,1.6275,13.0025,3.325
3811,2845050,0.443592,-0.049776,-0.9093881,1.155,16.8,3.2375
3812,2845147,0.443348,-0.051972,-0.9106081,1.225,22.1025,3.6925
3813,2845245,0.44652,-0.053436,-0.91622,1.995,28.35,4.5325
3814,2845342,0.415288,-0.116144,-0.9459881,3.3425,35.945,4.6025
3815,2845440,0.420656,-0.078812,-0.9376921,2.59,45.4475,2.59
3816,2845537,0.427244,-0.116388,-0.931836,0.21,57.155,-0.2625
3817,2845634,0.426512,-0.115168,-0.955992,2.24,69.16,-2.9225
3818,2845732,0.417972,-0.125416,-0.9589201,2.73,83.73751,-6.72
3819,2845829,0.425536,-0.107116,-0.96868,4.7775,100.52,-10.605
3820,2845927,0.422608,-0.07856801,-0.9911281,6.7375,119.175,-14.0875
3821,2846024,0.429196,-0.047092,-1.013576,10.7275,140.4025,-16.345
3822,2846121,0.435296,-0.012444,-1.048224,17.535,165.27,-16.94
3823,2846219,0.444568,0.054168,-1.079212,26.6175,192.1675,-15.015
3824,2846316,0.46116,0.117364,-1.12484,37.7475,219.2225,-9.17
3825,2846413,0.492392,0.200568,-1.174616,52.8675,245.3675,1.575
3826,2846511,0.482876,0.160552,-1.104588,71.78501,268.7475,17.1325
3827,2846608,0.518012,0.198128,-1.11386,85.1025,292.2325,33.355
3828,2846706,0.594628,0.148108,-1.048468,98.805,316.225,49.0
3829,2846803,0.86132,0.067344,-1.124352,111.3,337.7325,61.6175
3830,2846900,1.118008,-0.078812,-1.159976,123.165,350.735,71.4525
3831,2846998,1.36152,-0.38674,-0.8976761,133.6825,350.6825,73.045
3832,2847095,1.479616,-0.450668,-0.8959681,117.32,341.215,58.3625
3833,2847193,1.516704,-0.373564,-1.048956,96.86251,317.8175,43.6975
3834,2847290,1.279292,-0.339404,-0.9933241,83.86001,281.155,31.8675
3835,2847387,1.006744,-0.268888,-0.9125601,71.8025,250.25,22.4175
3836,2847485,0.720776,-0.127856,-0.7373681,52.2025,224.3325,12.67
3837,2847582,0.692716,-0.035868,-0.6326921,34.8775,202.79,4.55
3838,2847679,0.709796,0.0122,-0.81618,32.0775,175.0875,-0.1575
3839,2847777,1.746064,-0.364048,-2.151348,25.8475,118.9825,10.1675
3840,2847874,0.832528,-0.063684,-2.07278,-20.5275,27.51,9.45
3841,2847972,0.248636,0.724924,-1.504504,-47.145,-94.02751,-10.955
3842,2848069,-0.187636,0.6832,-0.95282,-13.16,-125.545,-16.415
3843,2848166,-0.3111,0.4933681,-0.687592,28.0175,-133.91,-27.3875
3844,2848264,-0.1891,0.27694,-0.639524,39.8125,-126.0525,-40.6175
3845,2848361,-0.025132,0.120292,-0.702232,32.27,-125.09,-48.9125
3846,2848459,0.082472,0.03904,-0.780556,14.245,-133.245,-51.2925
3847,2848556,0.162016,0.014884,-0.8427761,-3.92,-147.245,-47.6875
3848,2848653,0.192516,-0.023668,-0.8378961,-16.9925,-164.0625,-38.08
3849,2848751,0.194224,-0.072956,-0.794952,-27.5275,-180.2675,-25.13
3850,2848848,0.191784,-0.118584,-0.7259001,-39.13,-192.43,-12.9675
3851,2848946,0.219844,-0.147132,-0.68198,-52.71,-199.7975,-3.7275
3852,2849043,0.2989,-0.155428,-0.7015,-66.4825,-203.3675,2.0475
3853,2849140,0.425292,-0.188856,-0.766892,-76.5975,-206.5,5.25
3854,2849238,0.589748,-0.244244,-0.852048,-84.10501,-211.6625,6.79
3855,2849335,0.7427361,-0.299144,-0.92598,-90.7375,-220.3775,6.65
3856,2849433,0.843996,-0.354044,-0.94916,-96.25,-231.805,4.48
3857,2849530,0.881328,-0.405772,-0.924516,-101.115,-242.865,1.085
3858,2849627,0.8866961,-0.422608,-0.875228,-106.75,-248.57,-2.24
3859,2849725,0.92598,-0.383568,-0.834968,-111.685,-246.505,-4.375
3860,2849822,1.025532,-0.298168,-0.8049561,-109.725,-237.5975,-6.4575
3861,2849919,1.170468,-0.203496,-0.8698601,-95.6725,-224.525,-5.8275
3862,2850017,1.405928,-0.265472,-0.989176,-73.7275,-212.0475,-3.1325
3863,2850114,1.613084,-0.344528,-1.050664,-57.6275,-209.0025,-4.55
3864,2850212,1.67872,-0.421632,-0.9720961,-52.0625,-215.74,-10.885
3865,2850309,1.621136,-0.45506,-0.827892,-55.0725,-222.88,-21.595
3866,2850406,1.627968,-0.397964,-0.722972,-62.0725,-220.99,-32.9525
3867,2850504,1.679696,-0.3416,-0.630008,-60.9875,-211.4175,-40.0225
3868,2850601,1.756312,-0.367464,-0.549,-50.6625,-197.47,-42.105
3869,2850699,1.836344,-0.459208,-0.424804,-40.81,-182.5775,-41.615
3870,2850796,1.846348,-0.455548,-0.289872,-40.215,-168.245,-39.13
3871,2850893,1.855132,-0.370636,-0.195688,-43.2075,-153.16,-32.97
3872,2850991,1.943948,-0.308172,-0.168116,-42.2975,-137.8825,-22.8725
3873,2851088,1.960296,-0.287676,-0.083936,-37.555,-128.31,-10.6575
3874,2851185,1.858792,-0.296216,0.07027201,-33.0575,-122.745,2.45
3875,2851283,1.773148,-0.273036,0.212036,-33.4075,-112.9975,13.9475
3876,2851380,1.53232,-0.015128,0.51972,-31.3075,-98.175,22.7675
3877,2851477,1.635288,0.001464,0.561444,-13.0375,-67.13,32.0775
3878,2851575,1.553548,-0.03172,0.652456,6.79,-35.2625,37.5375
3879,2851672,1.419592,0.32696,0.635132,14.56,-0.14,24.255
3880,2851770,0.934764,0.631716,-0.085156,41.5275,31.0275,-2.87
3881,2851867,0.387716,-0.3538,-0.929152,83.66751,43.4875,-19.32
3882,2851964,-0.5751081,-0.42334,-1.812676,64.3125,31.4475,-50.2425
3883,2852062,-0.56364,-0.467504,-1.596248,31.64,46.795,-73.0625
3884,2852159,0.09028,-1.00284,-0.471164,40.4075,68.79251,-49.945
3885,2852257,0.8488761,-1.351272,-0.589748,38.0275,103.9675,-3.22
3886,2852354,0.999668,-1.025776,-1.372988,4.5675,108.3075,26.5475
3887,2852451,0.8400921,-0.028304,-1.344928,-46.06,81.655,26.215
3888,2852549,0.710772,0.619516,-0.947452,-59.5525,60.7075,13.58
3889,2852646,0.796416,0.701256,-1.02724,-44.555,56.2275,-2.7825
3890,2852744,0.743224,0.309636,-1.103368,-16.7125,49.4375,-13.65
3891,2852841,0.600484,0.191784,-1.006012,-1.785,38.3425,-16.485
3892,2852938,0.50508,0.066124,-0.8996281,21.21,31.8675,-4.9525
3893,2853036,0.414068,0.315004,-0.8493641,44.66,29.2075,5.7925
3894,2853133,0.49532,0.412848,-0.8935281,51.8525,31.045,4.795
3895,2853231,0.4553041,0.02318,-0.885964,75.7225,28.14,12.075
3896,2853328,0.50264,-0.250832,-0.968924,77.1225,27.02,15.5575
3897,2853425,0.724924,-0.42212,-1.037976,58.8875,19.9675,14.6475
3898,2853523,0.526552,-0.210328,-0.87352,29.7325,3.4475,11.62
3899,2853620,0.595116,-0.08662001,-0.9562361,11.375,-0.49,7.945
3900,2853717,0.531676,-0.182756,-0.8810841,8.855,-5.6,5.6875
3901,2853815,0.509228,-0.124928,-0.877668,3.1675,-7.6475,3.2025
3902,2853912,0.560468,-0.10004,-0.890112,-0.7525,-6.7025,0.3325
3903,2854010,0.5499761,-0.09320801,-0.8723001,0.6125,-7.0175,-0.7875
3904,2854107,0.5463161,-0.062952,-0.883524,1.505,-6.335,-0.9275
3905,2854204,0.546804,-0.09150001,-0.86498,3.4125,-6.2475,-0.875
3906,2854302,0.504836,-0.051484,-0.862784,6.335,-6.44,0.1575
3907,2854399,0.488244,-0.00244,-0.87352,7.245,-6.02,0.98
3908,2854497,0.495808,-0.020496,-0.861808,7.35,-6.055,1.435
3909,2854594,0.47336,-0.019764,-0.86742,6.475,-6.9475,1.8025
3910,2854691,0.466528,-0.018788,-0.870592,5.2325,-7.56,2.0825
3911,2854789,0.456036,-0.044164,-0.8596121,4.4975,-8.3825,2.1
3912,2854886,0.473604,-0.07808001,-0.8642481,2.52,-8.575,1.0325
3913,2854984,0.45262,-0.101748,-0.889624,-0.0875,-8.7325,-1.6275
3914,2855081,0.425048,-0.160064,-0.873032,-2.975,-8.89,-5.04
3915,2855178,0.457012,-0.15372,-0.892308,-7.56,-7.84,-8.715
3916,2855276,0.491416,-0.110532,-0.8935281,-12.5825,-6.265,-11.62
3917,2855373,0.482632,-0.06832001,-0.885964,-16.4325,-6.2825,-13.7025
3918,2855471,0.495076,-0.048068,-0.892552,-19.95,-6.5275,-15.5925
3919,2855568,0.49044,-0.012932,-0.881572,-23.5725,-6.7375,-16.8
3920,2855665,0.500444,-0.000976,-0.871568,-24.465,-7.28,-16.555
3921,2855763,0.5397281,0.025132,-0.870592,-22.995,-6.72,-14.98
3922,2855860,0.5165481,-0.00488,-0.87108,-19.425,-7.945,-13.0025
3923,2855957,0.5368,0.016104,-0.87108,-17.43,-8.0325,-11.305
3924,2856055,0.522404,0.002928,-0.860588,-15.015,-7.9625,-9.6775
3925,2856152,0.5016641,-0.003904,-0.858636,-12.845,-7.8225,-8.715
3926,2856250,0.499468,0.0183,-0.8522921,-11.445,-7.3325,-8.19
3927,2856347,0.500444,0.018056,-0.849852,-9.555,-6.685,-7.21
3928,2856444,0.490684,0.013176,-0.8610761,-8.1025,-6.195,-6.405
3929,2856542,0.485804,0.033672,-0.85522,-6.7025,-6.09,-5.7925
3930,2856639,0.484096,0.029524,-0.852536,-3.6225,-5.7225,-4.6375
3931,2856737,0.48068,-0.034404,-0.877668,-0.4025,-5.5475,-3.9025
3932,2856834,0.467992,-0.0122,-0.8852321,-0.9975,-5.495,-4.655
3933,2856931,0.465308,-0.040016,-0.8976761,-2.2225,-5.425,-5.6875
3934,2857029,0.469212,-0.024888,-0.887184,-4.795,-5.4075,-6.9125
3935,2857126,0.45872,-0.016348,-0.8940161,-6.79,-5.88,-7.98
3936,2857223,0.4594521,-0.007320001,-0.8893801,-7.56,-6.3525,-8.645
3937,2857321,0.448716,0.01464,-0.87718,-8.3475,-6.65,-8.96
3938,2857418,0.45872,0.026596,-0.8769361,-7.2975,-6.79,-8.295
3939,2857516,0.463356,0.008296001,-0.8805961,-5.9325,-6.4925,-7.665
3940,2857613,0.469944,0.035868,-0.8596121,-6.23,-6.5275,-7.5425
3941,2857710,0.453108,0.038308,-0.8527801,-4.9,-6.545,-6.8425
3942,2857808,0.476044,0.044652,-0.8522921,-2.765,-5.67,-5.4775
3943,2857905,0.48922,0.033916,-0.850584,-0.595,-5.3025,-4.165
3944,2858003,0.495808,0.05978,-0.8425321,0.3325,-5.4425,-3.3425
3945,2858100,0.477264,0.022448,-0.85156,2.3625,-5.7225,-2.17
3946,2858197,0.46726,0.018056,-0.874984,3.8675,-5.7575,-1.2075
3947,2858295,0.47336,-0.006588,-0.875228,4.55,-5.6175,-1.1375
3948,2858392,0.470188,0.020008,-0.8801081,3.4125,-5.7225,-1.6625
3949,2858489,0.4743361,0.014396,-0.8642481,3.395,-5.565,-1.68
3950,2858587,0.46116,0.032208,-0.866688,3.36,-5.6525,-1.54
3951,2858684,0.462136,0.037088,-0.86498,4.795,-5.1975,-0.945
3952,2858782,0.460916,0.019276,-0.872056,6.545,-4.7425,-0.2625
3953,2858879,0.475312,0.016348,-0.8723001,7.245,-4.235,0.105
3954,2858976,0.480436,0.019764,-0.879864,7.0875,-4.1125,0.1925
3955,2859074,0.487756,-0.00488,-0.8810841,6.8075,-4.0075,0.0
3956,2859171,0.486536,0.005124001,-0.87962,5.11,-4.375,-0.455
3957,2859269,0.479216,0.004636001,-0.873276,4.235,-4.55,-0.735
3958,2859366,0.482632,-0.000488,-0.869616,3.465,-4.5325,-0.9275
3959,2859463,0.476044,-0.004636001,-0.878888,3.01,-4.445,-1.1725
3960,2859561,0.471652,-0.00366,-0.874984,2.5025,-4.48,-1.365
3961,2859658,0.472872,0.002196,-0.8759601,2.0475,-4.305,-1.8375
3962,2859755,0.476288,0.011224,-0.878888,1.6975,-4.165,-2.17
3963,2859853,0.484828,0.0183,-0.8657121,1.5575,-4.1475,-1.9775
3964,2859950,0.483608,0.01708,-0.863272,1.8725,-4.2875,-1.5925
3965,2860048,0.48068,0.008052001,-0.8698601,2.5025,-4.725,-1.435
3966,2860145,0.471164,0.008784,-0.8740081,2.45,-4.8825,-1.575
3967,2860242,0.470432,0.00976,-0.87352,2.59,-4.6025,-1.715
3968,2860340,0.46604,0.000976,-0.8808401,2.7475,-4.3575,-1.7675
3969,2860437,0.469212,0.009516001,-0.87352,2.5725,-3.9725,-1.995
3970,2860535,0.471408,0.012932,-0.876204,2.52,-3.43,-1.96
3971,2860632,0.48068,0.014884,-0.8708361,2.485,-3.22,-1.68
3972,2860729,0.480924,0.012688,-0.86864,2.45,-3.045,-1.5225
3973,2860827,0.483852,0.021228,-0.86742,2.38,-2.87,-1.155
3974,2860924,0.493124,0.031964,-0.85644,2.4325,-2.73,-0.805
3975,2861021,0.486048,0.015372,-0.8657121,3.325,-3.22,-0.0525
3976,2861119,0.491904,0.017568,-0.86498,4.0075,-3.6925,0.3675
3977,2861216,0.49166,0.014396,-0.853024,4.8125,-4.1825,0.7
3978,2861314,0.484584,0.0183,-0.860344,5.74,-4.62,1.085
3979,2861411,0.491416,0.007076001,-0.858636,6.86,-4.8125,1.645
3980,2861508,0.487024,0.004392,-0.864736,7.4375,-5.1275,2.135
3981,2861606,0.493612,-0.005612,-0.8615641,8.0325,-5.7575,2.6425
3982,2861703,0.481412,-0.007320001,-0.8576601,7.9625,-6.265,2.7825
3983,2861800,0.4331,0.009516001,-0.8857201,7.7875,-7.07,2.2925
3984,2861898,0.426512,-0.011224,-0.9145121,7.105,-6.51,1.575
3985,2861995,0.4514,-0.0305,-0.885476,6.5625,-5.25,0.4025
3986,2862093,0.456768,-0.009028001,-0.8869401,4.7775,-4.62,-0.6825
3987,2862190,0.46848,-0.015616,-0.87962,4.375,-3.99,-1.1025
3988,2862287,0.476288,-0.00244,-0.8744961,3.815,-3.255,-1.47
3989,2862385,0.47458,-0.00122,-0.879376,3.78,-2.555,-1.3825
3990,2862482,0.460184,-0.009272001,-0.8852321,4.1125,-2.24,-1.4
3991,2862580,0.463844,-0.010248,-0.88816,3.6925,-1.295,-1.645
3992,2862677,0.465796,-0.005612,-0.8913321,3.4125,-0.6125,-1.6625
3993,2862774,0.479216,-0.000976,-0.880352,2.975,0.0,-1.4875
3994,2862872,0.488732,0.006344,-0.86864,2.6425,0.5425,-1.1375
3995,2862969,0.497516,0.007320001,-0.860344,2.59,0.98,-0.7175
3996,2863066,0.496296,-0.002928,-0.8744961,2.6075,1.015,-0.2625
3997,2863164,0.487268,0.02074,-0.8801081,2.24,1.575,-0.1575
3998,2863261,0.482876,0.039772,-0.885964,2.1875,3.185,0.455
3999,2863359,0.485072,0.019276,-0.8820601,2.94,5.32,2.5375
4000,2863456,0.486292,0.020496,-0.888648,2.905,7.735,4.4625
4001,2863553,0.467016,-0.023668,-0.892552,2.73,11.025,5.215
4002,2863651,0.43188,-0.0427,-0.9150001,1.47,16.17,5.145
4003,2863748,0.4697,-0.02562,-0.9293961,-0.3325,23.905,4.445
4004,2863845,0.447252,-0.045628,-0.915244,1.2775,32.3925,2.59
4005,2863943,0.451888,-0.071004,-0.928664,0.5425,42.35,0.0875
4006,2864040,0.442128,-0.055632,-0.936716,0.5775,53.06,-3.2725
4007,2864138,0.446276,-0.051484,-0.927932,0.665,64.5575,-6.8425
4008,2864235,0.474092,-0.027572,-0.904996,1.3475,75.3375,-9.765
4009,2864332,0.494344,-0.027084,-0.888648,2.59,85.1375,-11.725
4010,2864430,0.510692,-0.03172,-0.8625401,4.41,94.185,-13.4225
4011,2864527,0.528748,-0.034648,-0.8574161,4.9875,102.9875,-14.9975
4012,2864625,0.517036,-0.02806,-0.872788,6.3175,111.1775,-16.7125
4013,2864722,0.519476,-0.029036,-0.876204,8.2075,120.0675,-18.5325
4014,2864819,0.50996,-0.00976,-0.896212,8.6625,131.4075,-19.9675
4015,2864917,0.495564,0.0244,-0.923052,9.94,145.775,-20.755
4016,2865014,0.492148,0.06563601,-0.9501361,13.265,163.1525,-19.95
4017,2865111,0.495076,0.121024,-0.9828321,18.235,183.3825,-17.01
4018,2865209,0.509472,0.150304,-0.983076,27.685,205.5025,-11.655
4019,2865306,0.5553441,0.188612,-1.018944,38.395,229.7575,-3.9025
4020,2865404,0.599996,0.212036,-1.037244,50.225,255.71,6.5975
4021,2865501,0.7664041,0.209108,-1.06872,63.035,282.905,18.83
4022,2865598,0.9272,0.121024,-1.068232,78.05,305.76,31.5
4023,2865696,1.200236,-0.037576,-1.0492,84.385,319.4975,36.6975
4024,2865793,1.465708,-0.08906,-0.9901521,77.665,319.3225,33.285
4025,2865891,1.500844,-0.233264,-0.941108,75.53,307.475,32.6725
4026,2865988,1.684576,0.030744,-1.194868,65.87,284.1825,30.555
4027,2866085,1.488888,0.04026,-1.057252,67.3575,242.34,32.9875
4028,2866183,1.171932,-0.058804,-0.987712,79.1,207.4975,38.2025
4029,2866280,0.9171961,-0.248392,-0.8174001,72.06501,182.56,34.7025
4030,2866378,0.676368,-0.275476,-0.71736,37.415,163.2225,24.85
4031,2866475,0.40016,0.317932,-0.983564,-0.245,135.9225,19.1975
4032,2866572,1.984208,0.1159,-1.973472,-1.6975,71.75,41.4225
4033,2866670,0.27694,0.087108,-1.631872,20.79,-0.4375,55.44
4034,2866767,0.008052001,0.7198,-1.103368,-16.905,-67.8825,30.2225
4035,2866864,-0.167628,0.74786,-0.799344,3.395,-82.4425,22.2075
4036,2866962,-0.224236,0.52948,-0.629276,33.635,-86.5375,14.6475
4037,2867059,-0.144204,0.406992,-0.61122,38.8325,-82.985,1.7325
4038,2867157,-0.051972,0.322324,-0.6558721,33.0925,-83.825,-9.4675
4039,2867254,0.027084,0.278648,-0.720044,21.91,-89.86251,-17.5875
4040,2867351,0.061,0.271328,-0.748836,12.355,-100.0825,-22.2075
4041,2867449,0.079056,0.229604,-0.75518,7.4725,-110.53,-22.6625
4042,2867546,0.132248,0.152744,-0.787144,3.92,-119.1575,-20.265
4043,2867643,0.262788,0.070028,-0.873032,-2.2925,-127.5225,-16.975
4044,2867741,0.40992,-0.006832001,-0.9799041,-12.3725,-140.14,-13.1425
4045,2867838,0.534848,-0.064416,-1.047736,-24.605,-159.18,-9.2225
4046,2867936,0.581696,-0.117852,-1.03822,-36.995,-182.6825,-4.2875
4047,2868033,0.578768,-0.169824,-0.959896,-49.1925,-205.45,0.945
4048,2868130,0.54412,-0.198616,-0.8479,-62.1075,-222.145,5.67
4049,2868228,0.547292,-0.203252,-0.781776,-74.5675,-229.495,9.1875
4050,2868325,0.619272,-0.197884,-0.787876,-84.3675,-228.865,11.445
4051,2868422,0.7556681,-0.179584,-0.858392,-89.4775,-225.4875,13.16
4052,2868520,0.837164,-0.207888,-0.895236,-88.5675,-224.5075,14.875
4053,2868617,0.853024,-0.253272,-0.87352,-87.2725,-224.1575,16.275
4054,2868715,0.8652241,-0.306952,-0.8527801,-89.145,-219.1875,15.96
4055,2868812,0.978196,-0.316956,-0.924516,-96.2325,-208.915,13.4225
4056,2868909,1.222928,-0.278404,-1.101172,-103.0225,-198.8,9.87
4057,2869007,1.336388,-0.273036,-1.165344,-100.905,-200.6025,6.44
4058,2869104,1.274168,-0.291336,-1.059692,-93.5725,-208.5825,3.465
4059,2869202,1.218292,-0.255224,-0.917928,-87.2025,-208.1625,-0.245
4060,2869299,1.268556,-0.211548,-0.844972,-77.735,-195.5975,-4.8475
4061,2869396,1.453752,-0.251808,-0.8481441,-64.33,-177.66,-9.31
4062,2869494,1.657736,-0.295972,-0.836676,-53.69,-164.115,-15.89
4063,2869591,1.793644,-0.315004,-0.763476,-48.5625,-157.3775,-24.8675
4064,2869689,1.863428,-0.36478,-0.6039,-46.69,-153.3175,-34.0725
4065,2869786,1.905884,-0.306952,-0.45018,-48.2125,-147.945,-41.72
4066,2869883,1.913204,-0.30866,-0.253272,-43.155,-140.595,-44.5025
4067,2869981,1.969812,-0.227164,-0.123708,-34.1075,-130.7425,-43.8025
4068,2870078,1.99348,-0.176656,0.007320001,-17.7975,-121.2225,-40.425
4069,2870175,1.962492,-0.184708,0.163968,0.35,-113.6625,-36.1025
4070,2870273,1.887828,-0.217892,0.313052,10.255,-104.9825,-33.74
4071,2870370,1.833904,-0.15494,0.406992,9.0125,-92.8725,-33.145
4072,2870468,1.769732,-0.105896,0.476288,4.76,-78.155,-32.025
4073,2870565,1.530124,0.085156,0.726876,6.16,-60.3575,-32.06
4074,2870662,1.573312,0.011712,0.6985721,21.2275,-28.175,-30.3275
4075,2870760,1.413004,0.017324,0.7141881,39.97,3.5175,-33.425
4076,2870857,1.032608,0.009516001,0.041724,55.51,33.285,-47.04
4077,2870954,0.684176,-0.629276,-0.320372,63.0175,52.85,-55.685
4078,2871052,-0.09442801,-0.241316,-1.263188,29.6625,60.55,-72.695
4079,2871149,-1.115324,-0.015372,-2.83772,26.0225,75.95,-73.8325
4080,2871247,-0.064416,-1.857572,-1.905152,85.4525,85.3825,-32.6025
4081,2871344,0.8976761,-2.417552,0.092232,68.74,85.9425,22.995
4082,2871441,1.402268,-0.311344,-0.83204,-70.0525,103.7575,37.0825
4083,2871539,1.04798,1.361032,-1.960784,-85.9425,92.3825,41.055
4084,2871636,1.400072,1.992504,-1.391532,-19.775,53.8125,18.7775
4085,2871734,0.602436,0.623908,-0.66368,61.005,7.49,-3.3775
4086,2871831,0.472384,-1.190964,-0.9120721,111.9825,17.0975,13.825
4087,2871928,0.43798,-0.471896,-0.945012,49.0525,19.635,7.9625
4088,2872026,0.37698,0.529724,-0.71614,15.155,15.645,0.7175
4089,2872123,0.484096,0.537776,-0.843996,45.22,24.6225,6.02
4090,2872221,0.471652,0.017812,-0.890112,83.265,26.74,16.7475
4091,2872318,0.678808,-0.433832,-1.029436,84.0525,22.575,21.875
4092,2872415,0.456036,-0.258152,-0.87352,54.2325,9.1525,19.81
4093,2872513,0.5119121,-0.057828,-0.9725841,32.13,4.2175,17.3425
4094,2872610,0.48556,-0.094672,-0.8893801,22.225,-1.0325,15.505
4095,2872708,0.55388,-0.087352,-0.8930401,16.415,-6.055,14.56
4096,2872805,0.55632,-0.098576,-0.8786441,10.395,-8.2775,12.1275
4097,2872902,0.544852,-0.145424,-0.865956,6.825,-10.6225,8.6625
4098,2873000,0.537532,-0.166164,-0.866932,3.4475,-10.535,4.8475
4099,2873097,0.5655921,-0.184464,-0.8532681,0.175,-8.855,0.2275
4100,2873195,0.502884,-0.152988,-0.877912,-3.6225,-8.89,-4.7075
4101,2873292,0.494588,-0.179828,-0.8642481,-5.74,-8.9075,-9.66
4102,2873389,0.508496,-0.081252,-0.8676641,-9.485,-6.825,-13.0725
4103,2873487,0.503128,-0.016592,-0.8637601,-12.215,-6.405,-14.525
4104,2873584,0.534604,0.025132,-0.865956,-13.5275,-6.8775,-14.875
4105,2873682,0.5124001,0.007320001,-0.863272,-14.6825,-8.645,-14.2625
4106,2873779,0.512644,0.003416,-0.871568,-16.1175,-9.24,-13.79
4107,2873876,0.50508,-0.017324,-0.863272,-13.9125,-9.415,-12.25
4108,2873974,0.5002,0.020496,-0.857172,-7.63,-8.9075,-8.925
4109,2874071,0.495564,0.034648,-0.862784,-1.5575,-8.295,-5.2675
4110,2874169,0.482144,-0.005368,-0.8713241,3.465,-8.5925,-1.645
4111,2874266,0.470432,0.046848,-0.86742,7.77,-9.4325,2.1525
4112,2874363,0.483364,0.02318,-0.863272,12.18,-10.29,5.74
4113,2874461,0.488,-0.016348,-0.8679081,14.0525,-10.29,7.6475
4114,2874558,0.496052,-0.033672,-0.881816,12.46,-9.625,7.9975
4115,2874655,0.496296,-0.057584,-0.8808401,11.6025,-9.065,7.7525
4116,2874753,0.490684,-0.033672,-0.883524,10.745,-9.3275,7.35
4117,2874850,0.48922,-0.024888,-0.8679081,10.4825,-9.4675,7.3325
4118,2874948,0.485804,-0.038308,-0.863028,9.3625,-9.835,7.3675
4119,2875045,0.484584,-0.05929201,-0.8652241,7.5775,-9.695,6.5975
4120,2875142,0.485316,-0.07027201,-0.863516,6.055,-9.275,5.32
4121,2875240,0.47458,-0.08052,-0.872056,4.7775,-9.0825,3.9725
4122,2875337,0.477508,-0.072956,-0.866932,3.6925,-8.8725,2.52
4123,2875435,0.476776,-0.064904,-0.868884,2.625,-8.435,1.2075
4124,2875532,0.470676,-0.063928,-0.873764,2.24,-8.2075,0.14
4125,2875629,0.477752,-0.052704,-0.876204,2.31,-7.8925,-0.3325
4126,2875727,0.483852,-0.050508,-0.87352,2.415,-7.035,-0.175
4127,2875824,0.477752,-0.048312,-0.873276,2.415,-6.5975,-0.1225
4128,2875921,0.476044,-0.049776,-0.87108,2.345,-6.2125,-0.105
4129,2876019,0.476288,-0.052948,-0.8713241,2.345,-6.02,-0.14
4130,2876116,0.47336,-0.056608,-0.868396,2.17,-6.3175,-0.385
4131,2876214,0.472628,-0.059536,-0.87352,1.96,-6.615,-0.9975
4132,2876311,0.4758,-0.044652,-0.8769361,2.065,-6.475,-1.155
4133,2876408,0.469212,-0.05002,-0.872788,2.4325,-6.265,-0.8925
4134,2876506,0.479216,-0.042456,-0.868152,2.24,-6.1775,-0.7525
4135,2876603,0.46604,-0.060268,-0.868152,2.205,-6.3175,-0.91
4136,2876701,0.4697,-0.06344,-0.8725441,1.855,-6.4225,-1.4175
4137,2876798,0.462624,-0.065148,-0.874984,1.855,-6.615,-2.1
4138,2876895,0.467504,-0.051484,-0.876692,1.82,-6.3175,-2.555
4139,2876993,0.475068,-0.050752,-0.869372,1.5575,-6.1775,-2.87
4140,2877090,0.481168,-0.048312,-0.875228,1.5575,-6.545,-3.1325
4141,2877188,0.476288,-0.043432,-0.877912,2.0825,-6.9125,-2.9925
4142,2877285,0.472872,-0.038308,-0.875472,2.17,-6.79,-2.555
4143,2877382,0.473116,-0.03904,-0.8759601,2.0825,-6.58,-2.065
4144,2877480,0.470432,-0.040504,-0.872788,2.03,-6.5625,-1.6625
4145,2877577,0.47214,-0.047336,-0.874252,1.995,-6.44,-1.4
4146,2877675,0.470432,-0.05612,-0.872788,1.9075,-6.475,-1.5225
4147,2877772,0.473604,-0.058072,-0.875472,1.82,-6.545,-1.8025
4148,2877869,0.47214,-0.050264,-0.87962,1.925,-6.4225,-1.925
4149,2877967,0.473604,-0.0549,-0.876692,2.3625,-6.16,-1.855
4150,2878064,0.476532,-0.046116,-0.877424,2.6075,-5.8275,-1.6975
4151,2878161,0.481412,-0.052948,-0.871568,3.15,-5.5475,-1.4175
4152,2878259,0.478728,-0.059536,-0.87352,3.4125,-5.5825,-1.3825
4153,2878356,0.476532,-0.051972,-0.872056,3.57,-5.6,-1.3825
4154,2878454,0.457012,-0.044164,-0.87718,3.7975,-5.985,-1.4
4155,2878551,0.457988,-0.035868,-0.8801081,3.5525,-6.3,-1.5225
4156,2878648,0.46726,-0.0366,-0.8786441,3.3775,-6.4225,-1.4
4157,2878746,0.4743361,-0.05002,-0.871568,3.43,-6.7025,-1.155
4158,2878843,0.4758,-0.055388,-0.869128,3.57,-7.14,-1.0325
4159,2878941,0.471652,-0.05856,-0.8679081,3.5875,-7.56,-0.98
4160,2879038,0.457012,-0.049532,-0.8679081,3.395,-7.875,-1.2075
4161,2879136,0.453352,-0.057096,-0.87352,2.905,-8.19,-1.47
4162,2879233,0.458964,-0.060268,-0.868884,2.24,-8.0675,-1.75
4163,2879330,0.45872,-0.069296,-0.877912,1.8025,-8.155,-2.1525
4164,2879428,0.46116,-0.06124401,-0.88328,1.54,-7.77,-2.59
4165,2879525,0.466284,-0.052704,-0.8842561,1.785,-6.895,-2.5725
4166,2879622,0.466284,-0.053192,-0.879376,1.995,-6.3175,-2.415
4167,2879720,0.46848,-0.051484,-0.881816,1.9425,-5.88,-2.1175
4168,2879817,0.468236,-0.05734,-0.879864,2.3275,-5.635,-1.96
4169,2879915,0.46604,-0.055144,-0.873032,2.555,-5.4075,-1.8025
4170,2880012,0.456036,-0.04392,-0.878156,2.52,-5.5125,-1.8375
4171,2880109,0.4575,-0.045872,-0.8740081,2.3625,-5.6525,-1.7675
4172,2880207,0.456768,-0.05124001,-0.872788,2.03,-5.74,-1.75
4173,2880304,0.461648,-0.046848,-0.872788,1.68,-5.81,-1.8025
4174,2880402,0.463112,-0.0549,-0.87474,1.47,-5.7575,-1.96
4175,2880499,0.456768,-0.050996,-0.8725441,0.9275,-5.7925,-2.1175
4176,2880597,0.456036,-0.057584,-0.869128,0.2625,-5.67,-2.4675
4177,2880694,0.453108,-0.058804,-0.878156,-0.8925,-5.285,-3.15
4178,2880791,0.457988,-0.050752,-0.8845,-2.1875,-4.3575,-4.1125
4179,2880889,0.4575,-0.039528,-0.888404,-3.605,-3.4125,-4.865
4180,2880986,0.458476,-0.027084,-0.893284,-4.3225,-2.485,-4.9175
4181,2881083,0.460184,-0.027572,-0.8888921,-3.7275,-1.54,-4.06
4182,2881181,0.463112,-0.036356,-0.891576,-3.4475,-0.665,-3.5
4183,2881278,0.460184,-0.0305,-0.903044,-3.43,0.9275,-3.0275
4184,2881376,0.452864,-0.033916,-0.898652,-3.08,2.8,-2.5025
4185,2881473,0.470188,-0.034892,-0.892552,-2.765,5.1625,-1.6275
4186,2881570,0.472872,-0.04514,-0.8862081,-2.03,7.21,-0.7525
4187,2881668,0.497272,-0.038796,-0.869616,-1.4875,9.5725,-0.1925
4188,2881765,0.466772,-0.033428,-0.8862081,-1.2425,11.69,0.07
4189,2881863,0.469456,-0.033916,-0.89426,-0.5775,14.84,0.8225
4190,2881960,0.46848,-0.036112,-0.8967,0.28,17.99,1.5925
4191,2882057,0.468724,-0.032452,-0.904996,0.63,22.47,2.065
4192,2882155,0.455548,-0.070028,-0.912316,1.96,27.2125,2.135
4193,2882252,0.437736,-0.08881599,-0.891576,2.24,33.25,0.525
4194,2882350,0.461648,-0.085156,-0.898408,-0.665,41.3875,-2.59
4195,2882447,0.458232,-0.088328,-0.905484,0.315,48.65,-5.11
4196,2882544,0.467016,-0.081496,-0.912316,-0.3325,57.9075,-8.085
4197,2882642,0.466528,-0.073932,-0.91622,0.14,67.795,-10.815
4198,2882739,0.46604,-0.059048,-0.935008,0.665,79.7125,-13.09
4199,2882837,0.466528,-0.044408,-0.945256,2.0475,93.03,-14.56
4200,2882934,0.46604,-0.030744,-0.960628,3.71,108.115,-15.6275
4201,2883031,0.475312,-0.008052001,-0.9701441,6.615,125.0725,-15.995
4202,2883129,0.48434,0.022448,-0.989664,10.71,142.905,-15.47
4203,2883226,0.493856,0.039772,-1.005036,16.9925,161.21,-12.9675
4204,2883324,0.477996,0.04148,-1.024312,24.7275,180.985,-9.0825
4205,2883421,0.498004,0.099308,-1.057252,32.4975,202.8775,-4.06
4206,2883518,0.492392,0.107116,-1.013576,42.84,225.015,4.0425
4207,2883616,0.54534,0.105896,-1.022116,54.4775,247.3275,13.6325
4208,2883713,0.621712,0.110776,-1.039196,61.5125,270.935,22.2775
4209,2883811,0.7788481,0.096624,-1.095804,70.455,292.95,30.9925
4210,2883908,1.057984,0.024644,-1.141432,80.6575,308.5075,37.5375
4211,2884005,1.287588,-0.139568,-1.086532,86.765,314.1775,40.2675
4212,2884103,1.423984,-0.295728,-0.966484,88.7775,307.0025,38.0625
4213,2884200,1.55062,-0.21594,-1.172664,72.3975,285.7575,30.1875
4214,2884297,1.470344,-0.272548,-1.229272,61.04,251.1425,27.9125
4215,2884395,1.175348,-0.215452,-0.994544,49.2275,210.2975,25.2
4216,2884492,0.7829961,-0.154208,-0.7612801,21.1225,178.2025,15.19
4217,2884590,0.564128,-0.117608,-0.601216,-10.6225,152.6525,7.035
4218,2884687,0.235216,0.39406,-0.969412,-28.455,124.1625,8.26
4219,2884784,1.796084,-0.7903161,-2.0191,-29.0325,60.8475,46.9175
4220,2884882,0.024888,0.16226,-1.630164,-46.865,-20.02,59.8675
4221,2884979,-0.138104,0.7468841,-1.168516,-88.8125,-72.52,46.13
4222,2885076,-0.25498,0.640012,-0.883036,-40.67,-84.805,55.4575
4223,2885174,-0.204716,0.434808,-0.8052,-8.5225,-88.16501,53.935
4224,2885271,-0.039528,0.305732,-0.8086161,-6.51,-91.77,44.765
4225,2885369,0.0549,0.266692,-0.8576601,-19.985,-105.035,33.1625
4226,2885466,0.125172,0.311344,-0.8810841,-36.855,-122.115,22.6975
4227,2885563,0.15616,0.293532,-0.849852,-45.8675,-140.1925,17.64
4228,2885661,0.171532,0.212768,-0.779824,-50.575,-155.645,17.2725
4229,2885758,0.192272,0.114436,-0.708332,-57.995,-166.25,18.62
4230,2885856,0.232776,0.0122,-0.671732,-70.5425,-172.095,20.2475
4231,2885953,0.331352,-0.055388,-0.703208,-87.74501,-174.5975,21.28
4232,2886050,0.497272,-0.08662001,-0.79178,-105.28,-177.3275,22.75
4233,2886148,0.617076,-0.120536,-0.8418,-117.145,-184.205,26.8625
4234,2886245,0.63562,-0.218868,-0.792268,-123.6025,-193.375,33.4425
4235,2886343,0.635376,-0.329888,-0.71004,-132.7025,-197.54,39.7775
4236,2886440,0.677588,-0.380396,-0.681004,-147.2625,-193.97,44.5725
4237,2886537,0.76006,-0.390644,-0.719312,-161.4725,-185.8325,49.42
4238,2886635,0.807884,-0.432368,-0.74542,-170.73,-177.9225,54.635
4239,2886732,0.870104,-0.486292,-0.763476,-177.9925,-169.54,59.3775
4240,2886830,0.994544,-0.4933681,-0.8400921,-185.36,-159.7925,63.525
4241,2886927,1.145092,-0.509472,-0.934276,-189.0875,-152.7225,67.3225
4242,2887024,1.232688,-0.54534,-0.966728,-188.5625,-151.55,71.6275
4243,2887122,1.225856,-0.597312,-0.9433041,-188.1425,-153.755,76.23001
4244,2887219,1.19316,-0.616588,-0.8845,-190.1025,-154.315,80.3775
4245,2887317,1.17486,-0.63562,-0.8132521,-192.745,-151.6375,83.6325
4246,2887414,1.182668,-0.624152,-0.752984,-194.3025,-146.93,82.25
4247,2887511,1.180472,-0.59902,-0.6836881,-191.1175,-141.1025,75.705
4248,2887609,1.130696,-0.666608,-0.583648,-179.7775,-133.8925,67.2175
4249,2887706,1.148508,-0.735904,-0.544608,-166.985,-122.395,58.94
4250,2887803,1.205604,-0.811544,-0.5368,-154.035,-109.5325,54.5125
4251,2887901,1.2322,-0.879864,-0.512888,-138.74,-100.0125,56.035
4252,2887998,1.21878,-0.8940161,-0.477264,-123.165,-92.365,62.23
4253,2888096,1.210972,-0.913292,-0.430172,-103.8275,-84.63,72.695
4254,2888193,1.194624,-0.9921041,-0.333304,-83.545,-77.84,83.30001
4255,2888290,1.180716,-0.87108,-0.267668,-71.78501,-71.3825,87.6925
4256,2888388,1.182912,-0.708332,-0.19154,-57.12,-63.6125,87.71
4257,2888485,1.139724,-0.6539201,-0.072712,-35.0875,-55.125,85.27751
4258,2888583,1.153876,-0.580964,-0.016348,-17.78,-42.3675,78.5925
4259,2888680,1.243424,-0.466284,-0.05612,-4.41,-27.7025,70.2975
4260,2888777,1.247328,-0.05734,-0.155184,17.5,-16.6425,63.0525
4261,2888875,1.345172,-0.505568,0.073444,79.485,-2.45,67.8475
4262,2888972,0.9989361,-0.9635561,-0.24522,98.07,7.9975,67.1475
4263,2889069,0.133712,-0.33184,-0.92354,37.8875,8.96,38.045
4264,2889167,-0.891576,0.070516,-1.966152,10.2725,7.735,18.9525
4265,2889264,-0.594872,0.640744,-1.308328,-0.63,58.135,24.4825
4266,2889362,2.270176,1.352492,-1.522316,37.9925,116.6025,32.3925
4267,2889459,2.341668,0.193248,-1.592344,130.4275,75.5825,24.5
4268,2889556,0.407236,-1.621624,-0.74298,121.275,-11.025,24.7625
4269,2889654,0.20496,-0.431636,-0.9440361,40.46,-7.665,7.805
4270,2889751,0.43432,0.503372,-0.866932,3.045,14.77,0.805
4271,2889849,0.404552,0.260348,-0.8298441,27.405,11.1475,1.47
4272,2889946,0.46726,-0.214476,-0.8676641,48.965,10.7275,5.4075
4273,2890043,0.543632,-0.183244,-0.854,39.095,8.5925,5.1975
4274,2890141,0.5504641,0.026108,-0.92964,27.1775,4.7425,5.1625
4275,2890238,0.541436,-0.116632,-0.9506241,26.1975,2.0475,7.42
4276,2890335,0.519232,-0.194956,-0.869616,18.55,-1.4175,8.47
4277,2890433,0.541192,-0.07027201,-0.8723001,8.715,-2.555,7.5425
4278,2890530,0.5363121,0.028792,-0.883036,7.0525,-2.1175,7.07
4279,2890628,0.513376,-0.003416,-0.878888,10.535,-3.4475,8.225
4280,2890725,0.5063,-0.09540401,-0.8637601,13.3175,-5.075,9.065
4281,2890823,0.49166,-0.134444,-0.864004,12.46,-6.545,8.7675
4282,2890920,0.513132,-0.128832,-0.8769361,8.9775,-6.405,7.1575
4283,2891017,0.523624,-0.099796,-0.872788,7.49,-6.125,5.7575
4284,2891115,0.536068,-0.08881599,-0.882304,6.02,-5.635,4.725
4285,2891212,0.532164,-0.098576,-0.8579041,5.845,-5.565,3.6225
4286,2891309,0.480924,-0.05856,-0.869372,4.1475,-5.7925,2.555
4287,2891407,0.480192,-0.071248,-0.857172,4.445,-5.74,1.855
4288,2891504,0.487756,-0.05929201,-0.849608,3.78,-5.705,1.3475
4289,2891602,0.449204,-0.066856,-0.854488,3.7625,-6.615,0.8925
4290,2891699,0.460672,-0.038796,-0.8579041,3.5875,-6.7375,0.5425
4291,2891796,0.469944,-0.033672,-0.864736,3.465,-6.9475,0.6475
4292,2891894,0.482876,-0.034892,-0.8718121,3.675,-7.42,1.19
4293,2891991,0.487024,-0.049776,-0.8676641,3.7975,-7.8575,1.575
4294,2892088,0.501908,-0.05978,-0.8671761,3.8325,-7.8925,1.89
4295,2892186,0.495564,-0.058804,-0.8703481,3.1675,-7.6475,1.89
4296,2892283,0.484828,-0.06124401,-0.8671761,3.0275,-7.28,1.7675
4297,2892381,0.48922,-0.056852,-0.865468,3.08,-6.965,1.89
4298,2892478,0.468968,-0.054168,-0.859368,3.71,-7.0,1.925
4299,2892575,0.462136,-0.045628,-0.8676641,3.4475,-7.315,1.5225
4300,2892673,0.477264,-0.046116,-0.8652241,3.78,-7.525,1.435
4301,2892770,0.485072,-0.064172,-0.865956,3.6225,-7.9625,1.4875
4302,2892868,0.502884,-0.069052,-0.864736,3.43,-8.0675,1.19
4303,2892965,0.511668,-0.057828,-0.866932,2.7125,-7.3675,1.0325
4304,2893062,0.485804,-0.07076001,-0.8676641,3.29,-7.2625,0.8925
4305,2893160,0.488,-0.061732,-0.8676641,3.15,-6.825,0.6825
4306,2893257,0.492392,-0.055632,-0.868396,3.3425,-6.6325,0.6125
4307,2893354,0.48678,-0.053192,-0.872788,3.885,-6.7025,0.735
4308,2893452,0.496052,-0.071004,-0.873032,4.6025,-6.72,0.8925
4309,2893549,0.5016641,-0.08100801,-0.864492,4.4275,-6.265,1.0325
4310,2893647,0.47092,-0.0854,-0.8671761,3.6925,-5.8625,0.6475
4311,2893744,0.471896,-0.069052,-0.869616,3.22,-5.4775,0.14
4312,2893841,0.470676,-0.07198,-0.8652241,3.01,-5.425,-0.315
4313,2893939,0.455548,-0.06344,-0.865468,2.7475,-5.775,-0.805
4314,2894036,0.431392,-0.048068,-0.869616,2.5725,-6.405,-1.015
4315,2894134,0.451644,-0.07076001,-0.857172,2.52,-6.6325,-0.875
4316,2894231,0.479948,-0.060512,-0.870592,1.575,-7.315,-0.77
4317,2894328,0.478728,-0.065148,-0.8713241,1.6625,-7.98,-0.5075
4318,2894426,0.479704,-0.066124,-0.8671761,1.5925,-7.98,-0.07
4319,2894523,0.484828,-0.072712,-0.866932,1.3475,-7.6475,0.2975
4320,2894620,0.484096,-0.07490801,-0.8637601,0.805,-7.385,0.1575
4321,2894718,0.478484,-0.066124,-0.86864,0.315,-7.2625,-0.4025
4322,2894815,0.455548,-0.07808001,-0.870592,0.3325,-7.8225,-1.05
4323,2894913,0.453352,-0.077104,-0.8708361,0.2625,-7.9975,-1.7325
4324,2895010,0.48434,-0.075884,-0.8744961,-0.2625,-7.945,-2.275
4325,2895107,0.485804,-0.056852,-0.8744961,-0.1225,-7.91,-2.1175
4326,2895205,0.4743361,-0.05929201,-0.86864,0.0525,-8.12,-1.82
4327,2895302,0.457988,-0.074664,-0.8637601,0.105,-8.575,-1.8025
4328,2895399,0.461404,-0.07490801,-0.8725441,-0.3675,-8.645,-2.205
4329,2895497,0.465064,-0.06588,-0.8764481,-1.2075,-8.82,-2.7475
4330,2895594,0.478972,-0.06636801,-0.8713241,-1.3825,-8.6975,-3.22
4331,2895692,0.485804,-0.05929201,-0.86742,-1.3125,-8.9425,-3.64
4332,2895789,0.49776,-0.0488,-0.87962,-0.98,-8.925,-3.9025
4333,2895886,0.483852,-0.065148,-0.873764,-0.14,-9.415,-4.06
4334,2895984,0.490684,-0.044164,-0.87962,-0.1925,-8.6275,-3.92
4335,2896081,0.480924,-0.060024,-0.8744961,0.2625,-8.1025,-3.535
4336,2896179,0.47214,-0.063684,-0.8671761,0.3675,-7.875,-3.5525
4337,2896276,0.461404,-0.06539201,-0.871568,0.2275,-8.1025,-3.9725
4338,2896373,0.448472,-0.0854,-0.866444,0.105,-8.435,-4.9525
4339,2896471,0.460184,-0.072956,-0.878156,-0.735,-8.6975,-6.3175
4340,2896568,0.458232,-0.075396,-0.8791321,-0.4375,-8.9425,-7.1225
4341,2896665,0.471652,-0.05587601,-0.881328,0.105,-9.0475,-7.3675
4342,2896763,0.47824,-0.046116,-0.878156,0.315,-8.855,-6.965
4343,2896860,0.476288,-0.05929201,-0.8703481,0.63,-8.575,-6.09
4344,2896958,0.4697,-0.054656,-0.8698601,0.56,-8.8025,-5.7575
4345,2897055,0.461404,-0.052216,-0.871568,-0.0525,-9.0475,-5.985
4346,2897152,0.4514,-0.060268,-0.873276,-0.595,-8.96,-6.405
4347,2897250,0.44896,-0.061,-0.873032,-1.61,-8.75,-7.1225
4348,2897347,0.453352,-0.036844,-0.8957241,-3.5,-7.9625,-7.805
4349,2897444,0.451888,-0.033184,-0.891576,-3.8325,-6.79,-7.2625
4350,2897542,0.468724,-0.025132,-0.88328,-3.29,-6.0725,-6.1075
4351,2897639,0.464576,-0.035624,-0.881572,-3.0625,-5.775,-5.25
4352,2897737,0.464332,-0.044896,-0.883036,-3.535,-5.3375,-5.005
4353,2897834,0.466284,-0.051484,-0.885476,-4.445,-4.865,-5.04
4354,2897931,0.472872,-0.041724,-0.8862081,-5.005,-4.235,-5.0925
4355,2898029,0.472872,-0.042212,-0.8893801,-4.795,-3.71,-4.9525
4356,2898126,0.470188,-0.035136,-0.8906,-3.99,-3.5,-4.6025
4357,2898223,0.475068,-0.023668,-0.889136,-2.52,-3.115,-3.7625
4358,2898321,0.482876,-0.016348,-0.892796,-0.945,-2.73,-3.01
4359,2898418,0.475068,-0.025376,-0.892552,0.5075,-2.87,-2.0825
4360,2898516,0.472628,-0.025376,-0.8913321,1.33,-2.17,-1.3125
4361,2898613,0.467016,-0.0244,-0.890112,1.7675,-0.945,-0.8925
4362,2898710,0.459696,-0.016348,-0.887184,1.785,0.6125,-0.455
4363,2898808,0.445544,0.018544,-0.892552,1.155,2.38,0.175
4364,2898905,0.444324,-0.000488,-0.895236,0.1575,4.4275,1.33
4365,2899003,0.456524,-0.022204,-0.882304,-1.2775,7.595,2.415
4366,2899100,0.447984,-0.021472,-0.890112,-3.9025,10.465,2.905
4367,2899197,0.438468,-0.025864,-0.8967,-6.2125,14.0,3.5
4368,2899295,0.443592,0.014396,-0.9154881,-8.1025,18.3225,4.3925
4369,2899392,0.443836,0.041236,-0.930372,-9.8175,24.185,6.65
4370,2899489,0.42212,0.035136,-0.949648,-10.955,31.745,10.5
4371,2899587,0.434564,-0.082716,-0.882548,-14.8925,42.5075,16.31
4372,2899684,0.427976,0.168848,-1.087996,-34.9825,57.715,30.1175
4373,2899782,0.384056,-0.37454,-0.90036,-26.53,78.1025,39.655
4374,2899879,0.342576,-0.016348,-1.082384,-43.3475,107.59,36.33
4375,2899976,0.445544,-0.071492,-1.042612,-49.875,139.79,32.3575
4376,2900074,0.356728,-0.128832,-1.052616,-42.3675,169.2075,28.105
4377,2900171,0.383812,-0.113948,-1.037976,-44.87,201.8975,22.155
4378,2900269,0.391376,0.003172,-1.13338,-46.515,232.3825,19.74
4379,2900366,0.447252,-0.083204,-0.980636,-40.7225,254.5725,20.2825
4380,2900463,0.544608,0.016104,-1.070428,-46.27,269.7625,23.45
4381,2900561,0.6897881,0.10736,-1.094096,-54.6,274.1025,29.26
4382,2900658,0.912316,-0.059048,-0.8842561,-54.0575,265.2825,36.435
4383,2900755,1.1468,-0.292556,-0.9098761,-72.06501,241.7625,29.61
4384,2900853,1.164856,-0.48678,-1.114104,-138.4075,200.5325,10.8675
4385,2900950,0.8976761,-0.143716,-1.257332,-215.6,138.2325,5.355
4386,2901048,0.6470881,-0.231312,-1.36152,-257.495,70.1575,30.5725
4387,2901145,0.183732,0.160064,-1.458144,-245.5425,12.6175,75.1975
4388,2901242,0.166652,-0.053924,-1.123864,-199.045,-31.7975,129.3775
4389,2901340,0.398696,0.12444,-1.287344,-162.995,-52.9025,169.365
4390,2901437,0.102236,0.237656,-1.037244,-142.87,-86.9925,184.065
4391,2901535,0.046848,0.338184,-0.875472,-136.605,-110.3375,179.27
4392,2901632,0.081984,0.45994,-0.827404,-135.345,-120.785,164.6575
4393,2901729,0.143228,0.468236,-0.8193521,-127.0675,-129.6575,149.3275
4394,2901827,0.192028,0.360144,-0.7861681,-114.45,-138.7575,136.3075
4395,2901924,0.225456,0.157868,-0.726388,-106.61,-145.9675,126.8925
4396,2902022,0.249612,0.023424,-0.690032,-109.34,-150.3425,121.38
4397,2902119,0.338672,-0.119804,-0.6878361,-117.8625,-150.8325,120.7675
4398,2902216,0.42944,-0.27938,-0.685884,-129.185,-151.0075,123.83
4399,2902314,0.488244,-0.322568,-0.695156,-144.235,-151.4975,128.135
4400,2902411,0.541192,-0.335988,-0.684176,-153.755,-150.5875,134.995
4401,2902509,0.586088,-0.372588,-0.650748,-155.68,-147.7525,142.5025
4402,2902606,0.614148,-0.391864,-0.616588,-155.9425,-142.94,147.28
4403,2902703,0.674416,-0.354288,-0.617564,-157.6925,-135.975,148.4
4404,2902801,0.773724,-0.34526,-0.65026,-158.2525,-128.555,147.5075
4405,2902898,0.882548,-0.35136,-0.686616,-159.04,-123.9,145.3725
4406,2902996,0.935252,-0.381616,-0.660752,-160.685,-122.6925,142.555
4407,2903093,0.9394,-0.40992,-0.595848,-163.9225,-122.22,138.635
4408,2903190,0.9345201,-0.396988,-0.542412,-166.53,-118.755,132.3
4409,2903288,0.9679481,-0.384544,-0.540948,-161.035,-112.105,124.3025
4410,2903385,1.015528,-0.403332,-0.5587601,-146.7025,-104.72,116.9
4411,2903483,1.018944,-0.44408,-0.523624,-127.3825,-98.7875,111.23
4412,2903580,0.99796,-0.457012,-0.460672,-109.7075,-91.28,108.045
4413,2903677,1.003328,-0.444568,-0.4087,-95.5675,-79.975,107.3275
4414,2903775,1.042612,-0.41968,-0.372344,-85.1725,-66.5175,107.7125
4415,2903872,1.057252,-0.386008,-0.334036,-78.365,-53.9175,107.5375
4416,2903970,1.097268,-0.362584,-0.316712,-73.6225,-41.9825,106.5575
4417,2904067,1.12606,-0.36478,-0.280112,-68.0225,-31.3425,106.1725
4418,2904164,1.159488,0.162504,-0.55022,-57.0675,-22.6975,106.4525
4419,2904262,1.157048,-0.093696,-0.366244,16.485,-12.4775,119.49
4420,2904359,0.949648,-0.7183361,-0.299144,80.0625,-2.6425,130.6375
4421,2904457,0.297436,-0.749324,-0.544852,67.41001,0.4375,113.7325
4422,2904554,-0.17568,-0.148596,-1.90564,28.1925,16.6425,78.505
4423,2904651,-0.110044,-0.042456,-2.397056,69.72,26.67,60.5675
4424,2904749,1.183644,0.436028,-1.368352,58.3625,34.86,32.5675
4425,2904846,1.655052,0.0244,-0.8845,26.005,26.7225,5.7575
4426,2904943,0.64904,-0.571692,-0.949404,40.6,-3.7275,5.425
4427,2905041,0.048556,-0.223748,-0.791536,5.95,-12.7575,-2.625
4428,2905138,0.079544,0.366732,-0.698816,4.34,-1.715,3.01
4429,2905236,0.433344,0.328912,-0.784216,31.0275,19.53,13.5625
4430,2905333,0.6273241,0.217648,-0.8725441,48.8425,21.49,12.8975
4431,2905430,0.486292,-0.13908,-0.779092,59.08,12.7575,14.07
4432,2905528,0.6224441,-0.158112,-0.974048,52.255,13.09,14.9275
4433,2905625,0.582428,-0.144692,-0.908168,35.945,7.77,12.5475
4434,2905723,0.454328,-0.04392,-0.8388721,24.745,0.805,10.9025
4435,2905820,0.451888,-0.009516001,-0.8888921,18.7075,2.555,10.0275
4436,2905917,0.426512,-0.000488,-0.8718121,18.48,1.6975,10.815
4437,2906015,0.46604,-0.003904,-0.865468,18.515,2.2225,11.025
4438,2906112,0.586088,-0.107848,-0.876204,21.0175,0.8225,10.8325
4439,2906210,0.6222,-0.21106,-0.849852,20.58,-3.29,9.7475
4440,2906307,0.579012,-0.217892,-0.8488761,15.295,-7.4375,7.14
4441,2906405,0.512644,-0.140056,-0.8488761,9.3625,-9.1175,3.885
4442,2906502,0.51118,-0.144936,-0.840824,6.545,-9.5025,0.2975
4443,2906599,0.493124,-0.092232,-0.851072,5.005,-9.38,-2.9225
4444,2906697,0.510692,-0.133712,-0.8759601,4.9,-8.4525,-5.005
4445,2906794,0.5463161,-0.206912,-0.864736,3.92,-8.19,-7.28
4446,2906892,0.518744,-0.195932,-0.85644,-2.03,-9.52,-10.3075
4447,2906989,0.5368,-0.153476,-0.858636,-7.91,-10.4825,-13.02
4448,2907086,0.497516,-0.0793,-0.845948,-8.19,-10.9375,-12.6875
4449,2907184,0.4594521,-0.011712,-0.847412,-3.01,-8.295,-8.82
4450,2907281,0.50752,0.006588,-0.858636,3.3075,-4.8125,-4.235
4451,2907379,0.502884,0.01586,-0.853756,9.73,-3.955,0.35
4452,2907476,0.534116,-0.044164,-0.8615641,13.3525,-3.99,3.9725
4453,2907573,0.51362,-0.021716,-0.860588,11.9,-4.375,5.32
4454,2907671,0.49288,-0.067344,-0.85888,11.235,-5.0225,6.37
4455,2907768,0.508252,-0.063196,-0.858392,9.2925,-5.4425,6.8075
4456,2907866,0.515328,-0.073932,-0.846436,7.8575,-5.81,6.755
4457,2907963,0.463112,-0.087108,-0.8591241,7.0875,-7.14,6.1775
4458,2908060,0.484584,-0.103212,-0.86132,5.9675,-7.525,5.32
4459,2908158,0.513132,-0.10736,-0.861808,4.725,-7.665,4.7425
4460,2908255,0.500688,-0.112972,-0.8620521,3.6925,-8.7675,4.2
4461,2908353,0.497272,-0.110044,-0.854488,2.94,-9.31,3.6225
4462,2908450,0.504592,-0.0976,-0.861808,1.5575,-9.2925,2.9925
4463,2908547,0.496296,-0.09906401,-0.853024,1.645,-8.96,2.73
4464,2908645,0.485316,-0.091988,-0.857172,1.33,-8.6625,2.1
4465,2908742,0.469212,-0.06563601,-0.8591241,1.12,-8.2425,1.75
4466,2908840,0.45018,-0.060024,-0.8662001,0.8925,-8.1375,1.8725
4467,2908937,0.491416,-0.07027201,-0.8574161,1.6275,-8.0325,2.45
4468,2909034,0.517768,-0.073444,-0.854732,1.8025,-7.9975,2.8525
4469,2909132,0.5172801,-0.085888,-0.854732,2.1875,-8.295,3.325
4470,2909229,0.509472,-0.09028,-0.859856,2.415,-7.8225,3.5
4471,2909327,0.513376,-0.099308,-0.857172,2.345,-7.455,3.3425
4472,2909424,0.517524,-0.100528,-0.85644,2.52,-7.0175,3.255
4473,2909521,0.494588,-0.102968,-0.858636,2.555,-6.6325,2.5725
4474,2909619,0.47946,-0.10126,-0.86498,2.45,-6.3,1.54
4475,2909716,0.47702,-0.102724,-0.865956,2.485,-6.2475,0.8225
4476,2909814,0.500444,-0.102968,-0.8579041,2.3275,-5.8625,0.28
4477,2909911,0.5124001,-0.111508,-0.855708,2.24,-5.635,0.1925
4478,2910008,0.515816,-0.106872,-0.85644,2.0475,-5.18,-0.2625
4479,2910106,0.507032,-0.107604,-0.85644,1.995,-4.655,-0.7
4480,2910203,0.497028,-0.09906401,-0.86132,1.5575,-4.2525,-1.1725
4481,2910301,0.488976,-0.090036,-0.865468,1.5925,-4.2875,-1.5925
4482,2910398,0.488732,-0.086864,-0.856684,2.135,-4.1825,-1.75
4483,2910495,0.495808,-0.08296,-0.8574161,2.24,-4.305,-1.575
4484,2910593,0.493124,-0.091744,-0.854,2.52,-4.6025,-1.5575
4485,2910690,0.489708,-0.087108,-0.858148,2.415,-4.8125,-1.7325
4486,2910788,0.491172,-0.09589201,-0.860344,2.625,-4.935,-1.6975
4487,2910885,0.494832,-0.09345201,-0.856684,2.6075,-5.04,-1.8375
4488,2910982,0.485804,-0.10126,-0.853024,2.625,-5.355,-2.0475
4489,2911080,0.47946,-0.105652,-0.853512,2.52,-5.6875,-2.5725
4490,2911177,0.48068,-0.113704,-0.851804,2.7125,-6.1775,-3.57
4491,2911274,0.474824,-0.115656,-0.853512,2.7475,-6.93,-4.935
4492,2911372,0.483608,-0.105652,-0.85522,2.2925,-7.735,-6.4575
4493,2911469,0.487756,-0.094672,-0.8620521,1.435,-8.015,-7.1575
4494,2911567,0.49044,-0.08418,-0.860344,0.7875,-7.6125,-7.07
4495,2911664,0.487512,-0.089792,-0.854732,0.63,-7.5425,-6.79
4496,2911761,0.48922,-0.092232,-0.859856,0.3675,-7.7,-6.825
4497,2911859,0.494832,-0.08637601,-0.856684,0.0525,-8.1025,-7.0
4498,2911956,0.483852,-0.101748,-0.8479,-0.49,-8.8025,-7.2625
4499,2912054,0.473848,-0.122732,-0.845704,-1.3125,-9.73,-8.19
4500,2912151,0.478484,-0.129076,-0.8522921,-3.57,-11.0425,-10.5
4501,2912248,0.490196,-0.09028,-0.866932,-5.9675,-11.6725,-12.145
4502,2912346,0.487024,-0.07856801,-0.860344,-6.1425,-11.235,-11.8125
4503,2912443,0.481168,-0.08637601,-0.860832,-6.4575,-10.7625,-11.0775
4504,2912541,0.487268,-0.054656,-0.8759601,-8.4175,-9.52,-11.025
4505,2912638,0.467504,-0.060024,-0.87962,-9.5375,-8.05,-10.535
4506,2912735,0.467748,-0.047336,-0.8744961,-9.6775,-7.1575,-9.94
4507,2912833,0.483364,-0.042212,-0.8708361,-9.8875,-6.3525,-9.1
4508,2912930,0.489952,-0.057096,-0.871568,-9.2925,-5.74,-8.0325
4509,2913027,0.48678,-0.065148,-0.87108,-8.5225,-5.6175,-7.1925
4510,2913125,0.497516,-0.061976,-0.872056,-8.3825,-4.8125,-7.035
4511,2913222,0.495808,-0.06539201,-0.869128,-8.3125,-4.235,-6.9825
4512,2913320,0.491904,-0.057828,-0.8764481,-8.3825,-3.4475,-6.9125
4513,2913417,0.497272,-0.058804,-0.875472,-7.945,-2.9925,-6.685
4514,2913514,0.49898,-0.055632,-0.869372,-7.6475,-2.3625,-6.37
4515,2913612,0.494832,-0.049288,-0.865468,-7.5075,-2.03,-6.335
4516,2913709,0.476044,-0.024644,-0.8723001,-7.665,-1.785,-6.0375
4517,2913807,0.468724,-0.031964,-0.871568,-7.2625,-0.98,-5.5825
4518,2913904,0.465308,-0.02562,-0.881572,-7.2625,0.49,-4.97
4519,2914001,0.47702,-0.023912,-0.885476,-7.28,2.73,-4.3575
4520,2914099,0.471896,-0.017568,-0.8935281,-7.385,5.5475,-3.675
4521,2914196,0.460672,-0.007564001,-0.911584,-7.8225,9.6425,-2.835
4522,2914294,0.43798,-0.001952,-0.941596,-8.5225,15.5575,-1.5925
4523,2914391,0.426756,0.0183,-0.967704,-9.3625,24.535,0.5775
4524,2914488,0.422364,0.017812,-0.974048,-10.36,37.205,4.13
4525,2914586,0.35746,0.12932,-1.05042,-16.905,53.27,12.3725
4526,2914683,0.238144,-0.177876,-1.027484,-24.045,75.6525,27.58
4527,2914780,0.451156,-0.034648,-1.146068,-39.0075,109.48,35.0525
4528,2914878,0.316956,-0.371124,-0.9777081,-24.955,141.4175,30.6425
4529,2914975,0.358924,-0.115168,-1.027972,-50.505,174.72,23.625
4530,2915073,0.428708,-0.168604,-0.965264,-51.205,206.01,18.2875
4531,2915170,0.40748,-0.06222,-0.9586761,-53.165,227.01,15.5575
4532,2915267,0.482144,-0.16104,-0.898408,-53.4625,240.17,11.0775
4533,2915365,0.512888,-0.207156,-0.90402,-54.5825,241.535,11.7425
4534,2915462,0.606828,-0.175924,-0.922564,-67.305,236.53,10.8325
4535,2915559,0.762012,-0.271572,-0.827404,-78.575,225.61,14.945
4536,2915657,0.837408,-0.66734,-1.00162,-108.7975,205.8525,17.22
4537,2915754,0.872056,-0.8801081,-1.161928,-207.935,163.1875,13.58
4538,2915852,0.884988,-0.038308,-1.326872,-330.295,104.055,16.6075
4539,2915949,0.579988,-0.17446,-1.156072,-352.9925,34.5975,59.115
4540,2916046,0.57584,0.9208561,-2.290184,-338.03,-23.17,90.52751
4541,2916144,-0.279868,-0.23302,-0.996008,-192.605,-92.575,156.9575
4542,2916241,0.330376,0.278892,-1.180228,-164.85,-119.56,186.8475
4543,2916338,0.230824,0.180072,-1.017724,-142.24,-132.0725,204.785
4544,2916436,0.36234,0.411872,-0.9345201,-142.485,-156.31,201.74
4545,2916533,0.443348,0.605608,-0.8676641,-133.42,-171.0275,189.6125
4546,2916631,0.454572,0.416996,-0.697352,-103.53,-182.6825,183.1025
4547,2916728,0.47458,0.232776,-0.549488,-86.6075,-185.4125,175.84
4548,2916825,0.467748,0.137372,-0.4213881,-86.415,-179.9525,166.1625
4549,2916923,0.447984,0.07612801,-0.313296,-89.88,-167.8425,158.2875
4550,2917020,0.430904,-0.020008,-0.196908,-92.4525,-150.6575,154.28
4551,2917118,0.444568,-0.072468,-0.222284,-95.2525,-127.785,153.9825
4552,2917215,0.6456241,-0.23546,-0.358436,-96.53,-104.825,154.735
4553,2917312,0.9293961,-0.378932,-0.489708,-101.185,-94.23751,153.72
4554,2917410,1.096048,-0.375516,-0.458476,-107.765,-97.12501,151.7775
4555,2917507,1.039684,-0.298412,-0.257176,-104.265,-102.9175,153.825
4556,2917604,0.921832,-0.257176,0.010248,-89.46,-97.07251,158.795
4557,2917702,0.895236,-0.279624,0.101992,-77.47251,-74.62,158.935
4558,2917799,0.941108,-0.102724,0.02196,-80.7975,-48.4925,145.25
4559,2917897,1.014796,0.104432,-0.142984,-85.4,-27.3175,120.2775
4560,2917994,1.102392,0.211792,-0.339892,-80.745,-17.0275,88.55
4561,2918091,1.214144,0.199836,-0.481168,-71.2425,-18.935,53.76
4562,2918189,1.21634,0.145424,-0.435784,-61.1275,-29.4525,21.8225
4563,2918286,1.479128,1.525244,-0.56364,-54.81,-38.675,-1.75
4564,2918384,2.229184,-1.037244,-1.449848,85.27751,-56.7525,58.7125
4565,2918481,1.134844,-5.404356,-0.06563601,302.2425,-127.89,178.2725
4566,2918578,-0.152744,-0.983076,0.044164,-47.3725,-136.4825,102.27
4567,2918676,0.531676,0.777384,-2.554436,-129.115,-70.3675,13.8075
4568,2918773,-0.244488,-0.9150001,-0.984296,43.19,-82.565,-6.37
4569,2918871,0.513132,0.05929201,-1.103368,-3.43,-30.065,-13.475
4570,2918968,0.7232161,0.414068,-1.047492,-20.2825,14.7,-15.4875
4571,2919065,0.337696,-0.260348,-0.8579041,11.3575,4.795,-3.955
4572,2919163,0.505324,-0.054412,-0.8930401,-0.2625,13.23,-3.605
4573,2919260,0.666852,-0.099308,-0.818376,-5.9675,14.28,-5.5475
4574,2919358,0.59658,-0.278892,-0.711504,-3.15,5.075,-9.4675
4575,2919455,0.487024,-0.224968,-0.782508,-9.17,-5.0575,-16.485
4576,2919552,0.52826,-0.020496,-0.8327721,-14.6825,-10.57,-21.595
4577,2919650,0.606096,0.129076,-0.866444,-14.9975,-13.0025,-20.23
4578,2919747,0.536068,0.08857201,-0.86498,-8.9775,-15.295,-14.0175
4579,2919844,0.4636,0.016836,-0.8466801,-2.555,-15.1025,-7.7875
4580,2919942,0.46116,0.003172,-0.824232,3.7275,-12.0575,-2.205
4581,2920039,0.415288,0.004392,-0.866688,9.8525,-10.115,3.08
4582,2920137,0.416752,-0.07027201,-0.875472,15.61,-9.2575,6.65
4583,2920234,0.447252,-0.029036,-0.898164,16.66,-8.19,8.365
4584,2920332,0.43188,-0.106384,-0.883036,17.8675,-8.0675,9.7825
4585,2920429,0.433832,-0.055632,-0.898896,15.995,-7.6475,10.9725
4586,2920526,0.48068,-0.07612801,-0.87718,13.3875,-6.93,11.97
4587,2920624,0.486536,-0.08418,-0.86132,12.4075,-7.5425,11.55
4588,2920721,0.484584,-0.047336,-0.861808,10.255,-6.825,9.8525
4589,2920818,0.48556,-0.09394001,-0.880352,9.5025,-5.775,8.12
4590,2920916,0.529236,-0.127612,-0.8554641,9.52,-4.7425,6.5275
4591,2921013,0.55388,-0.086864,-0.8569281,6.615,-3.3075,4.795
4592,2921111,0.50264,-0.083936,-0.8532681,5.5825,-3.64,3.71
4593,2921208,0.493124,-0.083204,-0.8513161,4.515,-4.1475,2.905
4594,2921305,0.508008,-0.068076,-0.839604,3.64,-6.16,2.205
4595,2921403,0.499712,-0.09516001,-0.839604,2.695,-8.8025,1.75
4596,2921500,0.499956,-0.10492,-0.840824,1.6625,-11.3575,0.63
4597,2921598,0.493612,-0.10004,-0.84424,0.0525,-12.9675,-0.945
4598,2921695,0.486048,-0.122244,-0.8471681,-0.8400001,-14.665,-2.6075
4599,2921793,0.470432,-0.124928,-0.8615641,-1.575,-15.5225,-4.585
4600,2921890,0.4636,-0.127612,-0.878156,-1.68,-15.3125,-6.3
4601,2921987,0.462868,-0.129564,-0.865956,-1.575,-14.805,-7.91
4602,2922085,0.45628,-0.1098,-0.8725441,-3.22,-13.9475,-10.045
4603,2922182,0.477996,-0.090768,-0.8769361,-5.3725,-13.265,-11.8475
4604,2922280,0.486536,-0.105896,-0.895236,-7.77,-13.0375,-13.23
4605,2922377,0.487268,-0.114924,-0.904752,-12.5125,-12.67,-14.805
4606,2922474,0.484584,-0.100284,-0.89792,-18.375,-12.1275,-16.31
4607,2922572,0.467748,-0.08564401,-0.911584,-21.945,-12.95,-17.2025
4608,2922669,0.47214,-0.067344,-0.9098761,-23.2225,-13.09,-17.115
4609,2922767,0.45384,-0.079544,-0.894504,-23.1175,-13.0375,-16.7825
4610,2922864,0.464332,-0.025864,-0.89426,-23.6775,-13.0375,-16.5725
4611,2922961,0.470676,0.006344,-0.869372,-22.015,-12.8625,-15.61
4612,2923059,0.469456,0.011468,-0.8744961,-18.6725,-12.5125,-13.7725
4613,2923156,0.471408,-0.010492,-0.87108,-15.015,-12.215,-12.0575
4614,2923253,0.468236,0.009028001,-0.8708361,-12.88,-11.9,-10.745
4615,2923351,0.455548,-0.017812,-0.8786441,-10.5525,-11.34,-9.765
4616,2923448,0.46604,-0.004148001,-0.8842561,-9.3275,-10.6575,-9.2575
4617,2923546,0.44896,-0.023424,-0.8874281,-8.1025,-10.0625,-8.75
4618,2923643,0.453596,-0.011712,-0.884012,-7.8225,-9.1175,-8.435
4619,2923740,0.45506,-0.0122,-0.881328,-7.0525,-8.0675,-8.19
4620,2923838,0.46238,-0.015616,-0.881816,-6.7725,-7.35,-8.0325
4621,2923935,0.451888,-0.031964,-0.885476,-6.3525,-7.14,-7.8925
4622,2924033,0.456524,-0.022936,-0.884988,-6.8425,-6.5975,-8.015
4623,2924130,0.44652,-0.040748,-0.8847441,-7.0525,-6.2825,-8.3825
4624,2924227,0.44896,-0.026352,-0.879864,-7.9625,-5.7225,-8.855
4625,2924325,0.452376,-0.006832001,-0.879864,-8.3475,-5.075,-9.17
4626,2924422,0.459696,0.020252,-0.873276,-8.12,-4.4975,-8.855
4627,2924520,0.474824,0.050264,-0.859368,-6.4575,-4.165,-7.7525
4628,2924617,0.480436,0.061732,-0.859856,-3.64,-4.3575,-5.88
4629,2924714,0.472384,0.044164,-0.863272,-0.28,-5.1975,-3.6925
4630,2924812,0.456036,0.012444,-0.877424,1.7325,-5.53,-2.065
4631,2924909,0.449448,0.009516001,-0.875228,2.8175,-5.5475,-1.225
4632,2925007,0.455548,0.016348,-0.869128,3.5175,-5.215,-0.6825
4633,2925104,0.458232,0.014152,-0.8723001,4.6375,-4.97,0.035
4634,2925201,0.45994,-0.001952,-0.8991401,5.81,-5.0925,0.63
4635,2925299,0.466284,0.029036,-0.881572,5.285,-5.005,0.8225
4636,2925396,0.46482,0.043432,-0.854732,6.3175,-4.55,1.75
4637,2925494,0.463356,0.05124001,-0.831552,11.2875,-3.9025,3.9025
4638,2925591,0.478972,0.098576,-0.8188641,17.99,-2.24,7.455
4639,2925688,0.468724,0.029768,-0.850584,25.7075,-0.385,11.34
4640,2925786,0.4575,-0.015616,-0.8642481,29.2425,0.4375,13.23
4641,2925883,0.46482,-0.036112,-0.8903561,29.5225,0.665,14.07
4642,2925981,0.424316,-0.13542,-0.8903561,29.575,-1.1375,13.8775
4643,2926078,0.465308,-0.12566,-0.979416,25.06,-2.3625,11.5325
4644,2926175,0.454816,-0.134444,-0.8991401,19.5825,-3.9375,8.2425
4645,2926273,0.454084,-0.09638,-0.891576,13.545,-4.165,5.04
4646,2926370,0.447008,-0.09442801,-0.898164,10.255,-3.9375,2.8
4647,2926468,0.453108,-0.090036,-0.9006041,8.295,-3.85,0.7525
4648,2926565,0.451888,-0.075396,-0.890112,5.74,-3.85,-1.19
4649,2926662,0.445056,-0.056852,-0.8786441,3.4825,-3.8675,-2.8525
4650,2926760,0.450668,-0.032696,-0.877912,1.6625,-3.92,-3.7625
4651,2926857,0.466284,-0.03416,-0.8676641,1.96,-4.2175,-3.535
4652,2926955,0.4743361,-0.013664,-0.863028,3.22,-4.8825,-2.765
4653,2927052,0.463844,-0.02074,-0.854244,6.1775,-5.1625,-0.9625
4654,2927149,0.4697,-0.022448,-0.860832,9.1525,-4.3925,1.085
4655,2927247,0.461404,-0.048312,-0.8740081,10.605,-3.92,2.415
4656,2927344,0.449448,-0.061,-0.876204,10.4825,-4.0775,2.555
4657,2927442,0.439932,-0.08564401,-0.8866961,9.5725,-4.585,1.855
4658,2927539,0.447496,-0.064416,-0.889136,7.8925,-5.1275,0.455
4659,2927636,0.457744,-0.060512,-0.8808401,6.44,-5.5475,-0.665
4660,2927734,0.465796,-0.070028,-0.892308,5.0575,-5.8975,-1.61
4661,2927831,0.471652,-0.063196,-0.889624,3.7625,-6.125,-2.4325
4662,2927929,0.467016,-0.05368,-0.885964,3.78,-6.02,-2.2575
4663,2928026,0.467748,-0.045384,-0.87962,4.4625,-5.425,-1.4175
4664,2928123,0.46604,-0.043676,-0.883524,4.6375,-5.075,-0.8225
4665,2928221,0.465552,-0.040504,-0.8718121,4.83,-5.25,-0.1225
4666,2928318,0.4636,-0.036844,-0.872056,4.76,-5.4775,0.455
4667,2928416,0.467504,-0.050996,-0.877668,4.83,-5.46,0.77
4668,2928513,0.465552,-0.051972,-0.885476,4.7775,-5.32,1.0325
4669,2928610,0.465308,-0.063684,-0.882304,5.2325,-5.11,1.6275
4670,2928708,0.461404,-0.067588,-0.8723001,5.5475,-5.18,1.82
4671,2928805,0.447252,-0.094672,-0.870104,5.635,-5.6175,1.2425
4672,2928903,0.4404201,-0.071248,-0.88816,4.515,-5.6875,-0.0175
4673,2929000,0.44408,-0.084912,-0.878888,3.57,-5.5475,-1.33
4674,2929097,0.45872,-0.069784,-0.8857201,2.17,-5.1975,-2.2925
4675,2929195,0.469212,-0.061732,-0.87962,2.0825,-5.1975,-2.7125
4676,2929292,0.468724,-0.060024,-0.8786441,2.0825,-5.4425,-2.73
4677,2929390,0.466528,-0.06270801,-0.8769361,1.925,-5.6,-2.6775
4678,2929487,0.462624,-0.062952,-0.8698601,1.5925,-5.775,-2.7825
4679,2929584,0.442128,-0.06075601,-0.877668,0.5075,-6.09,-3.4825
4680,2929682,0.44774,-0.06588,-0.8764481,-1.33,-6.1425,-4.48
4681,2929779,0.462136,-0.06270801,-0.8820601,-3.4125,-6.195,-5.705
4682,2929877,0.4594521,-0.06954,-0.885476,-4.7775,-6.16,-6.3875
4683,2929974,0.462624,-0.061976,-0.889624,-5.215,-5.8275,-6.4925
4684,2930071,0.466284,-0.05587601,-0.879864,-5.215,-5.285,-6.335
4685,2930169,0.46482,-0.058804,-0.8810841,-4.9,-4.9525,-6.0375
4686,2930266,0.45628,-0.056852,-0.877424,-4.34,-4.7425,-5.9325
4687,2930364,0.444568,-0.053436,-0.881572,-3.9725,-4.62,-5.95
4688,2930461,0.440664,-0.041236,-0.882304,-3.4825,-4.6025,-5.9325
4689,2930558,0.445788,-0.03782,-0.881328,-2.59,-4.6725,-5.565
4690,2930656,0.465308,-0.025376,-0.8786441,-1.785,-4.48,-5.0925
4691,2930753,0.472872,-0.03416,-0.877424,-0.7175,-4.655,-4.235
4692,2930851,0.465552,-0.038064,-0.881816,-0.105,-4.9175,-3.465
4693,2930948,0.466528,-0.03538,-0.879864,0.1925,-4.9525,-2.9575
4694,2931045,0.45628,-0.044408,-0.8808401,0.63,-5.11,-2.52
4695,2931143,0.456524,-0.046848,-0.8862081,0.875,-4.9875,-2.485
4696,2931240,0.465064,-0.043432,-0.881572,0.98,-4.62,-2.3625
4697,2931338,0.463112,-0.047092,-0.8801081,1.12,-4.4975,-2.1
4698,2931435,0.4575,-0.055388,-0.88328,1.4175,-4.76,-1.925
4699,2931532,0.463356,-0.051972,-0.8740081,1.5225,-4.7425,-2.0475
4700,2931630,0.4575,-0.05856,-0.87352,1.4,-4.8125,-2.2225
4701,2931727,0.451888,-0.052948,-0.87962,0.945,-4.7425,-2.5375
4702,2931825,0.44774,-0.054168,-0.87474,0.7525,-4.69,-2.8
4703,2931922,0.443348,-0.04636,-0.8857201,0.525,-4.5675,-3.15
4704,2932019,0.44774,-0.03904,-0.8847441,0.7875,-4.2,-3.15
4705,2932117,0.447984,-0.027084,-0.881572,1.1725,-3.99,-2.7825
4706,2932214,0.457988,-0.031232,-0.8801081,1.96,-3.92,-2.17
4707,2932312,0.469212,-0.027572,-0.8791321,2.7125,-3.92,-1.3825
4708,2932409,0.4697,-0.036112,-0.871568,3.4825,-4.34,-0.595
4709,2932506,0.464088,-0.048556,-0.8764481,3.9725,-4.585,0.0175
4710,2932604,0.465796,-0.049776,-0.889624,3.71,-4.13,-0.07
4711,2932701,0.45872,-0.035624,-0.8996281,3.115,-3.15,-0.245
4712,2932799,0.4594521,-0.018788,-0.8996281,2.7825,-1.5925,-0.3325
4713,2932896,0.455792,-0.021716,-0.89426,2.975,0.0875,0.42
4714,2932993,0.456768,-0.038064,-0.894504,3.535,2.0475,1.5225
4715,2933091,0.454084,-0.042944,-0.9018241,3.745,5.0575,2.38
4716,2933188,0.454572,-0.0488,-0.902556,3.6575,8.8025,3.08
4717,2933286,0.449204,-0.047824,-0.905484,3.57,13.23,3.6225
4718,2933383,0.488732,-0.04148,-0.876204,3.605,18.5325,4.0775
4719,2933480,0.415288,-0.021716,-0.94062,3.2025,24.22,4.7775
4720,2933578,0.42822,-0.037332,-0.9423281,4.9,32.6025,6.2825
4721,2933675,0.353556,-0.179096,-0.937448,7.6825,43.4875,6.4925
4722,2933772,0.430416,-0.07808001,-0.9860041,4.795,59.4475,2.9225
4723,2933870,0.411384,-0.136884,-0.94916,6.055,75.495,-0.665
4724,2933967,0.404308,-0.124684,-0.983564,5.74,93.08249,-4.6025
4725,2934065,0.389668,-0.07076001,-1.03822,5.9325,112.3325,-9.1525
4726,2934162,0.413336,-0.09150001,-1.014552,12.4075,132.615,-13.51
4727,2934259,0.415532,-0.053924,-1.044076,18.095,155.505,-16.9575
4728,2934357,0.41724,-0.021716,-1.0736,22.82,180.495,-18.97
4729,2934454,0.405772,0.06466001,-1.127524,29.995,206.5875,-17.7625
4730,2934552,0.420656,0.0793,-1.123376,40.46,233.065,-12.425
4731,2934649,0.426024,0.106628,-1.109468,52.535,258.825,-4.235
4732,2934746,0.488488,0.131028,-1.120448,64.085,286.125,5.9325
4733,2934844,0.565104,0.1586,-1.109468,75.845,313.7925,17.0275
4734,2934941,0.685396,0.128588,-1.152168,86.7825,341.075,28.4725
4735,2935039,0.8940161,0.040992,-1.162172,98.0525,363.79,38.1325
4736,2935136,1.129964,-0.113948,-0.98088,105.385,378.84,41.2125
4737,2935233,1.388116,-0.22448,-0.911828,110.5825,383.39,41.86
4738,2935331,1.870748,-0.439444,-1.146556,115.92,366.205,41.265
4739,2935428,1.943216,-0.225212,-1.220732,106.645,319.2875,33.8975
4740,2935526,1.82512,-0.107604,-1.352736,91.07,259.7,31.01
4741,2935623,1.28466,-0.124684,-1.019676,96.25,195.3525,31.6575
4742,2935720,0.6802721,0.08906,-0.6878361,64.3125,141.365,18.655
4743,2935818,0.083448,0.140544,-1.006256,52.6575,88.2875,14.6475
4744,2935915,1.823168,-1.130452,-1.492792,30.8175,24.78,35.8225
4745,2936013,0.08784,0.187636,-1.497916,-67.8475,-46.2,29.925
4746,2936110,-0.114924,0.67588,-0.9943001,-118.65,-113.3125,15.05
4747,2936207,-0.275964,0.8276481,-0.743468,-78.34751,-119.84,17.5875
4748,2936305,-0.218624,0.56608,-0.680028,-24.2025,-114.5025,17.6575
4749,2936402,-0.06539201,0.271328,-0.697108,0.4375,-112.4375,16.24
4750,2936500,0.006832001,0.160064,-0.72712,-9.5375,-122.5175,9.275
4751,2936597,0.039528,0.187392,-0.734196,-31.885,-138.0225,1.9075
4752,2936694,0.05172801,0.244244,-0.71248,-49.175,-153.0375,-2.7475
4753,2936792,0.08442401,0.243268,-0.675148,-56.6125,-164.3425,-4.725
4754,2936889,0.130296,0.194712,-0.654896,-59.7625,-171.745,-6.6325
4755,2936987,0.204228,0.112972,-0.670512,-62.93,-176.33,-9.24
4756,2937084,0.327204,0.014396,-0.726388,-69.2475,-180.0575,-12.495
4757,2937181,0.463112,-0.053924,-0.7895841,-78.9075,-186.8125,-15.8375
4758,2937279,0.558516,-0.12566,-0.820572,-88.795,-197.4525,-17.92
4759,2937376,0.60268,-0.194956,-0.8174001,-98.735,-209.7025,-19.53
4760,2937474,0.6034121,-0.255712,-0.769332,-109.6725,-219.905,-21.945
4761,2937571,0.580476,-0.314272,-0.697352,-120.925,-225.1375,-25.655
4762,2937668,0.583648,-0.355508,-0.654408,-131.3725,-221.9175,-29.995
4763,2937766,0.6605081,-0.352336,-0.684908,-139.8775,-210.91,-33.9325
4764,2937863,0.837164,-0.299632,-0.797392,-140.5425,-197.085,-35.035
4765,2937961,1.05774,-0.319396,-0.945744,-127.2075,-185.5175,-31.6225
4766,2938058,1.250256,-0.438468,-1.03944,-108.185,-181.755,-25.795
4767,2938155,1.41642,-0.513132,-1.05408,-96.8975,-183.645,-22.75
4768,2938253,1.542812,-0.532896,-0.998692,-93.2225,-187.775,-22.6275
4769,2938350,1.586488,-0.542168,-0.881816,-93.17,-190.3125,-23.695
4770,2938448,1.596004,-0.483608,-0.769576,-96.5475,-186.2875,-24.3775
4771,2938545,1.643096,-0.37454,-0.694912,-99.1375,-175.1225,-24.675
4772,2938642,1.722396,-0.319884,-0.636108,-94.115,-161.6825,-24.255
4773,2938740,1.795596,-0.289384,-0.59536,-85.575,-150.5875,-22.855
4774,2938837,1.797304,-0.293532,-0.517524,-74.34,-144.8825,-19.88
4775,2938935,1.803648,-0.249368,-0.463844,-63.035,-140.735,-16.1
4776,2939032,1.771196,-0.2501,-0.359168,-47.3725,-138.11,-11.165
4777,2939129,1.676768,-0.30378,-0.193004,-30.31,-134.645,-6.055
4778,2939227,1.566724,-0.330132,-0.023424,-19.5125,-126.2275,-0.945
4779,2939324,1.460096,-0.317932,0.1281,-15.12,-111.0025,5.145
4780,2939422,1.376648,-0.286944,0.240828,-14.5075,-90.8425,12.775
4781,2939519,1.347612,-0.261812,0.300608,-17.2725,-67.1825,19.95
4782,2939616,1.368108,-0.211792,0.297436,-22.0325,-43.5575,24.3425
4783,2939714,1.42252,-0.188612,0.276696,-24.1325,-21.91,26.67
4784,2939811,1.474004,0.149816,0.163724,-21.7175,-4.06,27.405
4785,2939909,1.292468,0.437004,0.120048,16.24,13.09,26.4075
4786,2940006,1.308816,-0.244488,0.009516001,77.175,32.8125,26.355
4787,2940103,0.9191481,-0.5058121,-0.033916,82.985,45.0275,13.44
4788,2940201,0.557052,0.032696,-0.64782,38.1675,62.475,-13.79
4789,2940298,-0.27328,0.256688,-1.74216,38.5525,67.48001,-24.22
4790,2940396,-1.665544,0.064904,-3.674152,66.5525,63.8575,-21.1225
4791,2940493,0.17446,-1.282464,-2.59738,89.985,68.1625,0.1575
4792,2940590,0.68808,-1.945656,0.438468,50.2775,36.435,22.4175
4793,2940688,1.480836,0.9972281,-0.89182,-69.4225,52.745,14.315
4794,2940785,1.450824,0.9803921,-1.92394,-4.2525,62.0375,22.3475
4795,2940883,0.696376,0.463356,-1.010404,30.8875,-13.5275,4.55
4796,2940980,0.276696,-0.6919841,-0.614148,45.43,-20.125,2.73
4797,2941077,0.521672,-0.521672,-1.060668,9.94,1.7675,0.3325
4798,2941175,0.339404,0.04392,-0.746396,-14.84,-8.155,-5.4425
4799,2941272,0.41358,0.310368,-0.84912,-17.465,-2.7475,-8.7325
4800,2941370,0.46238,0.055388,-0.8759601,-2.5725,0.315,-8.8375
4801,2941467,0.472872,0.010248,-0.8642481,1.5575,-0.4725,-7.14
4802,2941564,0.47458,0.244488,-0.8713241,-1.6275,0.455,-5.845
4803,2941662,0.395768,0.294264,-0.816668,6.86,0.595,-2.625
4804,2941759,0.326716,0.199104,-0.78934,20.4225,3.7625,1.89
4805,2941857,0.360876,0.14762,-0.805932,30.24,9.4675,5.11
4806,2941954,0.396012,0.14884,-0.815692,37.17,13.4225,7.2625
4807,2942052,0.410896,0.140056,-0.8276481,48.1425,15.995,11.515
4808,2942149,0.4984921,-0.271328,-0.9757561,57.995,17.325,15.9425
4809,2942246,0.5777921,-0.402844,-1.00772,40.845,10.08,14.8225
4810,2942344,0.46604,-0.022448,-0.881328,15.82,-2.695,11.5325
4811,2942441,0.586576,0.056608,-0.9552601,5.145,-1.33,7.4725
4812,2942539,0.572912,-0.100528,-0.892796,11.3925,-7.105,6.6675
4813,2942636,0.589992,-0.06075601,-0.883036,5.6525,-6.825,3.465
4814,2942733,0.555832,-0.031232,-0.8906,2.24,-7.7525,1.015
4815,2942831,0.50752,-0.061976,-0.8569281,5.88,-7.91,0.9975
4816,2942928,0.474824,0.007320001,-0.877668,8.0675,-7.2975,1.9775
4817,2943025,0.479948,0.013664,-0.85888,12.425,-7.3325,3.4825
4818,2943123,0.474092,0.038064,-0.869616,13.4225,-7.77,4.585
4819,2943220,0.488488,0.006832001,-0.8784,13.0725,-8.785,4.9175
4820,2943318,0.4941,-0.011712,-0.873276,11.4975,-9.135,4.2875
4821,2943415,0.481168,0.002928,-0.8847441,8.855,-9.135,3.0625
4822,2943513,0.489464,-0.010736,-0.881328,7.84,-8.6975,2.345
4823,2943610,0.488976,-0.019032,-0.874252,7.6125,-8.715,2.065
4824,2943707,0.484096,-0.023912,-0.875472,7.455,-8.575,1.96
4825,2943805,0.473604,-0.018544,-0.87474,6.965,-8.4525,1.785
4826,2943902,0.481412,-0.006832001,-0.8759601,6.3,-8.155,1.6975
4827,2943999,0.492636,-0.0061,-0.8652241,5.705,-7.63,1.7675
4828,2944097,0.48068,-0.023424,-0.8698601,5.39,-7.665,1.2775
4829,2944194,0.4697,-0.030012,-0.8708361,4.585,-7.56,0.2975
4830,2944292,0.476044,-0.03904,-0.869372,3.0275,-7.0875,-0.9975
4831,2944389,0.47214,-0.034404,-0.8713241,1.61,-6.72,-2.2575
4832,2944486,0.4743361,-0.01708,-0.8725441,0.7,-6.2825,-2.9925
4833,2944584,0.484828,-0.01708,-0.876204,0.42,-6.1425,-3.255
4834,2944681,0.482388,-0.01342,-0.8764481,0.2975,-6.335,-3.465
4835,2944779,0.492148,-0.016348,-0.8764481,-0.035,-6.4575,-3.5
4836,2944876,0.484828,-0.020984,-0.876692,0.4725,-6.685,-3.325
4837,2944973,0.483852,-0.019032,-0.877668,1.0675,-6.6675,-3.08
4838,2945071,0.478972,-0.017568,-0.875716,1.6625,-6.44,-2.695
4839,2945168,0.471652,-0.010248,-0.8744961,1.925,-6.265,-2.52
4840,2945266,0.463356,-0.00244,-0.8786441,2.2575,-6.37,-2.24
4841,2945363,0.469944,-0.00122,-0.8786441,3.0975,-6.265,-1.645
4842,2945460,0.4594521,-0.005124001,-0.876204,4.3225,-6.3,-1.05
4843,2945558,0.461648,0.004148001,-0.8791321,5.1625,-6.405,-0.2275
4844,2945655,0.462136,-0.009516001,-0.8769361,5.95,-6.7025,0.4725
4845,2945753,0.460672,-0.010736,-0.8759601,5.7575,-6.8775,0.805
4846,2945850,0.462624,-0.0183,-0.874252,5.425,-6.9825,0.945
4847,2945947,0.47336,-0.020496,-0.873764,4.725,-7.105,0.77
4848,2946045,0.481168,-0.027816,-0.866688,3.99,-7.35,0.49
4849,2946142,0.467504,-0.030988,-0.873032,3.2725,-7.805,-0.035
4850,2946239,0.458964,-0.031232,-0.8764481,2.5025,-7.9625,-0.595
4851,2946337,0.479704,-0.028304,-0.875716,1.995,-7.7175,-0.8400001
4852,2946434,0.473604,-0.032696,-0.874984,1.96,-7.8225,-1.015
4853,2946532,0.473116,-0.035624,-0.87352,1.5925,-7.84,-1.295
4854,2946629,0.470188,-0.030988,-0.876204,1.2075,-7.6475,-1.6975
4855,2946726,0.469212,-0.02928,-0.877424,0.945,-7.2625,-2.1175
4856,2946824,0.467016,-0.031476,-0.875716,0.5075,-7.0,-2.2575
4857,2946921,0.465796,-0.020252,-0.877668,-0.2625,-6.475,-2.6075
4858,2947019,0.4594521,-0.022936,-0.877912,-0.7875,-6.3875,-3.2025
4859,2947116,0.468724,-0.0244,-0.8842561,-1.47,-6.055,-3.57
4860,2947213,0.471896,-0.007076001,-0.889136,-0.945,-5.915,-3.2375
4861,2947311,0.476776,-0.009028001,-0.8801081,0.7175,-5.6175,-2.3625
4862,2947408,0.469212,-0.011956,-0.8740081,1.645,-5.67,-1.6275
4863,2947506,0.4636,-0.01342,-0.877424,2.0125,-5.985,-1.26
4864,2947603,0.461404,-0.011956,-0.879376,2.0825,-6.1775,-0.9975
4865,2947700,0.467504,-0.015372,-0.878156,2.2225,-6.3525,-0.8575
4866,2947798,0.46604,-0.019032,-0.875228,2.3625,-6.475,-0.77
4867,2947895,0.463844,-0.024156,-0.87352,2.31,-6.8425,-0.7875
4868,2947993,0.462624,-0.030988,-0.8759601,2.065,-7.1225,-0.875
4869,2948090,0.468968,-0.030988,-0.8808401,1.8375,-7.28,-1.1375
4870,2948187,0.470188,-0.030988,-0.87718,1.785,-7.3675,-1.3475
4871,2948285,0.468724,-0.03416,-0.8769361,1.8375,-7.4375,-1.47
4872,2948382,0.464576,-0.024888,-0.875472,1.6975,-7.4025,-1.6275
4873,2948480,0.458964,-0.01464,-0.876692,1.4525,-7.35,-1.8375
4874,2948577,0.451156,-0.02318,-0.875472,1.0325,-7.49,-1.96
4875,2948674,0.451644,-0.011468,-0.885476,0.2275,-7.07,-2.24
4876,2948772,0.457012,-0.011712,-0.8842561,-0.1575,-6.615,-2.24
4877,2948869,0.465552,-0.017568,-0.883524,-0.525,-6.1425,-2.31
4878,2948967,0.462624,-0.013176,-0.8862081,-0.28,-5.88,-2.135
4879,2949064,0.467016,-0.016348,-0.8845,0.665,-5.6525,-1.75
4880,2949161,0.470188,-0.009028001,-0.885964,1.5575,-5.46,-1.1725
4881,2949259,0.469212,-0.014152,-0.8801081,2.52,-5.5125,-0.595
4882,2949356,0.464088,-0.022204,-0.8786441,3.115,-5.565,-0.2275
4883,2949454,0.4514,-0.007076001,-0.882548,3.0625,-5.7575,-0.14
4884,2949551,0.449692,-0.011712,-0.8791321,2.9925,-5.915,0.1225
4885,2949648,0.446764,-0.0061,-0.8786441,2.7125,-5.6875,0.5075
4886,2949746,0.446764,-0.01464,-0.8784,2.2925,-5.25,0.8400001
4887,2949843,0.454084,-0.021716,-0.8949921,1.6625,-3.9375,0.665
4888,2949941,0.447984,0.005856,-0.9028,0.56,-2.3275,0.2275
4889,2950038,0.464576,0.034892,-0.897432,-0.245,0.14,0.1925
4890,2950135,0.46726,0.009272001,-0.8903561,0.1575,2.45,1.75
4891,2950233,0.49898,-0.027816,-0.864492,0.455,5.0225,3.465
4892,2950330,0.428464,-0.002928,-0.930616,-1.2775,8.47,3.78
4893,2950428,0.423828,0.06563601,-0.9691681,-2.24,15.2075,4.69
4894,2950525,0.405284,0.035136,-0.9818561,-0.42,25.235,8.2775
4895,2950622,0.4026,-0.021716,-0.987712,2.1175,38.08,11.8825
4896,2950720,0.375516,-0.112972,-1.034804,4.095,53.62,12.005
4897,2950817,0.385764,-0.124928,-0.964776,5.88,71.68,7.735
4898,2950914,0.432124,-0.126148,-0.953796,1.4,91.7875,0.175
4899,2951012,0.428464,-0.139324,-0.9418401,5.0925,108.2025,-6.8075
4900,2951109,0.433344,-0.1037,-0.955748,5.075,126.315,-14.8225
4901,2951207,0.428708,-0.05587601,-0.978928,8.2775,144.13,-21.42
4902,2951304,0.437004,-0.02196,-0.989664,13.44,164.4475,-25.62
4903,2951401,0.45262,0.05124001,-1.022116,18.795,186.4275,-26.845
4904,2951499,0.478728,0.117364,-1.048712,26.9675,208.0225,-23.5375
4905,2951596,0.496052,0.187636,-1.075308,37.8,228.69,-15.0675
4906,2951694,0.527528,0.241804,-1.066768,50.3475,248.15,-2.1525
4907,2951791,0.537288,0.27206,-1.061156,65.59,266.7,15.225
4908,2951888,0.558272,0.283528,-1.03822,80.255,288.015,34.44
4909,2951986,0.652456,0.251808,-1.02358,96.21501,311.325,52.605
4910,2952083,0.7686,0.210816,-1.102636,114.9925,335.7725,69.6325
4911,2952181,0.968924,0.105164,-1.108248,135.8875,354.6375,84.00001
4912,2952278,1.26514,-0.369172,-0.844972,152.355,365.9425,88.51501
4913,2952375,1.740208,-0.472628,-0.9191481,131.5125,362.9325,71.85501
4914,2952473,1.928332,-0.363072,-1.160464,118.545,332.1675,61.1275
4915,2952570,1.922964,-0.275476,-1.311012,118.4575,278.845,56.7525
4916,2952668,1.475224,-0.22082,-1.093608,117.0575,219.3975,49.35
4917,2952765,0.8427761,-0.081984,-0.8108121,94.09751,172.445,33.5125
4918,2952862,0.359412,-0.02928,-0.482632,60.69,137.9,14.8575
4919,2952960,0.289872,-0.06075601,-1.09922,36.8375,97.9825,8.995
4920,2953057,1.636996,-0.661728,-2.043256,14.7875,53.69,22.3825
4921,2953155,0.231312,0.365024,-1.5189,-61.8625,-28.63,11.3225
4922,2953252,0.116632,0.770308,-1.262456,-71.4,-94.22,1.0675
4923,2953349,-0.11468,0.726876,-0.893284,-18.095,-111.9475,3.29
4924,2953447,-0.144692,0.462136,-0.750788,27.825,-116.725,0.14
4925,2953544,-0.09052401,0.23668,-0.683444,41.1075,-117.215,-7.735
4926,2953642,-0.050752,0.15616,-0.673684,28.525,-121.38,-18.06
4927,2953739,-0.01464,0.181048,-0.703208,6.8775,-127.295,-25.7425
4928,2953836,0.0366,0.21838,-0.728828,-8.7675,-133.2975,-28.4375
4929,2953934,0.108824,0.21228,-0.7473721,-17.08,-140.0175,-27.37
4930,2954031,0.20374,0.173484,-0.76738,-22.3825,-148.1025,-24.8325
4931,2954128,0.32696,0.111264,-0.81862,-28.595,-157.885,-22.5575
4932,2954226,0.457256,0.032696,-0.876204,-37.66,-170.9575,-20.7025
4933,2954323,0.570716,-0.047336,-0.912316,-50.1725,-187.5825,-19.5125
4934,2954421,0.6314721,-0.102724,-0.8976761,-64.785,-207.55,-18.2175
4935,2954518,0.623908,-0.136396,-0.81252,-80.4475,-226.45,-17.01
4936,2954616,0.609756,-0.131516,-0.724192,-94.81501,-238.07,-16.52
4937,2954713,0.6117081,-0.142008,-0.680516,-104.16,-240.03,-16.3975
4938,2954810,0.659288,-0.164212,-0.682468,-108.2375,-234.29,-16.2225
4939,2954908,0.774212,-0.182512,-0.733464,-109.9875,-223.965,-15.12
4940,2955005,0.858148,-0.218624,-0.762012,-108.1675,-214.69,-12.7225
4941,2955103,0.924516,-0.26718,-0.8169121,-104.2475,-205.7125,-9.9575
4942,2955200,1.118252,-0.358192,-0.9391561,-102.515,-194.3375,-7.735
4943,2955297,1.314184,-0.444812,-1.0431,-103.3725,-189.2275,-7.4375
4944,2955395,1.400316,-0.463112,-1.05652,-106.855,-193.76,-7.805
4945,2955492,1.42618,-0.434076,-0.998204,-108.85,-199.325,-8.0325
4946,2955590,1.43838,-0.415044,-0.902068,-104.8425,-199.395,-8.365
4947,2955687,1.489864,-0.433588,-0.8149601,-96.53,-192.4125,-8.4175
4948,2955784,1.574532,-0.466284,-0.7442,-88.11251,-181.335,-9.2925
4949,2955882,1.6653,-0.4758,-0.677832,-81.2,-169.6625,-12.845
4950,2955979,1.738012,-0.50874,-0.5856,-73.675,-158.6025,-17.5175
4951,2956077,1.785348,-0.508496,-0.460184,-65.345,-148.8375,-20.93
4952,2956174,1.81536,-0.53924,-0.343064,-54.495,-139.055,-20.9825
4953,2956271,1.844152,-0.514108,-0.252296,-42.8575,-129.85,-18.5325
4954,2956369,1.8483,-0.4594521,-0.164944,-28.805,-122.4125,-15.1375
4955,2956466,1.816336,-0.428952,-0.05002,-12.005,-116.305,-10.4825
4956,2956564,1.770952,-0.38064,0.067344,0.4375,-109.8125,-7.7
4957,2956661,1.763632,-0.274256,0.137128,7.525,-101.465,-7.56
4958,2956758,1.708,-0.191296,0.216672,14.7525,-93.3975,-8.2775
4959,2956856,1.641632,-0.138104,0.328912,22.0675,-84.2975,-10.5875
4960,2956953,1.401292,-0.016348,0.722972,34.79,-69.475,-13.755
4961,2957051,1.624064,-0.234484,0.721264,52.5525,-33.9325,-14.455
4962,2957148,1.137772,-0.185196,0.616588,60.6025,-1.0325,-17.99
4963,2957245,0.942816,-0.282308,-0.8845,56.63,22.68,-22.75
4964,2957343,-0.364048,-0.518012,-1.797304,68.0225,10.465,-23.8875
4965,2957440,-1.059692,-1.097024,-2.162572,65.45,5.04,-9.3275
4966,2957538,-0.286456,-1.192916,-0.711016,30.3975,41.8425,22.6625
4967,2957635,0.9501361,-0.591944,-0.520452,-26.495,77.7,46.69
4968,2957732,1.364692,0.23546,-1.286612,-45.4825,85.3825,49.98
4969,2957830,1.051396,0.868396,-1.4823,-42.1925,55.51,34.6675
4970,2957927,0.629032,0.913536,-1.01992,-8.82,25.305,17.4825
4971,2958025,0.350384,0.404552,-0.8378961,20.825,18.4625,1.2425
4972,2958122,0.282064,-0.219356,-0.8410681,25.9525,21.5075,-14.9625
4973,2958219,0.164944,-0.636596,-0.735904,13.895,22.1375,-21.315
4974,2958317,0.11224,-0.6795401,-0.671,-11.69,29.225,-19.145
4975,2958414,0.22326,-0.24888,-0.72102,-46.585,41.4225,-20.8075
4976,2958511,0.256688,0.246928,-0.776896,-69.125,48.86,-23.765
4977,2958609,0.79178,1.431792,-1.658712,-68.1275,54.5125,-26.81
4978,2958706,1.452776,0.33428,-1.133136,15.89,40.915,-17.6575
4979,2958804,0.528504,-0.267668,-0.726388,42.21,-2.52,-5.495
4980,2958901,0.388448,-0.144204,-0.945012,26.5125,3.7975,-4.095
4981,2958998,0.549,-0.09418401,-0.970632,10.2725,9.45,-8.085
4982,2959096,0.646844,-0.172264,-0.9418401,6.405,4.4975,-9.9575
4983,2959193,0.53436,-0.110532,-0.904996,-3.8325,-1.715,-11.6725
4984,2959291,0.58072,-0.053436,-0.935008,-11.7775,-4.305,-13.2825
4985,2959388,0.580476,-0.028792,-0.923052,-16.765,-6.545,-14.315
4986,2959486,0.518744,0.040016,-0.8874281,-20.0025,-10.255,-14.5425
4987,2959583,0.537044,0.06539201,-0.902556,-21.7525,-10.8675,-14.525
4988,2959680,0.521184,0.035624,-0.8893801,-21.1575,-12.7925,-14.4025
4989,2959778,0.5206961,0.033672,-0.9098761,-22.6975,-14.2975,-14.945
4990,2959875,0.504836,-0.016836,-0.906948,-24.5525,-16.0475,-16.3275
4991,2959973,0.444812,0.003416,-0.874984,-27.65,-18.7075,-18.0775
4992,2960070,0.436272,0.054168,-0.864492,-30.2925,-18.585,-19.2325
4993,2960167,0.463356,0.054168,-0.882304,-30.2575,-18.025,-19.6175
4994,2960265,0.453596,0.05734,-0.87108,-31.2725,-18.3575,-20.0375
4995,2960362,0.393328,0.121024,-0.856684,-32.2,-18.585,-20.3
4996,2960460,0.416752,0.157868,-0.8576601,-30.555,-16.17,-19.845
4997,2960557,0.424804,0.192028,-0.85156,-27.23,-14.385,-18.3925
4998,2960654,0.44164,0.177632,-0.8703481,-22.4,-12.8975,-16.2225
4999,2960752,0.437004,0.152744,-0.853024,-17.92,-12.1275,-13.9475
5000,2960849,0.437248,0.210084,-0.844972,-15.8025,-10.99,-11.9525
5001,2960947,0.430172,0.204716,-0.8513161,-10.955,-9.2925,-9.485
5002,2961044,0.492636,0.156892,-0.877668,-6.37,-7.5425,-7.105
5003,2961141,0.4594521,0.161528,-0.863516,-5.04,-8.1025,-5.5125
5004,2961239,0.426024,0.191784,-0.8596121,-3.4475,-8.4175,-4.1825
5005,2961336,0.473604,0.147864,-0.887184,0.525,-7.14,-2.6425
5006,2961434,0.462868,0.118828,-0.879376,1.9075,-7.7175,-1.6625
5007,2961531,0.435052,0.104188,-0.885476,1.7325,-8.505,-1.6625
5008,2961628,0.456768,0.081984,-0.8906,1.1025,-8.26,-2.2925
5009,2961726,0.456524,0.070516,-0.90036,-0.5425,-8.435,-3.6225
5010,2961823,0.43676,0.05929201,-0.8935281,-2.5025,-8.9775,-5.355
5011,2961921,0.428708,0.09320801,-0.8852321,-5.0225,-9.135,-7.245
5012,2962018,0.411628,0.123464,-0.87962,-6.545,-8.9075,-8.4875
5013,2962115,0.4213881,0.143716,-0.87108,-6.72,-8.505,-8.75
5014,2962213,0.392108,0.186416,-0.8493641,-6.16,-7.8575,-8.085
5015,2962310,0.4209,0.202764,-0.866932,-3.5175,-6.265,-6.37
5016,2962408,0.430172,0.176656,-0.870104,-0.2975,-5.4075,-4.13
5017,2962505,0.407968,0.20374,-0.856196,1.925,-5.7575,-1.785
5018,2962602,0.419192,0.216184,-0.859368,5.04,-5.25,0.7
5019,2962700,0.410896,0.206668,-0.8461921,9.6425,-4.9875,3.3775
5020,2962797,0.427488,0.205204,-0.848388,14.0,-3.5175,6.1075
5021,2962894,0.426756,0.186416,-0.839848,18.8825,-1.925,8.5925
5022,2962992,0.434564,0.156404,-0.846436,23.135,0.245,10.3425
5023,2963089,0.441152,0.101748,-0.8903561,26.53,1.9775,11.3925
5024,2963187,0.46116,0.00122,-0.913048,27.0375,1.9775,10.43
5025,2963284,0.4743361,0.002196,-0.9252481,21.49,0.77,7.8925
5026,2963381,0.445788,0.049288,-0.906948,14.9975,-1.33,4.9175
5027,2963479,0.482144,0.038796,-0.9250041,11.515,-1.9075,2.5725
5028,2963576,0.460184,0.05002,-0.9010921,7.7875,-3.955,0.945
5029,2963674,0.436028,0.120536,-0.8842561,4.0775,-5.285,0.245
5030,2963771,0.458964,0.09418401,-0.8862081,4.7775,-5.0575,0.455
5031,2963868,0.451888,0.094916,-0.8869401,5.005,-5.635,0.8400001
5032,2963966,0.442616,0.10004,-0.88328,4.8825,-6.23,1.505
5033,2964063,0.436272,0.079544,-0.881328,6.4575,-7.035,3.2375
5034,2964161,0.405528,0.09540401,-0.868396,7.49,-7.6825,5.3725
5035,2964258,0.407968,0.123708,-0.89426,8.295,-8.0675,7.455
5036,2964355,0.422852,0.129564,-0.8708361,9.6425,-9.0825,9.4325
5037,2964453,0.4026,0.298412,-0.778604,10.815,-8.6275,10.885
5038,2964550,0.449936,0.218624,-0.877912,17.3775,-2.45,10.6575
5039,2964648,0.4514,-0.03782,-0.875228,27.335,-1.015,10.7275
5040,2964745,0.438468,0.06222,-0.868396,22.2075,-0.8400001,8.9075
5041,2964842,0.445056,0.104188,-0.8903561,19.11,1.4175,6.8075
5042,2964940,0.458476,0.036112,-0.887916,20.8075,2.0125,5.6525
5043,2965037,0.439444,0.05929201,-0.870104,19.0225,2.1,4.34
5044,2965134,0.433832,0.092964,-0.868884,18.3225,2.695,3.7275
5045,2965232,0.441884,0.063928,-0.873032,20.3,3.64,3.78
5046,2965329,0.453596,0.03416,-0.9057281,20.615,3.5875,3.605
5047,2965427,0.47214,0.014152,-0.90158,18.34,2.7125,2.94
5048,2965524,0.462136,0.058316,-0.898164,15.19,1.295,2.415
5049,2965621,0.479216,0.048312,-0.898652,13.9125,0.6825,2.3625
5050,2965719,0.466528,0.046116,-0.883036,13.2475,-0.91,2.5375
5051,2965816,0.45262,0.06222,-0.880352,12.53,-1.68,2.59
5052,2965914,0.449448,0.04514,-0.88816,13.125,-1.6625,3.01
5053,2966011,0.450668,0.042456,-0.8842561,13.335,-1.995,3.71
5054,2966108,0.432856,0.067832,-0.861808,13.5625,-2.66,4.62
5055,2966206,0.43798,0.109068,-0.8466801,15.2425,-1.8375,5.635
5056,2966303,0.442372,0.089304,-0.8625401,18.9875,-0.0175,6.4225
5057,2966401,0.432856,0.021716,-0.8579041,23.2225,1.295,6.93
5058,2966498,0.445788,0.029524,-0.872056,24.255,2.24,7.5075
5059,2966595,0.455792,0.010004,-0.89426,24.92,2.8525,7.7875
5060,2966693,0.477508,-0.017324,-0.8893801,24.395,2.065,7.7175
5061,2966790,0.47092,0.017568,-0.872788,21.6475,0.5425,7.035
5062,2966888,0.434564,0.009272001,-0.873276,20.6675,-0.5425,6.2125
5063,2966985,0.38796,0.005368,-0.865956,20.09,-1.295,5.4425
5064,2967082,0.374052,0.030012,-0.880352,17.4475,-2.0825,4.7425
5065,2967180,0.423584,-0.000488,-0.888404,15.505,-3.01,4.48
5066,2967277,0.424316,-0.005856,-0.902068,11.55,-5.4075,4.7425
5067,2967375,0.460184,0.037576,-0.892796,7.7175,-6.8425,5.88
5068,2967472,0.54534,0.044408,-0.9010921,7.28,-6.72,7.4725
5069,2967569,0.502884,-0.02196,-0.871568,9.8525,-7.8225,8.61
5070,2967667,0.469456,-0.000488,-0.90646,8.2075,-7.7175,8.7675
5071,2967764,0.490928,-0.03538,-0.919636,8.61,-7.245,8.9775
5072,2967862,0.502152,-0.029768,-0.898164,8.12,-5.88,8.155
5073,2967959,0.476044,0.050996,-0.917928,5.985,-5.005,7.0525
5074,2968056,0.46604,0.022936,-0.904508,8.0675,-3.815,7.9975
5075,2968154,0.516304,-0.024888,-0.8935281,9.94,-1.75,9.52
5076,2968251,0.514352,-0.04148,-0.8959681,9.6075,0.7175,9.59
5077,2968348,0.47458,-0.000488,-0.921588,8.1375,4.3575,8.8375
5078,2968446,0.507032,-0.023912,-0.8827921,6.93,10.885,8.785
5079,2968543,0.404796,-0.04514,-0.976976,4.48,18.9525,9.2925
5080,2968641,0.399672,0.019764,-1.041392,2.31,30.5375,10.395
5081,2968738,0.309148,-0.185928,-1.01138,7.0525,47.53,10.92
5082,2968834,0.415044,-0.071248,-1.01748,3.4125,69.9475,6.1425
5083,2968931,0.412116,-0.132492,-0.970632,2.8,91.8575,-0.5775
5084,2969029,0.410652,-0.134444,-0.981612,4.8475,112.3325,-7.8575
5085,2969126,0.41602,-0.124684,-0.987956,6.58,133.49,-16.66
5086,2969223,0.413092,-0.08637601,-0.9906401,10.115,153.37,-24.29
5087,2969321,0.414312,-0.035624,-1.001864,14.245,173.5125,-29.12
5088,2969418,0.426024,0.017568,-1.012844,19.565,193.97,-30.8175
5089,2969515,0.425048,0.06954,-1.036512,26.3725,214.62,-29.0675
5090,2969613,0.434808,0.172264,-1.078236,34.58,237.93,-23.24
5091,2969710,0.441396,0.244,-1.087752,46.0775,263.34,-11.4625
5092,2969808,0.52826,0.32696,-1.090192,60.4625,290.29,5.6525
5093,2969905,0.604144,0.334524,-1.113372,78.7675,318.36,27.1775
5094,2970002,0.646844,0.235948,-1.065792,102.9,345.6775,47.775
5095,2970100,0.843996,0.14762,-1.094096,116.13,372.8025,60.34
5096,2970197,1.137772,-0.08564401,-0.9623361,125.51,390.495,65.36251
5097,2970295,1.489132,-0.207156,-0.898652,115.1675,397.4425,60.585
5098,2970392,1.754604,-0.25376,-0.9586761,109.9175,389.76,57.365
5099,2970490,1.922232,-0.212036,-1.142652,113.3475,357.4025,59.15
5100,2970587,1.847812,-0.046848,-1.294176,122.15,308.0525,65.4675
5101,2970684,1.4518,0.051972,-1.22488,132.055,252.4025,67.305
5102,2970782,1.090436,0.1769,-1.104588,130.48,200.83,59.6225
5103,2970879,0.403332,0.380152,-0.581452,132.195,154.56,49.84
5104,2970977,0.406992,0.218136,-0.936472,134.505,111.0375,43.6625
5105,2971074,2.062776,-0.8244761,-2.323368,119.63,63.0175,54.0575
5106,2971171,0.324032,-0.033916,-1.584048,1.295,-36.8025,35.595
5107,2971269,0.193736,0.834724,-1.3847,-67.83,-126.77,7.0525
5108,2971366,-0.127856,0.921588,-0.9211,-35.8575,-147.945,5.6875
5109,2971464,-0.132248,0.704916,-0.759328,19.1275,-149.6425,2.5375
5110,2971561,-0.004392,0.4209,-0.713944,47.8625,-144.97,-1.9775
5111,2971658,0.104188,0.21228,-0.757864,44.8525,-148.435,-6.51
5112,2971756,0.165432,0.162504,-0.7895841,20.5975,-160.3,-11.6725
5113,2971853,0.202764,0.22692,-0.793244,-5.32,-175.3675,-14.8925
5114,2971951,0.205204,0.252296,-0.749812,-20.3,-189.8575,-14.0525
5115,2972048,0.219356,0.214476,-0.6902761,-26.915,-201.1625,-10.99
5116,2972145,0.284748,0.119072,-0.657336,-33.845,-208.565,-9.135
5117,2972243,0.38552,0.014884,-0.6646561,-46.0775,-214.9,-9.5725
5118,2972340,0.483852,-0.06661201,-0.678808,-63.7875,-222.985,-11.3925
5119,2972438,0.56364,-0.10858,-0.67466,-82.7225,-232.6975,-13.2825
5120,2972535,0.608048,-0.120536,-0.670268,-98.40251,-241.5525,-14.9275
5121,2972632,0.636108,-0.13786,-0.644648,-108.395,-247.415,-16.065
5122,2972730,0.648308,-0.170312,-0.630008,-112.595,-248.255,-16.555
5123,2972827,0.709064,-0.267424,-0.615124,-114.4325,-242.1475,-16.9225
5124,2972925,0.823744,-0.33794,-0.6470881,-119.6475,-231.7525,-18.025
5125,2973022,0.9989361,-0.372832,-0.7015,-128.0475,-221.27,-20.335
5126,2973119,1.184376,-0.330132,-0.794952,-132.3875,-212.695,-23.2225
5127,2973217,1.376648,-0.29158,-0.898652,-126.1225,-207.095,-23.5725
5128,2973314,1.508164,-0.344284,-0.9108521,-110.2325,-205.765,-24.185
5129,2973411,1.62992,-0.39284,-0.868152,-96.32,-206.3425,-28.8575
5130,2973509,1.690188,-0.471896,-0.7747001,-86.5025,-205.73,-34.6325
5131,2973606,1.688236,-0.521184,-0.685884,-83.96501,-201.6875,-39.0075
5132,2973704,1.707268,-0.501176,-0.641232,-86.7825,-192.185,-40.565
5133,2973801,1.763144,-0.493124,-0.576572,-86.695,-180.74,-38.185
5134,2973899,1.727764,-0.519476,-0.447252,-82.495,-170.485,-34.055
5135,2973996,1.771928,-0.463112,-0.354532,-81.74251,-158.165,-33.9325
5136,2974093,1.86782,-0.38186,-0.32086,-75.6175,-144.97,-34.79
5137,2974191,1.875872,-0.319884,-0.251076,-56.525,-136.4125,-33.0225
5138,2974288,1.828048,-0.355264,-0.09247601,-28.2625,-128.9575,-29.19
5139,2974385,1.774856,-0.420656,0.06636801,-3.2025,-118.2825,-25.655
5140,2974483,1.736792,-0.411628,0.165188,9.8525,-104.3,-23.7475
5141,2974580,1.72264,-0.28914,0.207888,16.9925,-89.5125,-22.5925
5142,2974678,1.690188,-0.215696,0.230824,26.7925,-75.9675,-20.405
5143,2974775,1.682136,-0.06124401,0.24766,35.77,-62.5625,-18.34
5144,2974872,1.584048,0.015616,0.47214,55.125,-47.18,-16.3275
5145,2974970,1.596736,-0.205448,0.4209,78.12,-17.85,-12.775
5146,2975067,1.004792,-0.103944,-0.27084,86.66,-1.19,-18.7425
5147,2975165,0.393084,-0.473604,-1.197064,88.53251,3.8675,-24.045
5148,2975262,-0.947208,-0.656116,-1.974692,83.5625,-11.06,-32.0775
5149,2975359,-0.686616,-1.146068,-1.110444,68.81,24.5525,-21.0525
5150,2975457,0.536556,-1.317356,-0.388936,44.1875,71.89,17.605
5151,2975554,1.268312,-0.671976,-1.035292,-0.0875,97.5625,36.2425
5152,2975652,1.123132,0.191296,-1.575264,-32.725,73.6925,28.49
5153,2975749,0.716872,0.716628,-1.118008,-29.9075,37.1525,15.8725
5154,2975846,0.438468,0.5838921,-0.811788,-1.5575,25.3575,5.7925
5155,2975944,0.430172,0.119316,-0.909632,17.8325,31.3425,-4.97
5156,2976041,0.388204,-0.340624,-0.8805961,21.805,30.7125,-9.485
5157,2976138,0.34038,-0.4819,-0.801052,8.715,29.19,-7.7875
5158,2976236,0.372588,-0.327692,-0.830576,-14.14,32.865,-5.8625
5159,2976333,0.382836,-0.0854,-0.8066641,-31.5525,34.8775,-6.9125
5160,2976431,0.551928,0.782508,-1.236104,-39.48,37.17,-9.3625
5161,2976528,0.8488761,0.5058121,-1.027972,4.55,30.0825,-5.4075
5162,2976625,0.624152,0.040016,-0.903044,33.1975,8.3825,-2.8
5163,2976723,0.399916,-0.30256,-0.839604,41.44,6.3175,3.255
5164,2976820,0.48556,-0.031232,-0.920368,20.09,11.585,-0.525
5165,2976918,0.552904,0.07978801,-0.9250041,14.28,10.2725,-3.3425
5166,2977015,0.557296,-0.126636,-0.962092,16.38,7.77,-4.62
5167,2977112,0.549244,-0.30988,-0.9718521,8.33,2.31,-8.4525
5168,2977210,0.586332,-0.286456,-0.915244,-10.2375,-2.0475,-14.5075
5169,2977307,0.601704,-0.09272,-0.9145121,-26.25,-3.85,-19.18
5170,2977404,0.518012,0.028548,-0.87962,-30.7125,-6.6325,-21.4375
5171,2977502,0.45384,0.062952,-0.848388,-27.3525,-7.21,-21.0175
5172,2977599,0.478972,0.074664,-0.847412,-24.2025,-5.775,-19.355
5173,2977697,0.505324,0.091744,-0.8488761,-19.9675,-5.1275,-17.045
5174,2977794,0.464332,0.111752,-0.864492,-15.5925,-6.4225,-14.1925
5175,2977891,0.496052,-0.00488,-0.892308,-10.8675,-6.6325,-12.3375
5176,2977989,0.456768,0.009516001,-0.8559521,-12.3375,-8.855,-12.4775
5177,2978086,0.47702,0.051972,-0.885964,-14.2975,-9.66,-12.0925
5178,2978184,0.489708,0.06270801,-0.860588,-13.09,-9.6075,-10.7975
5179,2978281,0.433832,0.069296,-0.8657121,-10.92,-10.3775,-9.31
5180,2978378,0.4453,0.061,-0.8574161,-6.86,-9.555,-7.7875
5181,2978476,0.472872,0.083448,-0.865956,-4.4625,-7.98,-6.51
5182,2978573,0.443836,0.062464,-0.86132,-0.8575,-8.225,-4.97
5183,2978670,0.461892,0.06124401,-0.874252,1.6975,-7.77,-3.6225
5184,2978768,0.450912,0.044408,-0.887672,2.8175,-7.455,-2.6425
5185,2978865,0.45262,0.043432,-0.892308,3.1325,-7.56,-2.03
5186,2978962,0.473848,0.023912,-0.882548,2.8175,-7.7175,-1.8725
5187,2979060,0.490928,0.048068,-0.8791321,1.4875,-8.1025,-1.6625
5188,2979157,0.53192,0.017812,-0.8862081,1.12,-7.665,-1.26
5189,2979255,0.5314321,0.026596,-0.860588,0.385,-8.1025,-1.54
5190,2979352,0.49166,0.049288,-0.869372,-1.0675,-8.6275,-1.925
5191,2979449,0.497028,0.01952,-0.8703481,0.0,-7.8225,-2.03
5192,2979547,0.508008,0.03416,-0.875228,-1.12,-7.1925,-2.31
5193,2979644,0.50142,0.011468,-0.874984,-2.0125,-7.0175,-3.3075
5194,2979742,0.47458,0.050508,-0.8744961,-3.99,-7.035,-4.375
5195,2979839,0.46238,0.036112,-0.883036,-3.7275,-6.615,-4.725
5196,2979936,0.466528,0.054412,-0.874252,-3.7975,-6.0725,-4.8825
5197,2980034,0.487756,0.04392,-0.8662001,-3.5175,-5.6875,-4.62
5198,2980131,0.470676,0.057584,-0.8652241,-2.905,-6.055,-4.515
5199,2980228,0.473116,0.046848,-0.8740081,-1.9425,-5.635,-4.1825
5200,2980326,0.469212,0.043188,-0.868396,-1.4525,-5.25,-4.025
5201,2980423,0.460916,0.063928,-0.8723001,-1.6975,-5.005,-4.1825
5202,2980521,0.46116,0.072712,-0.8591241,-0.175,-4.5675,-3.6225
5203,2980618,0.450912,0.0976,-0.8576601,1.89,-4.445,-2.5375
5204,2980715,0.452376,0.114924,-0.851072,5.915,-4.5325,-0.595
5205,2980813,0.478728,0.09418401,-0.841556,10.2375,-4.305,1.7325
5206,2980910,0.46482,0.11346,-0.838628,13.2825,-4.5675,3.815
5207,2981008,0.471164,0.09882,-0.8427761,17.71,-4.1825,6.23
5208,2981105,0.483364,0.07978801,-0.839848,22.75,-3.745,8.7325
5209,2981202,0.472384,0.06270801,-0.8481441,27.4925,-3.465,11.2525
5210,2981300,0.468236,0.048556,-0.8601,30.835,-3.08,13.3875
5211,2981397,0.429684,0.030012,-0.8759601,32.3575,-3.0625,14.875
5212,2981495,0.435052,0.017812,-0.87962,34.5625,-2.9575,16.1
5213,2981592,0.447008,-0.012932,-0.893772,33.4775,-2.52,16.555
5214,2981689,0.45872,-0.02928,-0.9001161,28.035,-3.64,15.12
5215,2981787,0.448716,0.005368,-0.9052401,22.89,-5.425,13.3
5216,2981884,0.464576,-0.046848,-0.893284,20.93,-7.4025,12.845
5217,2981981,0.478728,-0.040748,-0.903288,18.515,-9.415,12.3025
5218,2982079,0.490196,-0.01464,-0.8744961,16.8,-10.955,11.7425
5219,2982176,0.490928,-0.034648,-0.87352,16.8525,-11.8125,11.62
5220,2982274,0.4941,-0.006344,-0.8847441,16.6775,-12.39,11.4275
5221,2982371,0.482876,-0.011712,-0.884988,16.905,-13.2125,11.655
5222,2982468,0.482144,-0.054168,-0.8820601,17.2375,-13.195,11.2875
5223,2982566,0.47336,-0.037088,-0.892308,15.12,-12.495,9.835
5224,2982663,0.4697,-0.063684,-0.8874281,13.37,-11.4975,8.4525
5225,2982761,0.473116,-0.069296,-0.8820601,11.3925,-10.0625,6.6675
5226,2982858,0.452132,-0.068076,-0.8769361,9.135,-9.135,4.6725
5227,2982955,0.443836,-0.050508,-0.883768,7.28,-8.2075,2.8525
5228,2983053,0.447008,-0.055632,-0.885476,5.6525,-7.5075,1.47
5229,2983150,0.446276,-0.061488,-0.876204,4.025,-6.825,-0.0875
5230,2983248,0.446276,-0.050996,-0.8820601,2.5025,-6.4575,-1.3125
5231,2983345,0.450912,-0.052948,-0.8810841,1.4,-6.2475,-2.24
5232,2983442,0.45506,-0.04026,-0.8852321,0.8225,-5.7925,-2.8
5233,2983540,0.450668,-0.037088,-0.884012,0.2975,-5.53,-3.2025
5234,2983637,0.4453,-0.027084,-0.887184,-0.385,-5.425,-3.4825
5235,2983735,0.453596,-0.026108,-0.888404,-1.1375,-4.97,-3.5875
5236,2983832,0.452376,-0.028548,-0.888648,-1.61,-4.8125,-3.5525
5237,2983929,0.460672,-0.030012,-0.885476,-1.6975,-4.41,-3.3775
5238,2984027,0.458964,-0.037332,-0.888404,-1.4175,-4.1125,-2.9225
5239,2984124,0.45994,-0.032208,-0.8908441,-0.875,-3.7975,-2.4325
5240,2984222,0.46848,-0.022692,-0.885476,0.2625,-3.2725,-1.6625
5241,2984319,0.468236,-0.027328,-0.878156,1.8025,-3.1325,-0.77
5242,2984416,0.46604,-0.022936,-0.8842561,2.38,-3.36,-0.2275
5243,2984514,0.47214,-0.037088,-0.877668,3.325,-3.5,0.35
5244,2984611,0.47214,-0.030988,-0.87962,3.9725,-3.71,0.665
5245,2984708,0.475312,-0.0305,-0.87962,4.6375,-3.78,1.0325
5246,2984806,0.469456,-0.033672,-0.8744961,5.2675,-3.815,1.365
5247,2984903,0.45384,-0.026108,-0.882548,5.4425,-4.515,1.4875
5248,2985001,0.444324,-0.011712,-0.896212,5.355,-5.355,1.855
5249,2985098,0.447984,-0.027328,-0.877668,5.46,-4.97,2.4675
5250,2985195,0.449204,-0.037088,-0.8949921,4.865,-3.9375,2.6425
5251,2985293,0.451644,-0.015372,-0.8996281,4.06,-2.3975,2.2575
5252,2985390,0.50874,0.012932,-0.859368,3.395,0.1925,1.9775
5253,2985488,0.459696,0.003416,-0.898652,3.5525,2.485,3.57
5254,2985585,0.456036,-0.026596,-0.90768,4.62,5.6,5.845
5255,2985682,0.440664,-0.036356,-0.934764,4.69,9.765,6.5975
5256,2985780,0.444812,0.031964,-0.97966,4.165,17.5525,6.685
5257,2985877,0.40626,-0.006588,-0.9969841,5.88,28.7,8.855
5258,2985975,0.346236,-0.145912,-1.043832,10.1675,44.485,10.1675
5259,2986072,0.339892,-0.113948,-1.006744,9.9925,65.38,6.02
5260,2986169,0.353312,-0.158844,-1.016504,3.99,91.245,-1.1725
5261,2986267,0.353068,-0.089792,-1.044564,8.995,116.095,-7.35
5262,2986364,0.377956,-0.045384,-1.031632,11.375,142.24,-13.5975
5263,2986461,0.42944,0.011468,-1.029436,19.95,164.9725,-17.3075
5264,2986559,0.46482,-0.06466001,-0.959652,31.92,185.8675,-18.6025
5265,2986656,0.446032,-0.015616,-0.9972281,38.3425,206.8325,-18.34
5266,2986754,0.469944,0.03294,-1.018212,45.255,227.7275,-15.7325
5267,2986851,0.489952,0.095648,-1.04798,55.8775,246.0325,-9.135
5268,2986948,0.5206961,0.163236,-1.059448,66.60501,262.4125,1.925
5269,2987046,0.51362,0.182756,-1.03578,79.555,278.95,16.7825
5270,2987143,0.554856,0.185928,-1.009428,91.56,299.9675,33.0225
5271,2987241,0.638792,0.183244,-1.015528,103.2675,324.975,48.86
5272,2987338,0.711504,0.119072,-1.026508,115.3775,350.98,61.81
5273,2987435,0.869616,-0.08954801,-0.949892,126.0525,373.6075,69.5625
5274,2987533,1.136308,-0.310612,-0.889136,122.85,394.45,65.3275
5275,2987630,1.471564,-0.629276,-0.734928,118.58,399.8225,51.5725
5276,2987728,1.658956,-0.356484,-0.768112,98.245,384.09,36.1725
5277,2987825,2.032276,-0.096868,-0.8903561,90.14251,354.5325,32.655
5278,2987922,1.865868,-0.644648,-1.296128,112.84,302.365,43.9425
5279,2988020,1.520852,-0.136396,-1.145824,112.2625,238.0875,42.035
5280,2988117,0.9572121,0.031964,-0.7686,92.7325,190.75,32.69
5281,2988214,0.452132,0.191296,-0.372588,90.21251,148.785,25.41
5282,2988312,0.211304,-0.194224,-0.640744,88.13,105.63,13.5975
5283,2988409,2.151836,-0.776896,-2.913604,52.815,64.995,19.3025
5284,2988507,0.162992,0.20618,-1.310768,-36.2075,-59.0275,-4.0775
5285,2988604,0.195932,0.87962,-1.22122,-76.7375,-137.48,-30.8175
5286,2988701,-0.18056,0.804224,-0.716628,-13.755,-149.5025,-30.1525
5287,2988799,-0.061,0.5124001,-0.637816,45.255,-141.435,-32.305
5288,2988896,0.112728,0.197884,-0.640256,71.9425,-134.2075,-34.7025
5289,2988993,0.194224,-0.037576,-0.698328,67.27,-140.0,-35.805
5290,2989091,0.243512,-0.121024,-0.751276,41.37,-152.6525,-34.615
5291,2989188,0.2806,-0.066856,-0.785192,11.2525,-167.02,-29.4175
5292,2989286,0.307928,-0.032696,-0.782508,-7.665,-180.6,-18.27
5293,2989383,0.343064,-0.027328,-0.762744,-17.815,-191.66,-3.9725
5294,2989480,0.414312,-0.063196,-0.7510321,-24.5875,-200.27,9.275
5295,2989578,0.4941,-0.11834,-0.75518,-33.4775,-208.74,19.565
5296,2989675,0.557296,-0.15128,-0.7442,-47.46,-218.68,25.5325
5297,2989773,0.610244,-0.1464,-0.748836,-63.9275,-228.5675,27.895
5298,2989870,0.666608,-0.140544,-0.72468,-78.62751,-237.4225,28.315
5299,2989967,0.707844,-0.170068,-0.700768,-90.2475,-244.685,27.2475
5300,2990065,0.754204,-0.204228,-0.693204,-99.75,-249.41,24.36
5301,2990162,0.78934,-0.258396,-0.6771,-107.31,-251.79,21.5425
5302,2990260,0.8052,-0.312564,-0.656116,-114.1175,-250.5825,19.845
5303,2990357,0.831308,-0.369416,-0.654164,-120.6625,-243.565,20.1425
5304,2990454,0.890112,-0.382836,-0.6802721,-126.7175,-231.315,21.42
5305,2990552,0.9947881,-0.41358,-0.714676,-130.235,-217.9975,21.7525
5306,2990649,1.136552,-0.421876,-0.8052,-130.6025,-204.365,19.355
5307,2990746,1.379576,-0.46726,-0.9333,-127.225,-193.445,17.3775
5308,2990844,1.554524,-0.515328,-0.9867361,-121.975,-191.7825,14.8575
5309,2990941,1.652856,-0.559004,-0.911584,-117.18,-196.35,10.6925
5310,2991039,1.668716,-0.6375721,-0.738344,-112.735,-198.3625,5.0575
5311,2991136,1.68726,-0.71858,-0.577304,-110.8625,-192.57,-1.715
5312,2991233,1.815604,-0.73078,-0.497028,-109.165,-179.6025,-8.2775
5313,2991331,1.93736,-0.726144,-0.397964,-98.84001,-166.425,-10.99
5314,2991428,2.041792,-0.707844,-0.271816,-79.345,-155.295,-8.26
5315,2991525,2.059848,-0.7747001,-0.07076001,-55.475,-146.3175,-1.785
5316,2991623,1.997384,-0.6980841,0.09735601,-41.0025,-137.375,4.5675
5317,2991720,1.903688,-0.499956,0.2257,-31.885,-125.7375,9.625
5318,2991818,1.856596,-0.322324,0.295972,-17.6925,-110.7225,13.1775
5319,2991915,1.81902,-0.19642,0.326228,-3.08,-94.60501,13.6325
5320,2992012,1.720932,-0.093696,0.362584,6.4925,-80.7625,9.275
5321,2992110,1.587952,-0.043432,0.38552,11.0075,-66.0625,0.315
5322,2992207,1.50914,-0.030988,0.369904,10.6925,-48.265,-10.7975
5323,2992305,1.439844,-0.06954,0.352336,8.085,-30.205,-20.8425
5324,2992402,1.336144,-0.194712,0.36844,4.1825,-12.635,-27.1075
5325,2992499,0.985516,-0.20008,0.279136,-5.81,6.2475,-30.17
5326,2992597,1.062376,0.059536,-0.021716,-4.165,22.3125,-38.2725
5327,2992694,0.8357,-0.518744,-0.228384,30.6775,38.7275,-27.685
5328,2992792,-0.884012,-0.063196,-2.04716,30.8525,27.5975,-29.2075
5329,2992889,-1.830244,-1.628456,-4.070408,87.6575,3.2725,-6.3175
5330,2992986,-1.766804,-2.925804,-0.68564,108.4825,16.205,23.0825
5331,2993084,1.102392,-0.77592,0.409432,-141.9075,100.205,13.23
5332,2993181,2.722796,1.358104,-1.097512,-161.175,155.2075,10.0975
5333,2993279,2.567856,2.567612,-2.864804,-76.09001,80.115,5.5125
5334,2993376,0.332572,0.60146,-0.7517641,38.395,-40.0575,-14.875
5335,2993473,-0.099308,-1.166564,-0.300364,91.42,-41.4225,-1.8725
5336,2993571,0.461404,-1.11752,-1.089948,11.41,22.7325,-12.5125
5337,2993668,0.360876,-0.256688,-0.8271601,-23.66,0.6475,-21.4375
5338,2993766,0.60268,0.31476,-0.9882001,-52.43,3.9025,-35.2975
5339,2993863,0.682224,-0.012688,-0.985516,-34.4575,-0.0175,-33.8625
5340,2993960,0.465552,-0.11956,-0.82472,-30.31,-11.3925,-29.47
5341,2994058,0.423584,0.165188,-0.8296,-37.59,-11.2875,-27.5625
5342,2994155,0.467992,0.326228,-0.837652,-33.8625,-6.615,-25.165
5343,2994252,0.434564,0.26718,-0.85034,-18.0775,-5.74,-20.1425
5344,2994350,0.404064,0.160796,-0.854244,-6.1075,-5.1625,-15.05
5345,2994447,0.429196,0.09540401,-0.8549761,0.07,-3.64,-11.2525
5346,2994545,0.45628,0.05587601,-0.891576,2.31,-2.205,-9.485
5347,2994642,0.460428,0.03294,-0.886452,3.255,-3.815,-8.365
5348,2994739,0.473604,0.032452,-0.878888,2.24,-4.41,-7.735
5349,2994837,0.43188,0.055388,-0.8718121,2.0475,-4.48,-6.93
5350,2994934,0.489952,0.027572,-0.892796,2.6075,-2.8175,-6.1075
5351,2995032,0.502884,-0.004392,-0.891088,2.765,-2.765,-5.3725
5352,2995129,0.471896,0.030256,-0.8847441,1.0325,-4.4975,-4.9525
5353,2995226,0.492392,0.007808001,-0.8957241,0.455,-4.7425,-5.145
5354,2995324,0.437248,-0.011224,-0.8893801,0.3325,-6.685,-5.5125
5355,2995421,0.420412,0.039284,-0.8888921,-2.135,-7.455,-5.775
5356,2995519,0.496296,0.030988,-0.8769361,-2.2925,-6.5975,-5.5475
5357,2995616,0.476288,0.052216,-0.882304,-2.7125,-7.2625,-5.0575
5358,2995713,0.467016,0.041724,-0.889868,-1.6975,-7.35,-4.7775
5359,2995811,0.487268,0.067344,-0.876204,-1.9775,-7.0175,-4.55
5360,2995908,0.468724,0.081984,-0.8845,-1.3825,-7.0875,-3.6575
5361,2996005,0.473116,0.063196,-0.87352,1.1025,-7.4025,-2.52
5362,2996103,0.488488,0.05734,-0.874984,1.6975,-6.9125,-1.6975
5363,2996200,0.491904,0.05636401,-0.87352,1.575,-6.7725,-1.4875
5364,2996298,0.502152,0.03416,-0.8808401,1.54,-6.335,-1.785
5365,2996395,0.490928,0.052948,-0.8786441,0.4725,-6.405,-2.4325
5366,2996492,0.484584,0.040748,-0.885964,-0.105,-6.3875,-2.905
5367,2996590,0.488,0.040016,-0.888648,-0.945,-6.195,-3.22
5368,2996687,0.482632,0.030256,-0.887916,-2.345,-6.7025,-3.5525
5369,2996784,0.497272,0.014396,-0.9037761,-3.7625,-7.2625,-4.1475
5370,2996882,0.50142,0.014396,-0.898408,-6.5275,-8.5925,-5.1625
5371,2996979,0.497516,0.022204,-0.898652,-9.4675,-10.0975,-6.7025
5372,2997077,0.506544,-0.005368,-0.904996,-11.7425,-11.445,-8.2775
5373,2997174,0.489952,0.02562,-0.898164,-15.33,-12.9325,-10.2375
5374,2997271,0.416996,0.053436,-0.876692,-17.255,-14.245,-11.5675
5375,2997369,0.3904,0.092964,-0.8662001,-16.625,-13.825,-11.8475
5376,2997466,0.45872,0.085156,-0.883036,-14.5425,-11.5325,-11.4275
5377,2997564,0.422608,0.09711201,-0.85888,-13.65,-11.935,-11.0775
5378,2997661,0.427,0.120292,-0.859368,-12.04,-10.99,-9.905
5379,2997758,0.4392,0.111752,-0.860344,-8.9775,-9.45,-8.2775
5380,2997856,0.416264,0.12444,-0.858636,-6.44,-8.6625,-7.07
5381,2997953,0.435784,0.120048,-0.873276,-3.4825,-7.49,-5.7225
5382,2998051,0.441884,0.128588,-0.8662001,-1.5225,-6.6325,-3.99
5383,2998148,0.4392,0.133956,-0.856196,0.455,-6.1425,-2.3625
5384,2998245,0.437004,0.131028,-0.85644,3.4125,-5.18,-0.735
5385,2998343,0.463844,0.09906401,-0.8764481,6.5975,-3.9725,0.805
5386,2998440,0.488732,0.077836,-0.887672,7.9625,-4.165,1.995
5387,2998538,0.464576,0.06270801,-0.881816,7.5075,-5.3725,2.625
5388,2998635,0.477996,0.064904,-0.8967,6.755,-6.1775,2.8
5389,2998732,0.476776,0.06124401,-0.8903561,6.44,-6.3875,2.6775
5390,2998830,0.42578,0.032452,-0.889136,6.825,-7.4725,2.135
5391,2998927,0.403332,0.04148,-0.87474,6.9125,-7.2625,0.7175
5392,2999025,0.365512,0.104676,-0.854488,5.985,-6.335,-0.4025
5393,2999122,0.354532,0.120292,-0.864736,8.855,-3.6225,-0.9275
5394,2999219,0.399672,0.09613601,-0.875228,12.04,-0.6125,-0.6125
5395,2999317,0.434564,0.121024,-0.872788,12.845,0.5075,0.595
5396,2999414,0.449448,0.090036,-0.884988,14.8925,0.9275,2.065
5397,2999512,0.448228,0.082472,-0.8671761,15.7675,0.315,3.57
5398,2999609,0.458964,0.080764,-0.871568,16.065,0.4025,4.5675
5399,2999706,0.4553041,0.045384,-0.884012,17.5175,0.63,4.935
5400,2999804,0.4636,0.040016,-0.89426,16.52,0.595,4.55
5401,2999901,0.43432,0.046116,-0.887916,15.3475,-0.07,3.9375
5402,2999999,0.454084,0.033916,-0.897188,14.875,-0.2625,3.3775
5403,3000096,0.482388,0.0061,-0.9059721,13.51,-0.9625,2.94
5404,3000193,0.47824,0.019764,-0.890112,10.1325,-2.0475,2.52
5405,3000291,0.451888,0.058316,-0.880352,8.0675,-2.8875,1.96
5406,3000388,0.425292,0.05246,-0.873032,9.66,-3.01,1.3825
5407,3000485,0.414068,0.06588,-0.874984,10.955,-2.38,0.98
5408,3000583,0.419436,0.072712,-0.8725441,12.6525,-1.3825,1.0675
5409,3000680,0.413092,0.077348,-0.861808,14.6125,-0.5075,1.4175
5410,3000778,0.41236,0.07832401,-0.8676641,17.29,0.5775,2.1
5411,3000875,0.454084,0.038064,-0.8935281,19.985,1.855,3.045
5412,3000972,0.475312,0.02074,-0.8874281,19.3725,2.03,3.6925
5413,3001070,0.47702,0.025864,-0.8866961,17.57,1.26,3.9375
5414,3001167,0.48922,0.007320001,-0.888648,16.7125,0.455,4.165
5415,3001265,0.489464,0.011224,-0.88816,15.1725,-0.77,4.445
5416,3001362,0.472384,0.026108,-0.881572,14.0,-1.96,4.5675
5417,3001459,0.468968,0.02806,-0.884012,14.0525,-2.275,4.4625
5418,3001557,0.45384,0.015128,-0.883036,14.5425,-2.03,4.375
5419,3001654,0.4392,0.026108,-0.8827921,14.21,-1.925,4.4275
5420,3001752,0.463356,0.007564001,-0.8820601,14.63,-1.4525,4.725
5421,3001849,0.462624,0.011468,-0.879864,13.7725,-1.47,4.76
5422,3001946,0.458476,0.0122,-0.876204,13.3,-1.7325,4.6025
5423,3002044,0.45384,0.004392,-0.883036,13.4225,-1.61,4.5675
5424,3002141,0.445056,-0.006588,-0.8862081,12.6525,-1.5575,4.2175
5425,3002238,0.449692,0.008784,-0.8784,10.675,-1.19,3.885
5426,3002336,0.4453,-0.008540001,-0.888648,9.9225,-0.805,4.025
5427,3002433,0.440908,0.023912,-0.8791321,8.435,-0.77,4.4975
5428,3002530,0.462624,0.016836,-0.869372,7.805,-0.6475,5.3725
5429,3002628,0.442616,0.000732,-0.87962,7.8225,-1.54,6.545
5430,3002725,0.456036,-0.005612,-0.883768,6.58,-2.1525,7.8225
5431,3002823,0.46726,0.017568,-0.8769361,5.9325,-2.59,9.0475
5432,3002920,0.49898,-0.010004,-0.8866961,6.7025,-2.975,10.36
5433,3003017,0.472628,-0.006832001,-0.889136,7.5775,-3.7975,10.885
5434,3003115,0.461892,0.003416,-0.8810841,7.7525,-4.375,11.55
5435,3003212,0.491904,-0.005368,-0.8791321,8.785,-4.725,12.7575
5436,3003310,0.49532,-0.01098,-0.8740081,10.325,-5.495,13.37
5437,3003407,0.49532,-0.029524,-0.8713241,10.5,-6.16,13.16
5438,3003504,0.484096,-0.020984,-0.881816,10.5875,-6.5275,12.53
5439,3003602,0.590236,-0.119072,-0.87352,10.4825,-5.6,11.725
5440,3003699,0.477264,-0.016836,-0.9120721,8.4,-3.8675,9.0125
5441,3003797,0.480436,-0.007564001,-0.896212,6.7725,-1.12,7.5075
5442,3003894,0.458476,-0.019764,-0.905484,6.6325,2.5375,7.8575
5443,3003991,0.4594521,-0.030256,-0.917928,5.8625,7.175,8.4525
5444,3004089,0.429684,-0.031476,-0.93086,4.69,13.1075,9.1175
5445,3004186,0.444812,0.013664,-0.9989361,2.0475,22.435,11.48
5446,3004283,0.397476,-0.09272,-0.9669721,8.12,33.145,13.545
5447,3004381,0.422364,-0.111264,-0.9530641,5.6175,47.915,10.675
5448,3004478,0.430172,-0.116632,-0.951844,5.39,63.07,5.0225
5449,3004576,0.427488,-0.13176,-0.962092,6.65,78.55751,-1.26
5450,3004673,0.41846,-0.114924,-0.9679481,7.875,95.2525,-8.33
5451,3004770,0.42822,-0.100528,-0.9562361,10.465,111.9475,-14.7875
5452,3004868,0.440176,-0.091256,-0.9547721,14.0175,129.08,-19.5825
5453,3004965,0.454572,-0.069296,-0.9586761,16.66,146.335,-23.03
5454,3005063,0.457012,-0.037576,-0.9669721,19.67,163.7825,-24.9725
5455,3005160,0.4636,0.012444,-0.99308,23.2925,182.245,-25.235
5456,3005258,0.490928,0.066124,-1.0187,30.2575,201.8275,-22.925
5457,3005355,0.487756,0.125172,-1.03578,39.34,222.11,-16.905
5458,3005452,0.498004,0.15128,-1.013576,49.9975,242.5675,-7.56
5459,3005550,0.54412,0.163236,-1.022604,61.1625,264.18,3.57
5460,3005647,0.566812,0.1769,-1.037488,72.73,288.9075,15.7675
5461,3005744,0.589016,0.187148,-1.073844,84.03501,317.2575,26.6875
5462,3005842,0.743712,0.163724,-1.109224,98.805,346.745,36.0325
5463,3005939,0.852536,-0.033184,-1.00406,118.3,371.07,43.435
5464,3006037,1.186572,-0.443592,-0.879376,133.3325,386.085,42.14
5465,3006134,1.731668,-0.296948,-0.936472,105.21,387.975,25.9525
5466,3006231,1.865136,-0.254004,-1.100928,100.6775,362.4775,25.3575
5467,3006329,1.824144,-0.121756,-1.175104,126.1575,318.78,37.3975
5468,3006426,1.621868,0.005368,-1.27246,143.185,269.395,45.2725
5469,3006524,1.236104,-0.01708,-1.148996,162.855,219.2575,48.8075
5470,3006621,0.86864,0.14518,-0.89182,162.33,181.1425,41.65
5471,3006718,0.386984,0.169092,-0.6790521,157.5,138.3725,33.7225
5472,3006816,1.5616,-0.8857201,-1.982012,130.5675,59.9725,36.6625
5473,3006913,0.4453,-0.314028,-2.069608,33.075,-20.265,33.5125
5474,3007011,0.119072,0.68198,-1.36884,-73.6925,-116.3225,3.08
5475,3007108,-0.040748,0.9228081,-1.066768,-47.145,-139.16,2.5725
5476,3007205,-0.07832401,0.7666481,-0.845704,16.135,-144.2875,0.595
5477,3007303,0.077836,0.392352,-0.797636,60.0425,-141.575,-0.105
5478,3007400,0.17202,0.128588,-0.812032,62.5975,-147.3675,-2.3975
5479,3007498,0.238388,0.044896,-0.849852,36.4525,-159.95,-5.9325
5480,3007595,0.290848,0.08784,-0.884988,5.4075,-176.19,-6.44
5481,3007692,0.33672,0.132492,-0.881328,-15.575,-192.605,-2.24
5482,3007790,0.371612,0.11346,-0.843264,-25.7075,-207.8825,5.8625
5483,3007887,0.405772,0.065148,-0.79056,-33.145,-220.8325,14.175
5484,3007985,0.4514,-0.013176,-0.74176,-43.3825,-231.0525,20.02
5485,3008082,0.488488,-0.056852,-0.6954,-58.975,-239.435,23.2225
5486,3008179,0.5267961,-0.0671,-0.659776,-76.825,-245.49,25.1125
5487,3008277,0.570716,-0.071004,-0.637816,-92.2075,-248.7275,27.195
5488,3008374,0.605852,-0.135176,-0.6231761,-103.6,-249.4975,30.0125
5489,3008472,0.641232,-0.219844,-0.613904,-115.2375,-246.9775,32.0775
5490,3008569,0.7320001,-0.26596,-0.64416,-129.7625,-239.9775,33.7575
5491,3008666,0.792512,-0.24034,-0.6695361,-143.6225,-231.07,35.1225
5492,3008764,0.898408,-0.207156,-0.70394,-152.8625,-220.64,34.93
5493,3008861,1.015284,-0.199592,-0.764696,-154.5075,-208.915,30.2575
5494,3008959,1.244644,-0.23058,-0.887184,-152.8975,-198.5025,23.7825
5495,3009056,1.48474,-0.319884,-0.982588,-150.22,-195.51,16.1175
5496,3009153,1.668716,-0.461404,-0.95648,-148.785,-201.7225,6.8775
5497,3009251,1.698728,-0.66246,-0.74542,-151.55,-210.91,-2.38
5498,3009348,1.64456,-0.746152,-0.504592,-161.4025,-211.5925,-9.3975
5499,3009446,1.711416,-0.7232161,-0.397964,-169.26,-197.1375,-10.5525
5500,3009543,1.879776,-0.719556,-0.391864,-159.8625,-176.7325,-5.04
5501,3009640,2.022516,-0.7747001,-0.36112,-137.7775,-162.4,3.255
5502,3009738,2.055944,-0.8601,-0.229848,-113.82,-155.4875,10.5
5503,3009835,2.019832,-0.786656,-0.112728,-98.035,-150.01,14.77
5504,3009933,1.972008,-0.661728,-0.023912,-82.2325,-142.38,16.975
5505,3010030,1.933212,-0.591212,0.08052,-60.83,-134.225,15.82
5506,3010127,1.76778,-0.5785241,0.294996,-40.6525,-125.475,10.8675
5507,3010225,1.673596,-0.538508,0.4697,-27.615,-108.255,4.165
5508,3010322,1.576728,-0.53436,0.62586,-18.06,-83.1425,1.4875
5509,3010420,1.586488,-0.254248,0.614148,-11.1475,-51.8525,3.3425
5510,3010517,1.744356,-0.230824,0.607072,22.0675,-15.0325,9.135
5511,3010614,1.45302,-0.377224,0.266204,66.2725,17.7625,13.125
5512,3010712,1.255624,-0.945744,-0.411628,79.9225,25.6725,5.7925
5513,3010809,-0.64294,-0.420412,-1.3481,47.3725,21.98,-10.2725
5514,3010907,-1.702632,-0.023424,-3.283996,24.2375,42.9975,-20.0375
5515,3011004,-0.127124,-1.321992,-1.068476,73.8325,79.5375,17.43
5516,3011101,1.380552,-1.014308,-0.035868,18.34,101.395,34.755
5517,3011199,1.620404,0.081496,-1.354932,-48.6675,108.9725,18.8475
5518,3011296,1.148508,0.54168,-1.835124,-46.375,75.3725,7.245
5519,3011393,0.8601,0.615124,-1.13948,-13.58,28.35,-2.6425
5520,3011491,0.510936,0.117852,-0.847412,21.6825,11.97,-10.115
5521,3011588,0.348188,-0.324276,-0.93086,24.01,12.3725,-14.1225
5522,3011686,0.4087,-0.321592,-0.871568,11.655,14.42,-15.5575
5523,3011783,0.50386,0.15738,-0.873276,-12.81,13.51,-21.455
5524,3011880,0.54778,0.443836,-0.876204,-10.6225,12.1275,-20.3175
5525,3011978,0.499712,0.360388,-0.8576601,10.185,11.0775,-11.7075
5526,3012075,0.386496,0.17934,-0.773724,32.445,10.57,-0.7175
5527,3012173,0.498248,0.205692,-0.805932,47.5475,17.045,9.4675
5528,3012270,0.515084,0.232044,-0.8317961,61.355,20.895,18.2525
5529,3012367,0.412604,0.161528,-0.8003201,79.765,18.9,26.915
5530,3012465,0.549244,-0.224724,-1.05896,96.65251,19.95,35.63
5531,3012562,0.693692,-0.637816,-1.016504,76.2825,10.9025,35.1575
5532,3012660,0.5267961,-0.07856801,-0.868152,28.945,-5.845,27.0025
5533,3012757,0.650992,-0.076616,-0.9552601,18.165,-3.01,21.6125
5534,3012854,0.4575,-0.192028,-0.860588,23.0125,-10.6225,19.1975
5535,3012952,0.515328,-0.048312,-0.896212,14.35,-6.44,16.7825
5536,3013049,0.519232,-0.091744,-0.865956,12.355,-5.985,15.1375
5537,3013147,0.525332,-0.143716,-0.843264,11.235,-6.2475,12.7225
5538,3013244,0.502152,-0.094672,-0.8481441,4.9875,-5.3025,9.03
5539,3013341,0.493124,-0.116388,-0.83814,4.06,-6.51,6.23
5540,3013439,0.487268,-0.110532,-0.850584,3.3425,-8.295,3.465
5541,3013536,0.494344,-0.110532,-0.859368,1.505,-9.38,0.7875
5542,3013634,0.486536,-0.116632,-0.853756,0.1225,-11.095,-1.995
5543,3013731,0.495564,-0.096868,-0.8596121,-1.6975,-12.2325,-4.62
5544,3013828,0.487756,-0.07978801,-0.86864,-2.0475,-12.005,-5.775
5545,3013926,0.50386,-0.07076001,-0.860588,-1.8375,-11.0425,-6.37
5546,3014023,0.487024,-0.06539201,-0.859368,-2.3975,-11.165,-7.0875
5547,3014121,0.482388,-0.071248,-0.8759601,-3.955,-11.76,-8.33
5548,3014218,0.50386,-0.057096,-0.869616,-3.5,-11.2,-8.225
5549,3014315,0.510692,-0.036844,-0.878156,-1.33,-9.3975,-5.775
5550,3014413,0.50874,-0.041968,-0.871568,1.26,-8.4,-3.64
5551,3014510,0.50752,-0.047336,-0.8725441,1.295,-7.6125,-2.4325
5552,3014608,0.505324,-0.04392,-0.870592,1.645,-6.9125,-1.6275
5553,3014705,0.486048,-0.071736,-0.86864,2.345,-6.65,-1.3125
5554,3014802,0.477996,-0.07686,-0.8725441,2.1525,-6.335,-1.785
5555,3014900,0.470188,-0.07417601,-0.873764,1.505,-5.8275,-2.695
5556,3014997,0.47214,-0.080276,-0.868152,0.805,-5.355,-3.78
5557,3015095,0.46116,-0.073688,-0.88328,-1.1375,-4.9875,-4.8825
5558,3015192,0.465308,-0.090036,-0.8786441,-3.5525,-5.1625,-6.3175
5559,3015289,0.490928,-0.09247601,-0.887672,-8.54,-4.9525,-8.2075
5560,3015387,0.496296,-0.091256,-0.879864,-13.3525,-6.1425,-9.66
5561,3015484,0.488,-0.05929201,-0.872788,-16.0475,-6.6325,-10.465
5562,3015581,0.489464,-0.048556,-0.874252,-16.3625,-6.72,-10.4825
5563,3015679,0.492636,-0.057096,-0.863516,-14.945,-6.86,-10.08
5564,3015776,0.488244,-0.036844,-0.8725441,-14.2975,-7.7,-9.905
5565,3015874,0.483364,-0.030012,-0.8671761,-12.985,-7.665,-9.415
5566,3015971,0.488976,-0.021716,-0.868396,-11.5325,-7.5425,-8.6975
5567,3016068,0.487756,-0.030256,-0.873032,-10.0975,-7.5775,-7.9275
5568,3016166,0.488732,-0.016836,-0.860344,-9.5375,-7.4375,-7.4725
5569,3016263,0.47702,-0.005124001,-0.8642481,-8.8025,-7.525,-7.07
5570,3016361,0.482876,-0.003904,-0.8610761,-6.965,-7.245,-6.3525
5571,3016458,0.477752,-0.007564001,-0.863516,-5.46,-7.035,-5.6
5572,3016555,0.480436,-0.010248,-0.8652241,-4.235,-6.895,-5.005
5573,3016653,0.478728,-0.007564001,-0.8642481,-3.4125,-6.685,-4.4975
5574,3016750,0.485072,-0.0183,-0.8723001,-2.205,-6.545,-4.095
5575,3016847,0.483608,-0.019032,-0.866932,-1.82,-6.195,-3.85
5576,3016945,0.472872,-0.02196,-0.8723001,-1.855,-6.055,-3.9725
5577,3017042,0.473604,-0.025376,-0.8718121,-1.3825,-5.985,-4.0075
5578,3017140,0.47214,-0.02074,-0.870592,-1.295,-5.88,-4.0425
5579,3017237,0.47458,-0.010248,-0.86498,-1.05,-5.6525,-3.9725
5580,3017334,0.475312,-0.010248,-0.86742,-0.315,-5.425,-3.64
5581,3017432,0.470432,-0.01708,-0.88328,0.42,-5.3025,-3.3425
5582,3017529,0.480192,-0.0122,-0.8723001,0.35,-4.9,-3.2375
5583,3017627,0.4819,-0.009272001,-0.866688,0.0525,-4.7425,-3.15
5584,3017724,0.476044,-0.010248,-0.868884,0.6125,-4.69,-2.8175
5585,3017821,0.480192,-0.006832001,-0.8723001,1.4175,-4.7075,-2.5025
5586,3017919,0.482876,-0.004148001,-0.866444,2.1175,-4.9,-2.0475
5587,3018016,0.482876,-0.007808001,-0.86864,3.045,-5.3375,-1.47
5588,3018114,0.486536,-0.007320001,-0.865956,3.815,-5.495,-0.98
5589,3018211,0.480924,-0.01342,-0.866932,4.375,-5.7225,-0.7525
5590,3018309,0.482876,-0.017324,-0.864736,4.6025,-5.705,-0.49
5591,3018406,0.47702,-0.020008,-0.8708361,4.76,-5.8625,-0.525
5592,3018503,0.475556,-0.016592,-0.875716,5.005,-5.705,-0.56
5593,3018601,0.482144,-0.019276,-0.872788,5.0225,-5.285,-0.49
5594,3018698,0.481656,-0.022692,-0.865956,5.0925,-5.04,-0.4725
5595,3018796,0.469456,-0.026108,-0.873276,5.145,-5.0925,-0.525
5596,3018893,0.460916,-0.022692,-0.875228,5.18,-5.18,-0.595
5597,3018990,0.4636,-0.022448,-0.8769361,5.0575,-5.075,-0.6475
5598,3019088,0.46482,-0.023424,-0.880352,5.285,-4.9525,-0.595
5599,3019185,0.46848,-0.012444,-0.877668,5.39,-4.865,-0.5775
5600,3019282,0.477264,-0.021716,-0.872788,5.88,-4.9175,-0.315
5601,3019380,0.47458,-0.024888,-0.872788,6.1425,-5.0925,-0.105
5602,3019477,0.480192,-0.023424,-0.869616,6.09,-5.25,-0.0175
5603,3019575,0.476288,-0.027328,-0.8723001,6.0375,-5.495,0.14
5604,3019672,0.477264,-0.031232,-0.872788,6.055,-5.635,0.1575
5605,3019769,0.474824,-0.030012,-0.874984,5.81,-5.67,0.28
5606,3019867,0.47092,-0.032452,-0.8784,5.775,-5.6525,0.1575
5607,3019964,0.470432,-0.026352,-0.879864,5.4775,-5.4075,0.105
5608,3020062,0.467748,-0.024156,-0.8805961,5.565,-5.1275,0.2275
5609,3020159,0.479704,-0.02928,-0.87352,5.635,-4.7075,0.525
5610,3020256,0.478972,-0.031964,-0.8708361,5.67,-4.445,0.9625
5611,3020354,0.479216,-0.03294,-0.870104,5.635,-4.4975,1.0675
5612,3020451,0.474092,-0.035868,-0.870104,5.4775,-4.3925,1.1375
5613,3020549,0.468236,-0.035136,-0.8784,5.075,-3.99,0.98
5614,3020646,0.463356,-0.031476,-0.8874281,4.7775,-3.15,0.875
5615,3020743,0.466528,-0.02074,-0.8842561,4.41,-1.75,0.8925
5616,3020841,0.471652,-0.022204,-0.875228,4.305,-0.315,1.3125
5617,3020938,0.47824,-0.025864,-0.87962,4.5325,0.7175,1.9775
5618,3021036,0.486292,-0.025864,-0.8764481,5.0925,1.7675,2.555
5619,3021133,0.491416,0.005124001,-0.87352,5.6525,2.66,3.01
5620,3021230,0.483608,0.012444,-0.8827921,6.72,3.57,4.795
5621,3021328,0.483852,-0.004148001,-0.883036,8.75,4.8475,7.735
5622,3021425,0.476776,0.003416,-0.895236,10.57,6.79,10.1675
5623,3021523,0.472872,0.01586,-0.91378,12.4775,9.9925,12.4425
5624,3021620,0.470432,0.01708,-0.917928,14.3325,15.0325,14.98
5625,3021717,0.455792,-0.031232,-0.930616,15.645,21.8225,17.465
5626,3021815,0.435052,-0.087352,-0.9635561,16.4325,30.8,18.515
5627,3021912,0.406504,-0.126636,-0.9403761,15.8025,42.91,16.8875
5628,3022010,0.437492,-0.126148,-0.96868,12.4775,58.905,12.88
5629,3022107,0.431636,-0.119804,-0.9630681,14.665,74.4625,9.1525
5630,3022204,0.434564,-0.101504,-0.9696561,15.96,91.6475,4.5675
5631,3022302,0.441884,-0.064904,-0.988444,20.7375,109.865,-0.035
5632,3022399,0.463844,-0.062952,-0.978684,27.7375,128.2925,-3.99
5633,3022497,0.468724,-0.0244,-0.99186,34.37,147.2275,-6.2125
5634,3022594,0.482876,0.003416,-1.0126,42.91,166.635,-6.23
5635,3022691,0.498736,0.023668,-1.014308,53.9525,186.865,-3.85
5636,3022789,0.494588,0.050264,-1.038708,64.9775,207.725,1.785
5637,3022886,0.540948,0.09735601,-1.042856,76.93,229.3025,11.0075
5638,3022984,0.5743761,0.126392,-1.03456,90.79,249.97,24.2725
5639,3023081,0.527772,0.113704,-1.003328,105.245,269.255,40.3025
5640,3023178,0.5612,0.09272,-0.9398881,116.8475,291.69,56.0875
5641,3023276,0.676124,0.09613601,-0.9403761,124.3375,315.805,69.37
5642,3023373,0.83692,0.049288,-1.001376,134.89,334.8975,81.865
5643,3023471,1.176324,-0.251076,-0.8744961,145.39,344.435,90.58001
5644,3023568,1.455948,-0.42334,-0.833992,148.4525,342.7025,88.2175
5645,3023665,1.707512,-0.640744,-0.9650201,149.52,329.7,82.915
5646,3023763,1.77998,-0.535824,-0.9386681,133.805,295.26,70.9625
5647,3023860,1.680672,-0.33062,-1.02236,96.28501,251.2475,51.835
5648,3023958,1.290516,-0.301584,-0.81862,82.8975,204.015,41.5275
5649,3024055,0.84912,-0.212036,-0.6771,55.3875,168.6125,25.76
5650,3024152,0.630008,0.008052001,-0.50142,38.7275,135.5375,13.3525
5651,3024250,0.8874281,-0.023424,-1.213656,46.6375,96.6,13.1775
5652,3024347,1.048712,0.214964,-1.93614,3.185,41.5625,-11.7425
5653,3024445,0.471652,0.6075601,-1.324432,-2.59,-67.1475,-32.025
5654,3024542,0.17446,0.671488,-0.9418401,18.375,-103.3025,-45.675
5655,3024639,0.045384,0.50508,-0.692472,57.9775,-120.47,-53.305
5656,3024737,0.059048,0.260348,-0.596092,80.71,-121.9925,-59.6575
5657,3024834,0.110288,0.11834,-0.5846241,78.62751,-124.0225,-66.53501
5658,3024931,0.1464,0.07198,-0.611464,64.33,-128.6775,-70.665
5659,3025029,0.190076,0.0793,-0.644404,49.7,-134.68,-69.0375
5660,3025126,0.220088,0.07417601,-0.666852,41.16,-141.8375,-61.81
5661,3025224,0.255712,0.032208,-0.6771,36.7325,-149.2575,-50.8725
5662,3025321,0.298656,-0.02928,-0.687592,31.255,-157.29,-38.675
5663,3025418,0.351116,-0.077348,-0.692228,21.49,-165.9175,-27.3525
5664,3025516,0.415532,-0.109556,-0.708088,8.015,-174.72,-17.7625
5665,3025613,0.494832,-0.130784,-0.7224841,-6.72,-183.75,-9.38
5666,3025711,0.543144,-0.13664,-0.715652,-21.9975,-193.97,-1.925
5667,3025808,0.5690081,-0.13298,-0.684908,-35.5775,-204.3125,4.375
5668,3025905,0.582428,-0.13176,-0.644404,-48.1075,-211.8375,8.54
5669,3026003,0.60634,-0.116632,-0.6158561,-59.535,-215.18,10.2025
5670,3026100,0.674172,-0.110044,-0.616344,-68.355,-213.6925,9.8175
5671,3026197,0.739076,-0.133468,-0.623908,-74.6375,-208.81,7.455
5672,3026295,0.85888,-0.155184,-0.6790521,-82.18,-201.705,3.92
5673,3026392,1.004304,-0.171776,-0.749812,-90.00251,-195.685,0.595
5674,3026490,1.127524,-0.196664,-0.8113001,-96.25,-192.8325,-1.5225
5675,3026587,1.244156,-0.216672,-0.865468,-100.5375,-190.925,-2.275
5676,3026685,1.325896,-0.254248,-0.8784,-103.4075,-190.12,-2.0125
5677,3026782,1.368352,-0.299144,-0.846436,-106.8375,-188.65,-1.925
5678,3026879,1.426668,-0.325008,-0.831552,-113.19,-183.435,-0.945
5679,3026977,1.52134,-0.350384,-0.8244761,-121.52,-176.12,0.315
5680,3027074,1.583072,-0.383568,-0.792512,-129.5,-169.3475,-0.665
5681,3027172,1.606252,-0.434076,-0.7266321,-138.0225,-162.8375,-3.2725
5682,3027269,1.650416,-0.4514,-0.6497721,-146.72,-154.245,-7.105
5683,3027366,1.706292,-0.430172,-0.610244,-149.87,-144.6725,-10.36
5684,3027464,1.67262,-0.452376,-0.529724,-139.9475,-136.85,-11.8475
5685,3027561,1.608692,-0.51118,-0.427244,-122.78,-127.225,-11.655
5686,3027659,1.570628,-0.544608,-0.355508,-105.2625,-113.995,-8.5575
5687,3027756,1.526952,-0.508984,-0.328668,-90.405,-99.41751,-2.6775
5688,3027853,1.475712,-0.444324,-0.316224,-75.6875,-86.3625,5.6
5689,3027951,1.390068,-0.371612,-0.287188,-61.985,-75.775,14.1575
5690,3028048,1.29076,-0.298412,-0.264008,-53.83,-66.0975,20.44
5691,3028146,1.202188,-0.194468,-0.257908,-52.22,-56.6475,22.785
5692,3028243,1.131672,-0.123708,-0.26718,-51.695,-47.6,22.365
5693,3028341,1.0797,-0.08759601,-0.28426,-50.8725,-39.165,20.0725
5694,3028438,0.999668,-0.06661201,-0.30134,-50.1725,-32.2525,15.575
5695,3028535,0.912316,-0.038064,-0.329156,-48.0375,-25.935,8.6975
5696,3028633,0.830576,-0.016104,-0.362828,-41.9125,-18.9175,0.63
5697,3028730,0.772504,-0.010492,-0.409432,-31.92,-11.725,-7.42
5698,3028828,0.718092,-0.033428,-0.453108,-19.3025,-5.3375,-14.98
5699,3028925,0.6832,-0.06344,-0.485072,-7.7875,0.07,-22.6275
5700,3029022,0.66368,-0.083936,-0.50874,1.3825,4.8825,-29.96
5701,3029120,0.635376,-0.110288,-0.52582,9.17,9.1875,-36.2075
5702,3029217,0.615612,-0.12078,-0.5355801,15.47,13.51,-40.88
5703,3029315,0.5934081,-0.135176,-0.55022,20.7725,17.7625,-43.5225
5704,3029412,0.579256,-0.14396,-0.559248,25.06,21.525,-44.5725
5705,3029510,0.57828,-0.149572,-0.5785241,28.14,24.9725,-44.66
5706,3029607,0.6117081,-0.15128,-0.607316,30.0825,27.79,-44.275
5707,3029704,0.6368401,-0.14274,-0.6224441,31.2375,28.4725,-44.1
5708,3029802,0.639524,-0.143228,-0.61854,32.515,27.3875,-44.31
5709,3029899,0.652456,-0.156648,-0.599508,33.8275,26.915,-44.625
5710,3029997,0.663192,-0.179584,-0.579988,34.44,27.37,-44.38
5711,3030094,0.694912,-0.203252,-0.567788,34.545,28.6125,-43.4525
5712,3030191,0.735904,-0.22936,-0.562908,34.8775,30.17,-41.3
5713,3030289,0.753228,-0.244,-0.5551,35.9275,31.325,-37.625
5714,3030386,0.77348,-0.262788,-0.556564,37.3975,32.8125,-32.3225
5715,3030484,0.8030041,-0.28304,-0.56364,38.4475,34.65,-25.8825
5716,3030581,0.831064,-0.29036,-0.574132,37.0475,35.805,-19.18
5717,3030678,0.8652241,-0.265472,-0.586576,33.04,36.4525,-13.16
5718,3030776,0.887672,-0.21472,-0.590724,28.2275,36.505,-7.8575
5719,3030873,0.9633121,0.9696561,-1.157048,30.765,33.1275,-3.08
5720,3030971,1.217316,1.55062,-2.190144,127.225,7.9625,19.635
5721,3031068,-0.392108,-1.42862,-2.254316,269.7625,-58.6425,61.425
5722,3031166,-1.655052,-0.606584,-3.471144,93.1175,-98.77,11.2875
5723,3031263,-2.073268,-1.42252,-0.8147161,18.41,-82.1975,8.9075
5724,3031360,0.2684,0.197884,-0.33794,-34.4575,14.28,15.89
5725,3031458,3.038776,0.671488,-1.321504,-50.68,92.6625,-6.895
5726,3031555,0.5397281,-0.23058,-0.665144,15.085,-22.0325,0.7525
5727,3031653,0.062464,-0.3111,-0.950868,9.1875,-31.4825,3.325
5728,3031750,0.491416,0.012444,-0.859368,-3.99,-3.1675,0.3675
5729,3031847,0.590236,0.243268,-0.730536,-6.93,-6.825,0.5775
5730,3031945,0.35258,0.301096,-0.748836,0.5775,-14.035,2.17
5731,3032043,0.340868,0.133468,-0.8261841,15.9425,-11.375,6.2825
5732,3032140,0.45994,-0.021228,-0.873764,22.33,-7.28,9.8175
5733,3032237,0.488244,-0.227408,-0.8805961,20.5275,-8.015,9.6775
5734,3032335,0.45384,-0.134688,-0.8095921,8.9075,-8.785,6.4575
5735,3032432,0.4984921,0.028792,-0.8845,3.8325,-6.3,4.1475
5736,3032529,0.467504,-0.126392,-0.849852,7.6125,-4.8475,1.96
5737,3032627,0.475312,-0.163968,-0.8801081,5.495,-6.23,-1.33
5738,3032724,0.515572,-0.106628,-0.8725441,-0.5775,-7.0875,-5.775
5739,3032822,0.473848,-0.103456,-0.9059721,-3.6575,-9.0825,-8.925
5740,3032919,0.45628,-0.139812,-0.873032,-5.67,-10.3425,-11.69
5741,3033016,0.488732,-0.055388,-0.8913321,-12.6175,-8.995,-14.8925
5742,3033114,0.51362,0.007076001,-0.883036,-17.325,-8.155,-16.625
5743,3033211,0.5185,0.031232,-0.8652241,-17.57,-8.33,-16.2225
5744,3033309,0.50508,0.049044,-0.861808,-16.135,-8.33,-14.735
5745,3033406,0.50142,0.054656,-0.854,-13.7375,-8.5225,-12.915
5746,3033503,0.476288,0.07222401,-0.8596121,-10.7625,-9.3625,-10.255
5747,3033601,0.471408,0.045628,-0.873032,-6.65,-9.6075,-7.14
5748,3033698,0.506056,0.030988,-0.8698601,-3.85,-9.17,-4.5675
5749,3033796,0.4984921,0.030988,-0.87108,-2.345,-9.03,-2.975
5750,3033893,0.491416,0.02562,-0.880352,-0.35,-8.7325,-1.8375
5751,3033991,0.48434,0.014884,-0.8827921,0.8225,-8.1725,-1.225
5752,3034088,0.491416,0.00488,-0.873032,1.33,-7.7875,-1.19
5753,3034185,0.49044,0.003904,-0.8759601,1.3475,-7.525,-1.54
5754,3034283,0.489952,-0.00366,-0.8744961,1.5225,-6.9475,-2.0475
5755,3034380,0.477264,-0.004148001,-0.877912,1.5225,-6.4225,-2.5725
5756,3034478,0.496296,-0.008296001,-0.876692,1.435,-5.7225,-2.905
5757,3034575,0.497028,-0.011956,-0.873276,0.98,-5.39,-3.29
5758,3034672,0.493124,-0.010248,-0.8874281,0.21,-5.1275,-3.71
5759,3034770,0.482388,-0.016592,-0.8723001,-0.245,-5.1275,-4.2
5760,3034867,0.473604,-0.003416,-0.8703481,-1.3475,-5.0575,-4.6725
5761,3034965,0.482876,0.006832001,-0.868396,-1.365,-4.9875,-4.83
5762,3035062,0.47458,0.019032,-0.8642481,-1.19,-5.075,-4.7075
5763,3035160,0.472384,0.014152,-0.868152,-0.315,-5.3375,-4.165
5764,3035257,0.482632,0.019032,-0.8703481,0.245,-5.18,-3.605
5765,3035354,0.466284,0.031232,-0.8615641,2.0125,-5.5125,-2.38
5766,3035452,0.482388,0.030744,-0.860832,5.7575,-5.6525,-0.1575
5767,3035549,0.482876,0.049044,-0.866444,8.96,-6.2125,1.75
5768,3035647,0.481656,0.030012,-0.8723001,10.5875,-6.755,2.8
5769,3035744,0.465064,0.019032,-0.8769361,11.0425,-6.7725,3.1325
5770,3035841,0.48312,0.012932,-0.868396,10.5525,-6.4575,2.975
5771,3035939,0.470188,-0.005124001,-0.878888,9.94,-6.65,2.73
5772,3036036,0.46604,-0.020252,-0.876692,8.995,-6.825,2.0125
5773,3036134,0.46604,-0.018544,-0.87352,7.2275,-6.4575,0.9975
5774,3036231,0.46116,-0.01586,-0.872056,5.915,-6.5625,0.07
5775,3036328,0.454328,-0.016104,-0.874252,4.655,-6.5975,-0.525
5776,3036426,0.463844,-0.005124001,-0.8725441,3.7275,-6.405,-0.8575
5777,3036523,0.469212,0.003172,-0.872788,3.535,-6.58,-0.735
5778,3036620,0.480436,0.005368,-0.868884,4.69,-7.07,0.0
5779,3036718,0.474824,0.010248,-0.866932,5.5825,-7.455,0.805
5780,3036815,0.45872,0.006832001,-0.871568,6.125,-7.9275,1.2425
5781,3036913,0.454084,0.005612,-0.8759601,6.1425,-8.015,1.54
5782,3037010,0.458964,-0.001708,-0.8801081,5.6,-8.05,1.61
5783,3037107,0.454816,-0.010004,-0.8847441,5.0575,-8.19,1.5225
5784,3037205,0.464332,-0.007320001,-0.8866961,4.13,-8.19,1.4175
5785,3037302,0.48678,-0.009028001,-0.8827921,3.395,-8.0325,1.1725
5786,3037400,0.494832,-0.018056,-0.881816,2.7475,-8.1375,0.91
5787,3037497,0.5016641,-0.022448,-0.873764,2.625,-8.155,0.7
5788,3037594,0.49044,-0.016348,-0.870104,2.38,-8.155,0.49
5789,3037692,0.482388,-0.018788,-0.8764481,1.925,-8.085,0.07
5790,3037789,0.479216,-0.012932,-0.8805961,1.645,-7.4725,-0.49
5791,3037886,0.465064,-0.016592,-0.882304,1.26,-7.0875,-1.0675
5792,3037984,0.4636,-0.013664,-0.882304,0.4025,-6.44,-1.5575
5793,3038081,0.47092,-0.0183,-0.878888,-0.105,-5.7925,-1.9075
5794,3038179,0.468724,-0.0183,-0.87474,-0.4375,-5.67,-2.1175
5795,3038276,0.468236,-0.01708,-0.875472,-0.7875,-5.5475,-2.345
5796,3038373,0.46726,-0.007808001,-0.8801081,-0.91,-5.39,-2.5375
5797,3038471,0.472872,-0.005368,-0.8769361,-0.7875,-5.4075,-2.3625
5798,3038568,0.471164,0.000976,-0.8718121,-0.28,-5.88,-2.03
5799,3038666,0.4636,0.001952,-0.8744961,0.3325,-6.2825,-1.505
5800,3038763,0.466772,0.009028001,-0.875716,0.91,-6.65,-0.8400001
5801,3038860,0.465308,-0.006588,-0.879864,1.4175,-6.755,-0.2625
5802,3038958,0.454328,-0.006588,-0.88328,1.2425,-6.6325,-0.14
5803,3039055,0.46238,-0.005124001,-0.88328,1.3475,-6.055,0.0525
5804,3039153,0.460672,-0.009272001,-0.888404,1.7675,-5.3375,0.455
5805,3039250,0.459696,-0.009028001,-0.890112,2.7125,-4.4275,0.9275
5806,3039348,0.470676,0.004392,-0.8820601,4.165,-3.675,1.5575
5807,3039445,0.475068,0.003904,-0.87718,5.32,-3.08,2.38
5808,3039542,0.475556,0.002196,-0.876204,6.2825,-2.94,3.325
5809,3039640,0.475556,0.005612,-0.873276,7.035,-3.1675,4.27
5810,3039737,0.473848,0.009028001,-0.882304,7.525,-3.8675,5.11
5811,3039835,0.47336,0.0061,-0.868152,7.9275,-4.13,5.915
5812,3039932,0.46726,0.009516001,-0.874984,7.805,-3.955,6.3525
5813,3040029,0.465064,-0.009272001,-0.897188,7.5075,-2.7125,6.4225
5814,3040127,0.447984,0.024644,-0.91378,6.335,0.4375,5.5125
5815,3040224,0.451644,0.05636401,-0.9293961,5.285,5.7925,5.7225
5816,3040322,0.43554,0.027816,-0.94306,5.5125,13.055,8.5925
5817,3040419,0.410896,-0.013908,-0.9823441,5.0925,22.96,11.34
5818,3040516,0.3904,-0.042212,-1.032852,5.145,37.2925,11.62
5819,3040614,0.311832,-0.160308,-0.970632,7.1575,55.6325,9.2925
5820,3040711,0.390156,-0.113948,-1.027972,0.455,80.7625,2.9225
5821,3040809,0.351116,-0.168116,-1.019432,2.625,104.23,-4.27
5822,3040906,0.360144,-0.172752,-1.018212,3.4125,131.2675,-14.7875
5823,3041003,0.357948,-0.091744,-1.05164,6.055,159.4425,-25.2875
5824,3041101,0.38186,-0.044164,-1.047248,11.9175,187.8975,-32.55
5825,3041198,0.40626,0.00122,-1.06018,21.1925,214.27,-35.6475
5826,3041296,0.430172,0.093696,-1.069452,30.7125,236.8975,-34.44
5827,3041393,0.444324,0.143472,-1.080432,41.895,257.6,-27.86
5828,3041490,0.459696,0.208864,-1.084824,54.1975,277.0425,-16.765
5829,3041588,0.50752,0.240096,-1.040904,68.0225,297.8675,-2.0475
5830,3041685,0.522404,0.19764,-0.99186,83.1425,320.04,13.545
5831,3041783,0.57706,0.170068,-1.033096,95.3575,346.1675,25.6025
5832,3041880,0.746152,0.08418,-1.151924,110.6175,373.5375,32.69
5833,3041978,1.177056,-0.157868,-1.04432,120.225,395.01,32.48
5834,3042075,1.29076,-0.575596,-0.720532,132.195,400.9075,25.55
5835,3042172,1.67872,-0.272548,-0.9289081,103.11,393.2425,7.84
5836,3042270,1.889048,-0.284992,-1.179252,107.3275,365.0675,3.8675
5837,3042367,1.85684,-0.192028,-1.370548,119.0,316.715,5.145
5838,3042465,1.546472,-0.06466001,-1.297348,126.5425,259.91,4.4975
5839,3042562,1.173396,-0.121756,-1.224636,134.82,208.88,3.2025
5840,3042659,0.659776,-0.012688,-0.9567241,116.83,160.7025,-6.895
5841,3042757,0.276696,0.036844,-1.203164,104.2475,102.9525,-13.1075
5842,3042854,2.0374,-0.9943001,-2.93288,83.37001,24.4475,11.655
5843,3042952,-0.066124,-0.417484,-1.89466,13.9125,-85.75,26.565
5844,3043049,-0.346968,0.729316,-1.502064,-81.5675,-171.045,-0.0525
5845,3043146,-0.456036,0.951844,-1.11996,-41.5275,-177.87,5.8275
5846,3043244,-0.395036,0.648796,-0.993812,37.1,-173.6175,14.2625
5847,3043341,-0.210084,0.274988,-0.9994241,73.8675,-170.1875,18.8825
5848,3043439,-0.101016,0.08466801,-0.9860041,65.205,-180.5825,16.8
5849,3043536,-0.059536,0.044896,-0.9562361,32.2,-197.3825,12.425
5850,3043633,-0.034648,0.149816,-0.9059721,-4.13,-212.765,8.855
5851,3043731,-0.001952,0.219112,-0.8532681,-27.3875,-223.5625,8.365
5852,3043828,0.082472,0.188856,-0.8169121,-37.3975,-228.9875,11.1125
5853,3043926,0.212524,0.101992,-0.8378961,-44.9575,-231.385,14.525
5854,3044023,0.39284,-0.028548,-0.881816,-56.4375,-234.675,17.255
5855,3044120,0.552904,-0.131516,-0.915244,-75.0925,-241.78,17.9375
5856,3044218,0.6649,-0.174216,-0.921832,-98.5775,-251.685,16.8875
5857,3044315,0.75274,-0.136152,-0.9250041,-120.0325,-259.665,14.595
5858,3044413,0.8230121,-0.087352,-0.936472,-131.145,-263.1475,12.6875
5859,3044510,0.9037761,-0.08954801,-0.932324,-131.7575,-261.695,12.3025
5860,3044607,1.083116,-0.130296,-0.957456,-128.3625,-254.3975,13.4925
5861,3044705,1.239276,-0.196908,-1.039196,-121.415,-246.9075,15.365
5862,3044802,1.458388,-0.214964,-1.163636,-119.5775,-241.5525,15.855
5863,3044900,1.646512,-0.089792,-1.179984,-119.7175,-242.655,11.165
5864,3044997,1.706048,0.121024,-1.058228,-112.0875,-247.8875,0.3675
5865,3045095,1.803892,0.186172,-0.8493641,-90.66751,-245.42,-16.0475
5866,3045192,1.931504,-0.07564,-0.67588,-62.545,-233.485,-35.035
5867,3045289,2.120116,-0.266204,-0.641232,-55.5975,-217.7,-53.62
5868,3045387,2.297504,-0.252052,-0.5838921,-61.075,-206.1675,-68.3375
5869,3045484,2.44732,-0.300608,-0.482632,-56.5425,-199.2025,-73.185
5870,3045582,2.420724,-0.340136,-0.273768,-43.2425,-195.125,-69.02
5871,3045679,2.312876,-0.451888,0.03416,-27.3175,-188.1075,-59.2375
5872,3045776,2.246752,-0.562908,0.320128,-18.69,-171.6225,-48.5625
5873,3045874,2.122068,-0.514596,0.557296,-18.9875,-147.7175,-35.9975
5874,3045971,2.234796,-0.476532,0.7766521,-12.25,-115.535,-16.625
5875,3046069,2.216008,-0.4819,0.884988,-8.3475,-79.555,6.3175
5876,3046166,2.22406,-0.366,0.887916,-13.125,-50.61,21.2975
5877,3046263,2.116944,-0.091988,0.9623361,-11.9175,-22.2775,27.0725
5878,3046361,1.85196,0.294508,0.912804,12.915,10.0275,16.975
5879,3046458,0.9250041,0.341844,-0.375272,65.0125,37.6425,-10.8675
5880,3046556,-0.488488,-1.405928,-1.751188,128.8875,43.3825,-23.5725
5881,3046653,-0.907192,-1.707756,-1.339804,79.765,52.815,-40.32
5882,3046750,0.650992,-1.350296,-0.6612401,-7.07,112.91,-14.6125
5883,3046848,1.411784,-0.856196,-0.9381801,-28.6125,130.1475,30.7825
5884,3046945,0.947696,0.329888,-1.48108,-68.67,102.305,32.76
5885,3047043,0.7407841,0.926224,-1.118984,-72.7125,74.9,9.45
5886,3047140,0.717848,0.489464,-0.9864921,-43.4875,63.0175,-10.01
5887,3047237,0.864736,0.720532,-1.579168,-31.325,57.89,-23.24
5888,3047335,0.868152,-0.144204,-0.9869801,18.34,35.945,-12.74
5889,3047432,0.64538,0.220576,-0.92964,9.7475,11.5675,-13.4225
5890,3047530,0.541436,0.232532,-0.9042641,8.5925,12.1975,-10.9025
5891,3047627,0.495076,0.09028,-0.87474,16.695,10.99,-6.3
5892,3047724,0.5777921,-0.015128,-0.913536,21.5425,10.8325,-3.22
5893,3047822,0.58316,0.098088,-0.89182,16.8175,9.275,-1.995
5894,3047919,0.486536,0.236192,-0.877424,18.41,4.9525,0.945
5895,3048017,0.468968,0.09345201,-0.87962,26.18,5.4425,3.955
5896,3048114,0.5172801,-0.108336,-0.9098761,29.6975,5.39,4.55
5897,3048211,0.521916,-0.18666,-0.974048,20.93,3.1325,0.7175
5898,3048309,0.531188,-0.257664,-0.924028,8.3125,-1.6975,-5.8975
5899,3048406,0.504348,-0.13908,-0.899872,-7.14,-5.425,-11.655
5900,3048504,0.506544,-0.094672,-0.921588,-16.87,-7.0525,-15.47
5901,3048601,0.525576,-0.138348,-0.9042641,-23.065,-9.03,-19.2675
5902,3048698,0.50142,-0.028792,-0.8769361,-32.62,-11.8825,-23.0825
5903,3048796,0.491904,0.122488,-0.868884,-37.905,-13.02,-24.9025
5904,3048893,0.4984921,0.162504,-0.862784,-34.4225,-12.8975,-23.6425
5905,3048990,0.472384,0.157624,-0.8461921,-28.49,-13.3175,-20.7375
5906,3049088,0.433588,0.170068,-0.849852,-23.2225,-13.0375,-17.7275
5907,3049185,0.414556,0.14884,-0.851804,-17.3075,-11.76,-14.7875
5908,3049283,0.435296,0.13176,-0.86132,-11.8825,-9.9925,-12.46
5909,3049380,0.438224,0.15128,-0.840336,-8.4,-8.8725,-10.2375
5910,3049477,0.422852,0.17568,-0.836676,-4.1125,-7.77,-7.49
5911,3049575,0.436028,0.171288,-0.828624,2.24,-5.67,-4.2525
5912,3049672,0.462136,0.17812,-0.833504,8.1375,-3.4125,-1.0325
5913,3049770,0.45872,0.111508,-0.854732,14.07,-1.715,1.6975
5914,3049867,0.495076,0.06880801,-0.873276,17.2725,-0.63,2.9925
5915,3049964,0.471652,0.072468,-0.870104,16.3625,-0.9275,3.0975
5916,3050062,0.482876,0.07490801,-0.87718,16.03,-1.26,3.0625
5917,3050159,0.492392,0.070516,-0.872056,15.89,-0.91,3.01
5918,3050257,0.46848,0.06344,-0.878156,15.68,-1.68,2.8525
5919,3050354,0.456036,0.049776,-0.883768,15.7325,-1.855,2.8875
5920,3050451,0.460184,0.054412,-0.883524,14.98,-1.925,2.7475
5921,3050549,0.474092,0.056852,-0.8852321,14.3325,-1.855,2.5725
5922,3050646,0.470676,0.061488,-0.872056,13.8075,-2.5725,2.625
5923,3050743,0.47458,0.07076001,-0.868396,14.105,-2.8525,2.9575
5924,3050841,0.482632,0.062464,-0.869372,14.875,-2.625,3.43
5925,3050938,0.485072,0.07198,-0.864736,14.9975,-2.6075,3.955
5926,3051036,0.495076,0.038796,-0.865468,15.61,-2.31,4.515
5927,3051133,0.489708,0.026108,-0.8791321,13.3875,-2.1525,4.3575
5928,3051230,0.492148,0.046116,-0.875472,9.905,-2.7125,3.78
5929,3051328,0.479948,0.048068,-0.8652241,9.625,-3.465,3.8325
5930,3051425,0.483852,0.05734,-0.8591241,10.3425,-3.92,4.515
5931,3051522,0.473848,0.049288,-0.863028,12.32,-3.9375,5.5475
5932,3051620,0.470432,0.060512,-0.8657121,14.07,-4.2,6.4925
5933,3051717,0.466528,0.04514,-0.8713241,15.2075,-4.48,7.4725
5934,3051815,0.47092,0.063196,-0.8725441,15.3475,-5.32,8.47
5935,3051912,0.493612,0.040504,-0.8698601,15.05,-5.9675,9.45
5936,3052009,0.49532,0.027084,-0.870592,13.6325,-6.5975,9.38
5937,3052107,0.491416,0.014152,-0.877668,12.0575,-7.105,8.715
5938,3052204,0.48068,-0.016836,-0.8903561,11.0775,-7.7175,7.7175
5939,3052302,0.47824,-0.021228,-0.884988,9.5375,-8.1725,6.195
5940,3052399,0.481168,-0.01098,-0.883768,8.2775,-8.26,4.6025
5941,3052496,0.462624,-0.00244,-0.8852321,7.5425,-8.4525,3.6225
5942,3052594,0.4636,0.023424,-0.884012,7.3325,-8.435,3.255
5943,3052691,0.469456,0.029036,-0.8805961,8.5225,-8.925,4.2175
5944,3052789,0.469212,0.031476,-0.872056,9.7825,-10.045,5.9325
5945,3052886,0.472628,0.06222,-0.866932,10.6575,-11.62,7.84
5946,3052983,0.492148,0.02562,-0.86864,12.5125,-12.915,9.345
5947,3053081,0.481412,0.044652,-0.862296,13.79,-13.895,9.765
5948,3053178,0.486536,0.008296001,-0.8723001,13.72,-13.8075,9.415
5949,3053276,0.433588,-0.028304,-0.892064,14.245,-13.7025,8.12
5950,3053373,0.453352,-0.040992,-0.8930401,12.0925,-12.2675,6.2125
5951,3053470,0.471652,-0.061732,-0.879864,11.7075,-11.0775,4.8475
5952,3053568,0.467748,-0.0549,-0.8810841,9.4325,-10.3075,3.255
5953,3053665,0.468236,-0.024888,-0.881816,7.7525,-9.205,2.1
5954,3053763,0.463112,-0.006344,-0.8852321,6.8775,-8.645,1.47
5955,3053860,0.453108,0.00122,-0.8805961,6.51,-8.75,1.2775
5956,3053957,0.447984,0.022936,-0.8827921,6.37,-8.855,1.3475
5957,3054055,0.44408,0.00366,-0.884988,6.545,-9.275,1.7325
5958,3054152,0.453352,0.013176,-0.892796,5.985,-9.135,1.9075
5959,3054250,0.463112,-0.003904,-0.8827921,5.9675,-9.065,2.555
5960,3054347,0.46604,-0.010736,-0.882548,6.6675,-8.995,3.15
5961,3054444,0.474092,-0.0183,-0.878156,6.9125,-8.9075,3.4475
5962,3054542,0.454084,-0.014396,-0.878888,6.4225,-8.435,3.5175
5963,3054639,0.446276,-0.0122,-0.8810841,5.635,-7.7525,3.08
5964,3054737,0.444324,-0.02074,-0.8862081,4.3225,-6.65,2.485
5965,3054834,0.451644,-0.014884,-0.879864,2.9925,-5.2675,1.7675
5966,3054932,0.437004,-0.026596,-0.8845,1.68,-4.06,1.2075
5967,3055029,0.433832,-0.02318,-0.9018241,0.6125,-2.24,0.5775
5968,3055126,0.429684,0.010492,-0.920612,-0.1925,0.385,0.0525
5969,3055224,0.466772,0.048312,-0.9079241,-0.63,4.3925,0.2625
5970,3055321,0.5307,0.010492,-0.848388,0.42,7.21,2.1
5971,3055419,0.426024,-0.010004,-0.9247601,0.1575,9.1175,3.745
5972,3055516,0.443836,0.012932,-0.9437921,-0.805,13.4225,4.5675
5973,3055613,0.43554,0.049044,-0.9777081,-0.63,21.14,6.1775
5974,3055711,0.427244,-0.011468,-0.9779521,2.415,32.83,9.2225
5975,3055808,0.405284,-0.134688,-0.9972281,5.985,46.7075,9.345
5976,3055906,0.354288,-0.14884,-0.94062,6.895,63.4025,3.4475
5977,3056003,0.407236,-0.133712,-0.9864921,-1.54,84.6125,-5.67
5978,3056101,0.3843,-0.110044,-0.9845401,3.2025,102.62,-13.125
5979,3056198,0.409188,-0.092964,-0.976,2.52,123.62,-21.14
5980,3056295,0.433832,-0.020984,-0.9696561,5.775,143.29,-26.7225
5981,3056393,0.452376,0.05929201,-0.9967401,8.89,163.6425,-28.84
5982,3056490,0.476044,0.128588,-1.01382,16.52,182.945,-26.1975
5983,3056588,0.488976,0.185196,-1.049932,25.6375,203.0875,-18.83
5984,3056685,0.491904,0.2196,-1.07482,37.38,225.0675,-6.895
5985,3056782,0.492636,0.235704,-1.105076,49.665,249.62,8.0675
5986,3056880,0.49776,0.264496,-1.149728,63.5075,275.2575,25.0775
5987,3056977,0.548512,0.282796,-1.186816,79.7475,302.6975,43.61
5988,3057075,0.662948,0.2257,-1.150216,98.875,328.93,61.5475
5989,3057172,0.879864,0.16348,-1.197064,112.4025,352.7475,74.7425
5990,3057270,1.001864,-0.0305,-1.064572,127.9775,368.2,84.01751
5991,3057367,1.142652,-0.35502,-0.780312,135.3625,378.0,81.88251
5992,3057464,1.45424,-0.47702,-0.98942,104.4225,375.3225,62.3175
5993,3057562,1.436428,-0.235704,-1.017968,78.8025,351.6625,44.4675
5994,3057659,1.406904,-0.248148,-1.07116,75.28501,323.295,39.585
5995,3057757,1.244888,-0.160552,-1.166808,89.39,288.505,43.33
5996,3057854,1.001132,0.07832401,-1.243668,99.05001,256.27,47.145
5997,3057951,0.647332,0.202764,-0.9720961,117.6875,225.68,52.5
5998,3058049,0.604144,0.326228,-0.841312,135.5025,197.0675,52.92
5999,3058146,0.8327721,-0.322324,-0.9145121,146.125,142.59,50.1725
6000,3058244,1.526464,-1.24318,-2.66204,65.625,70.245,53.7075
6001,3058341,0.334768,0.351604,-1.734108,-63.0,-74.5325,8.2425
6002,3058438,0.055632,1.02724,-1.397632,-108.57,-139.2825,-14.6825
6003,3058536,-0.233264,1.00406,-1.006012,-41.3,-165.0775,-12.355
6004,3058633,-0.208864,0.727608,-0.8261841,21.105,-161.9275,-18.06
6005,3058730,0.004636001,0.345504,-0.8344801,51.94,-157.675,-21.6125
6006,3058828,0.101992,0.060024,-0.856196,43.68,-165.4625,-25.5325
6007,3058925,0.156404,0.042212,-0.881816,8.505,-180.7575,-29.1375
6008,3059023,0.182756,0.09540401,-0.8769361,-25.725,-197.1725,-27.8425
6009,3059120,0.23424,0.134688,-0.875228,-46.1125,-211.05,-21.665
6010,3059218,0.338184,0.07978801,-0.8874281,-54.845,-221.9875,-12.775
6011,3059315,0.446764,-0.028548,-0.8906,-61.7225,-232.715,-4.0425
6012,3059412,0.537288,-0.131272,-0.879864,-73.5875,-244.09,1.96
6013,3059510,0.608048,-0.18178,-0.86498,-91.2275,-254.485,3.815
6014,3059607,0.656848,-0.17568,-0.854244,-109.1825,-262.045,1.6975
6015,3059705,0.721508,-0.172752,-0.851804,-120.785,-266.035,-2.1525
6016,3059802,0.785924,-0.228384,-0.852048,-125.37,-266.805,-7.1225
6017,3059899,0.8676641,-0.302072,-0.86132,-126.1925,-264.915,-13.5275
6018,3059997,0.9455,-0.369416,-0.875228,-126.1225,-260.435,-19.355
6019,3060094,1.05652,-0.400404,-0.8893801,-125.7025,-253.33,-23.9925
6020,3060192,1.139724,-0.376492,-0.91744,-118.4225,-245.98,-29.75
6021,3060289,1.388116,-0.323788,-1.035292,-103.32,-236.4425,-34.4925
6022,3060386,1.643584,-0.382836,-1.09678,-76.825,-233.275,-39.025
6023,3060484,1.810968,-0.524112,-1.018456,-50.05,-239.05,-45.5525
6024,3060581,1.804624,-0.644892,-0.8637601,-34.335,-244.895,-52.36
6025,3060679,1.8361,-0.64904,-0.7747001,-31.0275,-241.3075,-56.21
6026,3060776,1.946144,-0.70394,-0.7176041,-27.0725,-231.035,-53.5325
6027,3060874,2.084492,-0.8317961,-0.619272,-23.1525,-219.9925,-43.995
6028,3060971,2.171112,-0.881816,-0.429928,-28.105,-210.8225,-30.3275
6029,3061068,2.222596,-0.780556,-0.162016,-40.355,-200.69,-16.4325
6030,3061166,2.226744,-0.698816,0.192516,-46.1475,-187.5825,-1.0325
6031,3061263,2.165012,-0.5926761,0.560224,-47.11,-168.805,12.7925
6032,3061361,2.145492,-0.380396,0.790804,-47.4775,-140.0,24.78
6033,3061458,2.158668,-0.267912,0.8913321,-39.8125,-104.9475,40.3025
6034,3061555,2.192096,-0.239364,0.8908441,-33.32,-72.0825,56.0175
6035,3061653,2.168184,-0.202032,0.8810841,-37.52,-45.885,64.26
6036,3061750,1.964444,0.270596,0.843996,-42.8575,-24.7975,58.66
6037,3061848,1.796084,0.629032,0.71248,0.105,2.8175,39.1125
6038,3061945,0.8723001,0.105652,-0.662704,67.2,23.03,12.6
6039,3062042,-0.43188,-0.8759601,-2.16306,100.415,7.175,-13.0025
6040,3062140,-1.640656,-1.588684,-2.165744,69.1075,1.295,-42.385
6041,3062237,-0.654652,-1.407636,-0.33428,-20.0375,44.555,-45.255
6042,3062335,1.195112,-0.955748,-0.190564,-80.745,109.06,-0.3675
6043,3062432,1.385188,-0.641964,-1.45058,-62.7725,127.3125,45.92
6044,3062530,1.260992,0.57096,-1.789984,-105.6825,94.65751,33.95
6045,3062627,0.8703481,1.169004,-1.0004,-102.7775,48.1425,7.6125
6046,3062724,0.525088,0.941596,-0.838628,-60.13,35.525,-8.96
6047,3062822,0.382836,0.225212,-0.934276,-24.535,42.91,-21.14
6048,3062919,0.242536,-0.25376,-0.750544,-19.7225,41.475,-28.455
6049,3063017,0.2074,-0.349408,-0.7134561,-35.6475,45.8325,-25.2875
6050,3063114,0.2745,-0.04514,-0.7510321,-55.895,54.11,-20.0725
6051,3063211,0.776896,0.9089001,-1.530368,-57.7675,58.205,-14.56
6052,3063309,1.135332,0.9440361,-1.088484,-0.4725,39.935,-9.0825
6053,3063406,0.699548,0.246928,-0.807884,29.68,9.765,-5.4775
6054,3063504,0.530456,-0.172996,-0.9691681,48.9125,10.5175,3.5175
6055,3063601,0.447984,-0.072468,-0.820816,33.635,9.1,2.6075
6056,3063698,0.5838921,0.181048,-0.9232961,22.6975,11.585,1.785
6057,3063796,0.571692,0.027328,-0.911584,27.965,9.38,3.045
6058,3063893,0.543144,-0.12688,-0.9345201,27.51,5.46,2.9575
6059,3063990,0.583404,-0.128832,-0.9201241,15.7675,3.2025,-0.595
6060,3064088,0.55144,-0.031232,-0.921344,3.92,-0.0175,-4.9175
6061,3064185,0.493612,-0.06563601,-0.8949921,-2.205,-2.59,-8.2775
6062,3064283,0.469212,-0.09882,-0.881328,-8.1375,-3.7625,-11.4275
6063,3064380,0.46482,-0.039528,-0.8610761,-16.17,-4.3225,-14.4375
6064,3064477,0.476776,0.138104,-0.8493641,-21.42,-4.7425,-15.505
6065,3064575,0.44774,0.203252,-0.822036,-17.01,-5.11,-13.7725
6066,3064672,0.471896,0.166408,-0.852536,-8.855,-3.395,-11.1125
6067,3064770,0.441884,0.12932,-0.837408,-3.2025,-2.7125,-8.82
6068,3064867,0.422608,0.159332,-0.8357,0.35,-1.9075,-6.7025
6069,3064964,0.4941,0.10614,-0.8786441,5.3025,0.6825,-4.6025
6070,3065062,0.48068,0.08296,-0.8549761,8.1025,0.1575,-3.395
6071,3065159,0.462624,0.12078,-0.858392,8.47,-0.5775,-2.0825
6072,3065257,0.491172,0.09735601,-0.866932,10.955,0.07,-0.735
6073,3065354,0.513864,0.068076,-0.8866961,12.2675,-0.3675,0.4375
6074,3065451,0.5214281,0.069784,-0.873032,11.7075,-1.33,1.1375
6075,3065549,0.516304,0.08808401,-0.875228,10.675,-2.3275,1.7325
6076,3065646,0.485804,0.088328,-0.8601,11.83,-3.5175,2.625
6077,3065744,0.489464,0.107848,-0.8508281,13.9825,-3.57,4.0075
6078,3065841,0.48922,0.091988,-0.853024,18.0075,-3.1675,5.565
6079,3065938,0.492148,0.07515201,-0.860588,20.895,-3.045,6.65
6080,3066036,0.48068,0.067832,-0.8652241,21.5425,-3.15,6.9125
6081,3066133,0.456036,0.060024,-0.866932,21.385,-3.4125,6.6325
6082,3066231,0.479948,0.052704,-0.873276,20.825,-3.045,6.2825
6083,3066328,0.470676,0.028792,-0.8703481,19.3725,-4.0425,5.775
6084,3066426,0.475556,0.056608,-0.879864,16.31,-5.005,5.215
6085,3066523,0.49776,0.031964,-0.869616,14.665,-5.705,5.0925
6086,3066620,0.5077641,0.0366,-0.869372,11.7775,-6.6675,4.62
6087,3066718,0.496784,0.039284,-0.86742,9.66,-7.42,4.235
6088,3066815,0.496784,0.025132,-0.868152,8.5575,-7.77,3.955
6089,3066913,0.484584,0.031232,-0.8662001,7.7175,-8.015,3.9025
6090,3067010,0.483608,0.04148,-0.8679081,8.225,-8.12,4.305
6091,3067107,0.475312,0.033428,-0.8713241,9.3975,-8.575,5.11
6092,3067205,0.48068,0.039772,-0.86498,9.3975,-9.1175,6.1425
6093,3067302,0.47946,0.050752,-0.865956,8.855,-10.185,7.0175
6094,3067399,0.487756,0.063684,-0.8569281,8.89,-10.955,7.5075
6095,3067497,0.502152,0.015128,-0.8725441,9.5375,-10.7975,7.245
6096,3067594,0.493856,0.006588,-0.874252,9.7475,-10.4825,5.95
6097,3067692,0.499712,-0.00244,-0.873764,8.3125,-9.66,4.515
6098,3067789,0.490928,-0.001708,-0.87962,7.7875,-9.135,3.29
6099,3067886,0.4933681,-0.006344,-0.8801081,6.0025,-8.75,2.1
6100,3067984,0.49898,-0.0061,-0.873764,4.4975,-8.1025,0.9625
6101,3068081,0.487268,-0.003172,-0.8725441,2.94,-7.21,-0.105
6102,3068179,0.470676,0.008540001,-0.8805961,1.75,-6.8075,-0.9975
6103,3068276,0.479704,0.016836,-0.881816,1.1725,-6.0375,-1.6625
6104,3068374,0.482632,0.017812,-0.8759601,0.4025,-5.6,-2.0125
6105,3068471,0.48556,0.020496,-0.874984,-0.4725,-5.5125,-2.3625
6106,3068568,0.490196,0.027328,-0.871568,-1.05,-5.4425,-2.6075
6107,3068666,0.491172,0.028792,-0.8703481,-1.33,-5.6,-2.5375
6108,3068763,0.485804,0.02562,-0.8679081,-1.435,-5.8625,-2.45
6109,3068860,0.482144,0.022204,-0.865956,-1.1725,-6.0025,-2.3275
6110,3068958,0.47946,0.018544,-0.872056,-0.9275,-6.0375,-2.3625
6111,3069055,0.478728,0.024156,-0.871568,-0.8925,-5.81,-2.5375
6112,3069153,0.480924,0.02196,-0.8713241,-0.7175,-5.565,-2.8175
6113,3069250,0.4758,0.01952,-0.8725441,-0.49,-5.5125,-2.9225
6114,3069347,0.476044,0.026108,-0.872056,-0.4725,-5.2325,-3.01
6115,3069445,0.472872,0.0183,-0.868396,-0.175,-5.1625,-3.045
6116,3069542,0.480924,0.02196,-0.8676641,-0.07,-5.2675,-3.22
6117,3069640,0.479704,0.02562,-0.8652241,-0.1225,-5.285,-3.22
6118,3069737,0.471164,0.031232,-0.8703481,-0.105,-5.5125,-3.29
6119,3069834,0.46726,0.032208,-0.8725441,0.0,-5.53,-3.15
6120,3069932,0.464332,0.035624,-0.874252,0.0175,-5.4775,-2.9925
6121,3070029,0.462868,0.040504,-0.873276,0.1225,-5.1275,-2.8525
6122,3070127,0.464576,0.031964,-0.879864,0.245,-4.9,-2.52
6123,3070224,0.473848,0.034648,-0.87718,0.2975,-4.55,-2.2225
6124,3070321,0.478484,0.033916,-0.872788,0.0875,-4.2,-1.9775
6125,3070419,0.472384,0.032696,-0.8769361,0.14,-4.165,-1.7675
6126,3070516,0.485072,0.0366,-0.876204,0.35,-3.955,-1.61
6127,3070614,0.489952,0.032452,-0.8679081,0.665,-3.745,-1.365
6128,3070711,0.488244,0.033916,-0.865468,0.98,-4.0425,-1.05
6129,3070808,0.480924,0.036112,-0.8610761,1.19,-4.62,-0.77
6130,3070906,0.476288,0.02806,-0.86864,1.33,-4.9875,-0.7175
6131,3071003,0.4758,0.03294,-0.872788,1.12,-4.7775,-0.7
6132,3071101,0.468724,0.031232,-0.877424,0.91,-4.34,-0.595
6133,3071198,0.467504,0.030744,-0.875228,0.6825,-3.6225,-0.595
6134,3071296,0.475556,0.034404,-0.8759601,0.6125,-2.94,-0.5425
6135,3071393,0.481412,0.031232,-0.8652241,0.6825,-2.485,-0.4025
6136,3071490,0.48068,0.029768,-0.869128,0.805,-2.205,-0.2625
6137,3071588,0.482876,0.038064,-0.872788,1.225,-1.995,-0.0525
6138,3071685,0.4819,0.050264,-0.87352,1.855,-1.82,0.315
6139,3071782,0.481412,0.063684,-0.874252,2.9225,-1.8725,1.085
6140,3071880,0.471164,0.09638,-0.878888,4.2875,-1.855,2.31
6141,3071977,0.48434,0.121024,-0.877424,6.545,-1.33,4.8825
6142,3072075,0.49532,0.10858,-0.868396,9.765,-0.98,9.1175
6143,3072172,0.470188,0.086132,-0.884012,12.425,-0.735,13.2475
6144,3072269,0.478728,0.091744,-0.9001161,14.1575,2.4325,16.205
6145,3072367,0.477264,0.114436,-0.927932,15.715,7.6475,18.9525
6146,3072464,0.468724,0.055388,-0.9423281,17.815,14.735,22.4175
6147,3072562,0.412116,-0.03416,-0.9520881,17.7275,24.115,24.64
6148,3072659,0.433832,-0.095648,-0.9530641,14.8225,37.8525,22.4525
6149,3072756,0.432856,-0.088328,-0.967216,14.035,52.9025,17.0625
6150,3072854,0.430172,-0.10004,-0.953308,13.37,68.88,10.8325
6151,3072951,0.434076,-0.039772,-0.9828321,12.95,85.2075,4.6025
6152,3073049,0.450668,-0.050264,-0.945256,17.5525,101.4125,-0.9275
6153,3073146,0.468968,-0.006832001,-0.955504,20.615,117.9675,-5.7575
6154,3073243,0.470676,0.004636001,-0.9711201,25.165,134.7325,-8.61
6155,3073341,0.49776,0.028548,-0.94306,30.835,152.7925,-9.73
6156,3073438,0.49044,0.08564401,-1.0065,35.2275,172.6025,-8.505
6157,3073536,0.503616,0.07442,-0.994544,45.0625,192.7275,-3.9025
6158,3073633,0.528748,0.216184,-1.146556,53.025,216.37,3.2025
6159,3073730,0.489952,0.164944,-1.031876,72.5375,237.6675,16.345
6160,3073828,0.483852,0.13786,-1.031876,87.85,261.0475,30.9575
6161,3073925,0.47702,0.14518,-1.02602,93.9925,287.9625,43.9775
6162,3074022,0.465552,0.138592,-1.025044,104.2475,315.875,56.0875
6163,3074120,0.538996,0.083936,-0.9711201,112.035,345.6425,63.28
6164,3074217,0.703696,-0.029036,-0.950868,118.7025,373.555,66.0625
6165,3074315,0.997716,-0.257176,-0.8759601,117.39,395.57,61.7225
6166,3074412,1.359324,-0.59048,-0.635864,109.41,407.5925,48.51
6167,3074510,1.78852,-0.55632,-0.74542,90.0375,400.855,28.4025
6168,3074607,2.012512,-0.356484,-1.015528,65.9925,371.2625,14.7175
6169,3074704,1.772904,-0.307196,-0.967216,70.14,316.1375,18.7425
6170,3074802,1.513776,-0.147864,-0.964776,80.7275,266.595,26.915
6171,3074899,1.195356,-0.074664,-0.8810841,94.60501,229.4775,34.3175
6172,3074997,0.919636,-0.08808401,-0.759084,96.145,192.4475,28.1575
6173,3075094,0.36966,0.068564,-0.78934,92.61001,144.1825,19.7225
6174,3075191,2.11792,-0.6422081,-2.237724,63.735,79.065,18.6025
6175,3075289,0.345748,-0.079056,-1.541836,-6.685,-37.4675,11.9175
6176,3075386,0.221308,0.639524,-1.180228,-74.8475,-124.705,-16.24
6177,3075483,-0.106872,0.8637601,-0.777384,-40.53,-146.1775,-21.3325
6178,3075581,-0.127124,0.752008,-0.606584,23.5725,-143.3425,-23.3975
6179,3075678,-0.02928,0.438956,-0.5458281,76.93,-132.755,-22.365
6180,3075776,0.1159,0.167628,-0.585844,94.5525,-128.1525,-22.6625
6181,3075873,0.248636,0.053436,-0.679296,81.935,-131.7225,-25.2525
6182,3075970,0.360632,0.05587601,-0.7666481,57.4175,-141.5225,-25.0075
6183,3076068,0.42456,0.120048,-0.818376,35.7525,-155.47,-20.3875
6184,3076165,0.447496,0.152988,-0.8113001,23.3625,-169.925,-11.9175
6185,3076263,0.474824,0.164456,-0.78812,15.82,-182.385,-2.4675
6186,3076360,0.524112,0.13054,-0.783972,8.645,-192.605,5.0575
6187,3076457,0.609512,0.110044,-0.784704,-2.345,-202.615,8.995
6188,3076555,0.700768,0.117608,-0.80276,-16.6425,-213.57,10.29
6189,3076652,0.762744,0.106628,-0.809836,-28.7,-225.54,10.9725
6190,3076750,0.8100801,0.08100801,-0.7944641,-40.285,-237.44,10.5525
6191,3076847,0.839604,0.073932,-0.760792,-51.66,-247.1,9.59
6192,3076944,0.860344,0.049532,-0.7266321,-61.9325,-253.8025,9.8
6193,3077042,0.8708361,0.003416,-0.693692,-71.96,-256.2525,11.2175
6194,3077139,0.883768,-0.01342,-0.670512,-84.42,-253.785,12.8275
6195,3077237,0.92354,0.01708,-0.6771,-98.47251,-246.26,14.0
6196,3077334,0.97356,0.0488,-0.688812,-108.745,-234.7625,12.81
6197,3077431,1.051884,0.040504,-0.7237041,-114.205,-220.4825,9.1525
6198,3077529,1.254892,-0.022692,-0.8591241,-117.9675,-204.505,2.0475
6199,3077626,1.507676,-0.134444,-1.031388,-121.695,-195.8075,-5.4425
6200,3077724,1.68848,-0.27328,-1.08824,-128.415,-200.1125,-12.285
6201,3077821,1.69824,-0.428952,-0.9947881,-137.7425,-212.2225,-19.1975
6202,3077918,1.636996,-0.515816,-0.857172,-151.8825,-219.625,-27.44
6203,3078016,1.610156,-0.514352,-0.731756,-163.52,-216.685,-35.6475
6204,3078113,1.682624,-0.514352,-0.652944,-163.8875,-203.7875,-41.2125
6205,3078211,1.825852,-0.613416,-0.5843801,-150.9375,-187.46,-42.035
6206,3078308,1.93492,-0.812276,-0.461404,-134.0325,-174.23,-37.59
6207,3078405,2.003728,-0.8466801,-0.366976,-127.12,-164.92,-29.82
6208,3078503,1.987624,-0.772748,-0.251564,-120.155,-159.11,-18.0425
6209,3078600,1.911008,-0.696132,-0.09028,-103.18,-153.86,-0.8225
6210,3078698,1.839028,-0.591456,0.05612,-80.745,-144.4975,20.0025
6211,3078795,1.761436,-0.564616,0.194956,-58.555,-131.46,41.09
6212,3078893,1.640168,-0.485316,0.324764,-47.2675,-117.495,55.965
6213,3078990,1.455704,-0.342088,0.5124001,-46.235,-100.415,61.915
6214,3079087,1.261968,-0.2013,0.684176,-47.6175,-74.69,62.335
6215,3079185,1.262212,-0.104188,0.6980841,-47.845,-36.5925,58.31
6216,3079282,1.385188,0.112728,0.485316,-44.1,1.715,48.615
6217,3079379,1.421056,0.261568,0.364536,-14.175,26.11,31.3075
6218,3079477,1.44082,0.06222,0.020252,41.3525,41.265,12.7225
6219,3079574,1.08092,-0.441152,-0.177876,90.055,36.225,-14.4725
6220,3079672,0.350628,-0.625372,-0.678808,86.13501,32.3575,-47.88
6221,3079769,-1.469368,-0.23546,-2.611532,63.4375,25.095,-69.66751
6222,3079866,-1.984452,-0.470676,-4.012824,78.505,43.8375,-40.5125
6223,3079964,0.302072,-2.53394,-0.09516001,126.5775,75.915,44.8
6224,3080061,1.857328,-0.291824,0.208376,20.7375,97.0375,69.1075
6225,3080159,2.6108,2.541504,-2.675948,-47.81,113.5225,15.155
6226,3080256,1.019432,0.339892,-1.227808,72.24,9.8525,7.63
6227,3080353,-0.134932,-1.595272,-0.305488,141.7675,-29.0675,25.55
6228,3080451,0.625128,-0.580232,-1.25782,25.585,24.9725,3.08
6229,3080548,0.506056,0.409676,-0.86132,-11.095,11.97,-5.285
6230,3080646,0.443104,0.38918,-0.815936,1.2075,4.655,-6.3175
6231,3080743,0.512888,0.000976,-0.935984,20.44,7.7875,-3.01
6232,3080840,0.475068,-0.081252,-0.8671761,19.1625,2.31,-1.4875
6233,3080938,0.448472,0.121756,-0.839848,13.0725,-0.8400001,0.7175
6234,3081035,0.397476,0.124196,-0.8344801,19.495,-0.77,4.0425
6235,3081133,0.340624,0.039772,-0.816668,30.7825,0.945,8.1025
6236,3081230,0.439444,0.026108,-0.881816,39.025,6.0025,12.04
6237,3081327,0.439932,-0.001464,-0.863272,41.5975,6.0725,13.6675
6238,3081425,0.414068,0.024644,-0.868152,41.1425,4.025,15.015
6239,3081522,0.497516,-0.132248,-0.9201241,38.0625,3.3075,14.7
6240,3081620,0.458964,-0.233264,-0.8620521,29.5925,-0.9975,12.18
6241,3081717,0.4984921,-0.284504,-0.9272,18.305,-2.5375,7.5425
6242,3081814,0.465308,-0.166164,-0.866688,4.27,-3.5525,1.6625
6243,3081912,0.487512,-0.082472,-0.908656,-2.59,-4.48,-2.3625
6244,3082009,0.519964,-0.076372,-0.884012,-5.215,-4.935,-4.3925
6245,3082107,0.5504641,-0.049776,-0.882304,-6.405,-6.86,-4.795
6246,3082204,0.509716,-0.032208,-0.875716,-6.02,-8.26,-4.305
6247,3082301,0.45506,-0.005612,-0.848632,-2.24,-8.4525,-2.3975
6248,3082399,0.454816,0.04026,-0.866932,1.855,-7.0,0.07
6249,3082496,0.487268,0.034404,-0.882304,7.035,-5.88,2.17
6250,3082594,0.485072,0.01586,-0.8847441,10.43,-6.2125,3.5525
6251,3082691,0.491416,0.023424,-0.8991401,11.515,-6.9825,4.445
6252,3082788,0.499224,-0.008296001,-0.8954801,11.69,-7.455,4.8825
6253,3082886,0.498736,-0.016104,-0.8930401,10.8675,-7.7175,4.8475
6254,3082983,0.483364,-0.018544,-0.8869401,9.4325,-7.805,4.41
6255,3083080,0.479948,-0.02928,-0.8801081,8.68,-7.9275,4.0775
6256,3083178,0.475312,-0.016836,-0.879864,7.84,-7.5775,3.5525
6257,3083275,0.466772,-0.038796,-0.881572,7.8225,-7.5075,3.1325
6258,3083373,0.490684,-0.035868,-0.878156,7.9625,-7.2275,3.045
6259,3083470,0.490684,-0.044896,-0.882304,7.98,-7.0,3.045
6260,3083567,0.487268,-0.045628,-0.881328,9.0475,-6.7375,3.43
6261,3083665,0.489464,-0.02318,-0.876692,9.0475,-5.775,3.815
6262,3083762,0.456768,-0.043676,-0.87962,8.89,-5.705,4.1125
6263,3083860,0.450912,-0.038552,-0.8827921,7.7525,-5.6525,3.7975
6264,3083957,0.4575,-0.040016,-0.882304,6.3875,-5.215,3.395
6265,3084054,0.460672,-0.033672,-0.8764481,5.6,-5.215,3.115
6266,3084152,0.468236,-0.037576,-0.8725441,4.9875,-5.4775,2.7125
6267,3084249,0.465308,-0.0549,-0.8723001,4.8125,-6.3,2.3975
6268,3084347,0.45384,-0.060512,-0.8698601,3.9725,-7.1225,1.61
6269,3084444,0.44408,-0.05172801,-0.879864,3.29,-7.7,0.9275
6270,3084541,0.465308,-0.047092,-0.8801081,3.6575,-7.8225,0.7525
6271,3084639,0.48678,-0.049044,-0.880352,4.06,-7.875,1.12
6272,3084736,0.4743361,-0.05172801,-0.8744961,3.71,-7.8575,1.4
6273,3084834,0.466772,-0.049532,-0.879864,2.905,-7.56,1.33
6274,3084931,0.463112,-0.056852,-0.877424,2.8525,-7.14,1.0325
6275,3085028,0.451888,-0.0488,-0.8786441,2.6775,-7.0,0.595
6276,3085126,0.438712,-0.05124001,-0.873032,2.905,-7.2275,0.35
6277,3085223,0.432612,-0.04758,-0.87962,2.9225,-7.7525,-0.035
6278,3085321,0.480924,-0.034648,-0.885476,3.2375,-7.525,0.105
6279,3085418,0.476532,-0.045384,-0.87962,3.8675,-7.8225,0.7525
6280,3085516,0.474092,-0.04636,-0.877424,3.535,-7.56,1.155
6281,3085613,0.461648,-0.050264,-0.877424,3.2725,-7.4025,1.33
6282,3085710,0.457256,-0.055388,-0.877668,3.3075,-7.455,1.3125
6283,3085808,0.454084,-0.06563601,-0.877668,3.4125,-7.7,1.1375
6284,3085905,0.4553041,-0.06075601,-0.877912,3.185,-7.7175,0.735
6285,3086003,0.451156,-0.049288,-0.8847441,3.36,-7.805,0.4375
6286,3086100,0.467748,-0.05002,-0.879376,3.6925,-7.6825,0.385
6287,3086197,0.466772,-0.054412,-0.884012,3.9375,-7.84,0.4375
6288,3086295,0.471652,-0.050752,-0.8801081,3.85,-7.6475,0.4725
6289,3086392,0.461404,-0.05734,-0.87962,3.5875,-7.5075,0.5425
6290,3086490,0.448472,-0.06466001,-0.8805961,3.64,-7.6475,0.455
6291,3086587,0.44408,-0.06222,-0.88328,3.64,-7.56,0.0
6292,3086684,0.450668,-0.064172,-0.875228,3.57,-7.525,-0.6125
6293,3086782,0.437736,-0.05856,-0.8801081,3.3425,-7.8225,-1.05
6294,3086879,0.43188,-0.060512,-0.8786441,3.0975,-8.3475,-1.5575
6295,3086977,0.45262,-0.051972,-0.887916,2.8,-8.645,-1.9425
6296,3087074,0.456768,-0.05734,-0.8820601,2.695,-9.0475,-1.9425
6297,3087171,0.453108,-0.062952,-0.8786441,2.7825,-9.4325,-1.68
6298,3087269,0.45262,-0.061,-0.880352,2.765,-9.2575,-1.4175
6299,3087366,0.441396,-0.06832001,-0.878888,2.94,-9.205,-1.2425
6300,3087464,0.424072,-0.052216,-0.881816,2.8,-9.52,-1.3825
6301,3087561,0.406504,-0.050996,-0.880352,2.415,-9.9575,-1.4175
6302,3087659,0.391864,-0.04636,-0.87474,1.75,-10.6925,-1.61
6303,3087756,0.390644,-0.057828,-0.8805961,0.3675,-11.83,-1.925
6304,3087853,0.395768,-0.069296,-0.881816,-1.6275,-12.4075,-2.66
6305,3087951,0.415288,-0.056608,-0.9023121,-4.2175,-12.7225,-3.43
6306,3088048,0.477264,-0.055144,-0.9018241,-4.06,-11.095,-3.465
6307,3088145,0.464332,-0.048068,-0.892308,-2.6775,-10.0625,-2.6775
6308,3088243,0.457988,-0.041724,-0.896212,-1.6625,-9.345,-1.9075
6309,3088340,0.458232,-0.038064,-0.8810841,-0.35,-8.2775,-0.9625
6310,3088438,0.429928,-0.05002,-0.8954801,0.105,-8.12,-0.2275
6311,3088535,0.453352,-0.063196,-0.8930401,0.3325,-6.5275,0.0525
6312,3088632,0.449936,-0.075396,-0.8903561,0.07,-4.8825,-0.385
6313,3088730,0.4331,0.003416,-0.921344,-1.7675,-2.765,-1.2425
6314,3088827,0.44286,-0.002684,-0.920612,-1.3125,0.525,-1.085
6315,3088925,0.432856,-0.03172,-0.92598,-0.5775,3.745,0.6825
6316,3089022,0.440908,-0.060268,-0.923052,-0.175,7.42,1.995
6317,3089120,0.447496,-0.037088,-0.932568,-1.4,13.5975,2.0125
6318,3089217,0.418216,0.010736,-0.978684,-2.905,20.44,2.87
6319,3089314,0.401136,-0.01464,-1.010892,-0.63,32.5325,6.16
6320,3089412,0.395768,-0.122244,-1.063108,4.165,48.055,8.12
6321,3089509,0.253272,-0.256688,-0.8808401,10.36,66.5,3.64
6322,3089607,0.406016,-0.076372,-1.096292,-5.32,93.31,-5.1625
6323,3089704,0.351116,-0.110288,-1.007232,6.8775,113.015,-9.1175
6324,3089801,0.39162,-0.025864,-1.06506,3.675,139.0375,-14.3675
6325,3089899,0.38308,-0.011468,-1.059448,14.7175,162.715,-16.555
6326,3089996,0.407724,0.05929201,-1.103856,23.555,190.505,-17.535
6327,3090094,0.391132,0.096868,-1.104588,37.6775,219.275,-15.925
6328,3090191,0.413336,0.171532,-1.127036,53.62,250.635,-10.325
6329,3090288,0.479948,0.18422,-1.153388,72.5725,279.6325,1.33
6330,3090386,0.508984,0.240828,-1.17974,91.9975,303.275,19.1975
6331,3090483,0.5463161,0.239852,-1.10898,113.155,321.51,41.23
6332,3090581,0.652456,0.241072,-1.108248,130.795,339.92,64.015
6333,3090678,0.740296,0.16836,-1.110688,156.4675,360.1675,85.83751
6334,3090776,0.857172,-0.05636401,-1.06384,179.7075,376.7575,101.8325
6335,3090873,1.096048,-0.257664,-0.8893801,185.3075,384.055,102.7425
6336,3090970,1.409344,-0.2928,-0.965752,175.0,385.105,94.79751
6337,3091068,1.687748,-0.32452,-1.119472,174.755,368.4275,90.16001
6338,3091165,1.738012,-0.210084,-1.219268,176.3125,323.9425,84.35
6339,3091262,1.377624,-0.114436,-1.144604,180.2325,270.6725,76.3175
6340,3091360,1.023336,0.09882,-0.90768,171.64,227.6575,62.8075
6341,3091457,0.656116,0.222772,-0.408944,166.005,194.425,49.7875
6342,3091555,0.476532,0.075884,-0.54778,174.02,158.34,39.795
6343,3091652,1.574532,-0.793244,-2.09352,138.6175,96.93251,23.3275
6344,3091750,0.823256,-0.010736,-2.481236,-27.5975,-20.825,-21.56
6345,3091847,0.049044,1.132404,-1.658956,-90.51001,-174.4925,-59.465
6346,3091944,-0.32086,1.063108,-1.06262,-43.015,-188.2125,-66.2025
6347,3092042,-0.313296,0.74664,-0.8086161,31.7275,-182.3325,-70.0
6348,3092139,-0.072468,0.273036,-0.7854361,65.9925,-164.85,-73.2725
6349,3092237,0.053924,-0.046848,-0.819108,57.1025,-163.9225,-75.28501
6350,3092334,0.136884,-0.120536,-0.885476,18.4625,-171.955,-75.95
6351,3092431,0.210328,-0.051484,-0.9237841,-19.6525,-183.5225,-70.1925
6352,3092529,0.26352,-0.007808001,-0.9232961,-41.5625,-195.6325,-56.9275
6353,3092626,0.310124,-0.022936,-0.877668,-50.33,-206.57,-39.165
6354,3092724,0.359168,-0.089792,-0.8271601,-55.4575,-215.4075,-22.54
6355,3092821,0.427976,-0.180804,-0.7956841,-65.205,-221.9525,-10.5525
6356,3092919,0.493124,-0.229116,-0.785924,-81.865,-227.78,-4.69
6357,3093016,0.5702281,-0.24034,-0.79178,-100.6425,-233.66,-3.2025
6358,3093113,0.652456,-0.224968,-0.797636,-116.025,-238.7525,-4.2
6359,3093211,0.703208,-0.246928,-0.772504,-124.39,-243.6,-6.055
6360,3093308,0.720776,-0.319884,-0.723948,-128.45,-245.9975,-9.0475
6361,3093406,0.79178,-0.349652,-0.7176041,-133.6825,-240.9225,-13.9825
6362,3093503,0.957456,-0.3477,-0.812276,-137.27,-229.985,-17.29
6363,3093600,1.165832,-0.38064,-0.9232961,-130.655,-221.06,-18.3575
6364,3093698,1.366156,-0.446032,-1.031876,-117.18,-219.03,-16.1
6365,3093795,1.501576,-0.505324,-1.045784,-103.705,-223.1425,-11.7075
6366,3093893,1.605032,-0.48312,-0.9699,-94.85,-228.9875,-9.765
6367,3093990,1.66652,-0.459696,-0.813008,-87.0275,-232.05,-12.425
6368,3094087,1.752164,-0.449936,-0.6980841,-79.205,-228.1475,-19.8275
6369,3094185,1.95444,-0.420168,-0.662704,-71.7675,-218.96,-30.73
6370,3094282,2.13622,-0.418704,-0.6273241,-58.835,-213.64,-42.0
6371,3094379,2.25822,-0.53802,-0.463356,-40.7925,-212.065,-52.2025
6372,3094477,2.231868,-0.7015,-0.17446,-26.425,-210.7,-59.5525
6373,3094574,2.166232,-0.573156,0.029524,-23.065,-201.74,-64.33
6374,3094672,2.129632,-0.488244,0.227164,-7.84,-184.8175,-61.1975
6375,3094769,2.073512,-0.530456,0.42212,17.115,-163.695,-48.72
6376,3094866,1.997872,-0.6034121,0.652944,32.1475,-139.1775,-32.97
6377,3094964,1.931748,-0.576328,0.892796,33.81,-108.4825,-19.6875
6378,3095061,2.16306,-0.512156,0.974048,25.095,-61.355,-6.02
6379,3095159,2.183556,-0.283772,1.060668,21.805,-28.1925,3.395
6380,3095256,1.70678,0.1891,1.248792,31.185,11.655,-5.775
6381,3095353,0.774456,-0.242536,-0.83814,53.2,40.6525,-22.2425
6382,3095451,-0.8805961,-1.40544,-2.30214,86.0825,43.575,-22.26
6383,3095548,-0.579256,-1.203652,-1.224636,29.2775,54.95,-27.2125
6384,3095646,1.14558,-0.6885681,-0.532652,-39.0775,107.1175,-0.4725
6385,3095743,1.410564,-0.123708,-1.203408,-41.2475,109.7425,16.66
6386,3095840,0.960384,0.856684,-1.565016,-60.935,75.635,-0.8575
6387,3095938,0.488976,0.720776,-0.9037761,-23.38,44.8175,-11.6025
6388,3096035,0.369172,0.034648,-0.7571321,15.0325,45.465,-18.55
6389,3096133,0.341112,-0.446764,-0.815448,14.1575,53.375,-25.13
6390,3096230,0.260348,-0.294752,-0.897432,-0.6475,55.475,-20.79
6391,3096327,1.35176,0.021228,-1.40666,-0.98,54.04,-11.4975
6392,3096425,0.736392,0.320372,-0.826916,9.275,10.4825,-6.6325
6393,3096522,0.64416,-0.040992,-0.9928361,23.8525,3.675,-0.4025
6394,3096620,0.45018,-0.284504,-0.884012,27.3175,3.2725,3.395
6395,3096717,0.434076,-0.122488,-0.861808,14.875,-0.1575,5.285
6396,3096814,0.488976,-0.027328,-0.9372041,9.59,2.5375,6.1425
6397,3096912,0.423096,0.0183,-0.869372,9.6425,-2.8525,7.5075
6398,3097009,0.456524,0.052948,-0.92354,5.5825,-4.7775,7.735
6399,3097107,0.544364,-0.03416,-0.872788,7.315,-7.7525,7.035
6400,3097204,0.537532,-0.069296,-0.87474,4.9875,-9.9575,4.9875
6401,3097301,0.518744,-0.083204,-0.882304,2.8,-10.745,3.045
6402,3097399,0.538508,-0.07490801,-0.8847441,1.5925,-10.4475,1.3825
6403,3097496,0.5429,-0.07222401,-0.866444,0.8400001,-9.625,-0.525
6404,3097594,0.479216,-0.05978,-0.8725441,-0.0175,-11.1475,-2.03
6405,3097691,0.481412,-0.04148,-0.879376,-1.19,-11.1475,-3.0625
6406,3097788,0.496296,-0.06588,-0.8615641,-1.645,-11.025,-4.515
6407,3097886,0.480192,-0.062464,-0.8759601,-3.1675,-11.2175,-6.09
6408,3097983,0.458232,-0.055144,-0.880352,-4.305,-10.64,-7.245
6409,3098081,0.462868,-0.044408,-0.884988,-5.0925,-9.625,-7.9275
6410,3098178,0.5016641,-0.027328,-0.878156,-5.0925,-8.645,-8.015
6411,3098275,0.497516,0.009028001,-0.8959681,-3.92,-7.9975,-6.65
6412,3098373,0.496052,0.016592,-0.887672,-0.455,-7.77,-3.9375
6413,3098470,0.488244,0.015128,-0.882548,1.9775,-7.385,-1.1725
6414,3098568,0.470188,0.014152,-0.882304,2.9925,-7.3325,0.8225
6415,3098665,0.490928,0.003172,-0.8808401,2.45,-6.3175,2.03
6416,3098762,0.489708,-0.024156,-0.877424,2.6775,-6.2475,2.5725
6417,3098860,0.478484,-0.033184,-0.879864,2.6075,-6.0025,2.5025
6418,3098957,0.47092,-0.033916,-0.883524,2.555,-5.355,2.2225
6419,3099055,0.46848,-0.034892,-0.88328,2.6075,-4.795,1.995
6420,3099152,0.458476,-0.034648,-0.8852321,2.625,-4.7425,1.5925
6421,3099249,0.458964,-0.028548,-0.8862081,2.17,-4.6725,1.4175
6422,3099347,0.474824,-0.020984,-0.877668,2.2575,-4.585,1.6275
6423,3099444,0.480436,-0.016836,-0.87474,2.38,-5.25,1.8725
6424,3099542,0.482144,-0.022448,-0.8740081,2.8,-5.915,2.275
6425,3099639,0.475556,-0.029036,-0.8725441,3.185,-6.545,2.4325
6426,3099736,0.466528,-0.027084,-0.878888,3.43,-6.685,2.5725
6427,3099834,0.465308,-0.034404,-0.877424,3.36,-6.7725,2.695
6428,3099931,0.45872,-0.044896,-0.876204,3.5525,-6.7375,2.73
6429,3100028,0.464088,-0.03782,-0.8801081,3.2725,-6.51,2.345
6430,3100126,0.464332,-0.046848,-0.879864,3.6225,-6.51,2.0475
6431,3100223,0.465064,-0.041236,-0.8845,3.325,-6.02,1.68
6432,3100321,0.466528,-0.04148,-0.881572,3.535,-5.74,1.505
6433,3100418,0.464332,-0.036112,-0.879376,3.6925,-5.5825,1.4525
6434,3100515,0.464332,-0.039772,-0.8744961,3.99,-5.67,1.33
6435,3100613,0.462624,-0.049532,-0.877424,4.095,-5.635,1.05
6436,3100710,0.465064,-0.041724,-0.881328,4.0425,-5.67,0.735
6437,3100808,0.456036,-0.047092,-0.874984,4.2175,-5.5125,0.5425
6438,3100905,0.450912,-0.040748,-0.875716,4.1125,-5.8625,0.2275
6439,3101002,0.457744,-0.035624,-0.8769361,3.8675,-6.09,-0.105
6440,3101100,0.45628,-0.04026,-0.87962,3.92,-6.3525,-0.175
6441,3101197,0.4636,-0.029768,-0.8801081,3.78,-6.5625,-0.2975
6442,3101295,0.465796,-0.035868,-0.878888,3.7975,-6.4925,-0.1575
6443,3101392,0.470676,-0.037576,-0.874984,4.2525,-6.79,0.0525
6444,3101489,0.463356,-0.041968,-0.876692,4.3925,-7.0175,-0.0525
6445,3101587,0.454816,-0.039528,-0.8791321,4.41,-7.1225,-0.035
6446,3101684,0.435052,-0.05002,-0.8845,4.445,-7.63,-0.035
6447,3101781,0.45506,-0.046116,-0.878156,4.1475,-7.805,-0.5075
6448,3101879,0.450424,-0.046604,-0.87962,3.8675,-7.9975,-0.7175
6449,3101976,0.454816,-0.045872,-0.8842561,3.7275,-8.2075,-0.7525
6450,3102074,0.464332,-0.049776,-0.8784,3.7275,-8.05,-0.7175
6451,3102171,0.460916,-0.053436,-0.876204,3.535,-7.735,-0.6475
6452,3102268,0.461404,-0.05368,-0.875472,3.2375,-7.56,-0.735
6453,3102366,0.465308,-0.053924,-0.8786441,3.2375,-7.455,-0.98
6454,3102463,0.449936,-0.06832001,-0.87474,3.4475,-7.735,-1.2075
6455,3102561,0.432368,-0.065148,-0.8764481,3.0625,-8.1725,-1.9775
6456,3102658,0.426268,-0.064416,-0.876204,2.38,-8.82,-3.045
6457,3102755,0.430172,-0.080276,-0.8759601,1.7325,-9.765,-4.2875
6458,3102853,0.446276,-0.05612,-0.8874281,1.015,-10.115,-5.46
6459,3102950,0.448472,-0.046848,-0.886452,0.945,-10.185,-5.915
6460,3103047,0.451156,-0.044896,-0.8769361,0.875,-9.94,-5.8975
6461,3103145,0.448472,-0.048068,-0.88328,0.525,-9.7475,-5.845
6462,3103242,0.44774,-0.036844,-0.8888921,0.385,-9.59,-5.8275
6463,3103340,0.441396,-0.040992,-0.8769361,0.315,-9.4675,-5.845
6464,3103437,0.433588,-0.045872,-0.87718,-0.28,-9.625,-6.02
6465,3103534,0.43676,-0.044652,-0.892552,-1.0325,-9.6425,-6.4925
6466,3103632,0.444812,-0.02562,-0.901336,-1.365,-8.9075,-6.405
6467,3103729,0.447252,-0.02074,-0.8954801,-0.8225,-8.1725,-5.5475
6468,3103827,0.456524,-0.017568,-0.88816,-0.63,-7.2625,-4.4275
6469,3103924,0.45384,-0.028548,-0.8820601,-0.7,-6.7025,-3.3425
6470,3104021,0.445056,-0.028304,-0.889624,-0.875,-6.3,-2.625
6471,3104119,0.444324,-0.038064,-0.8869401,-1.0325,-5.845,-2.2925
6472,3104216,0.44286,-0.038308,-0.9006041,-1.5225,-4.8825,-2.5025
6473,3104314,0.435784,-0.035868,-0.9006041,-1.47,-3.745,-2.3625
6474,3104411,0.43676,-0.034648,-0.908656,-1.1025,-2.6425,-2.2225
6475,3104508,0.451156,0.002196,-0.9140241,-1.3475,-0.77,-2.205
6476,3104606,0.457012,0.012444,-0.9120721,-0.525,0.9625,-1.3475
6477,3104703,0.453352,-0.001464,-0.903532,0.525,2.73,0.14
6478,3104801,0.478484,-0.0305,-0.883768,0.875,5.18,1.4
6479,3104898,0.428708,-0.00976,-0.926224,0.035,8.645,1.6975
6480,3104995,0.431392,0.00122,-0.9489161,-0.6125,14.6125,2.2575
6481,3105093,0.415288,-0.016348,-0.970876,0.0175,22.8725,3.955
6482,3105190,0.425536,-0.022936,-0.984784,2.0125,33.67,5.32
6483,3105287,0.303292,-0.16348,-1.024556,5.9675,46.2175,4.97
6484,3105385,0.393816,-0.052704,-0.9989361,3.745,64.12,0.735
6485,3105482,0.411872,-0.112972,-0.9437921,2.6775,81.04251,-3.7625
6486,3105580,0.430904,-0.087108,-0.9506241,6.79,94.79751,-7.7875
6487,3105677,0.444568,-0.08174001,-0.943548,7.84,109.095,-12.67
6488,3105775,0.444812,-0.055144,-0.951356,11.0775,122.3075,-16.625
6489,3105872,0.469212,-0.023668,-0.9562361,14.595,136.8675,-19.46
6490,3105969,0.470676,0.017324,-0.965752,19.11,152.8975,-20.055
6491,3106067,0.489952,0.0671,-0.9867361,24.6925,171.3075,-18.445
6492,3106164,0.49532,0.121512,-1.0187,33.355,191.9575,-13.72
6493,3106261,0.505324,0.150548,-1.048956,43.7675,213.7625,-5.39
6494,3106359,0.511424,0.184464,-1.0858,57.155,235.83,6.405
6495,3106456,0.544608,0.192516,-1.100684,72.7475,258.0025,21.42
6496,3106554,0.570472,0.192516,-1.084336,87.255,279.0725,37.8
6497,3106651,0.598532,0.122976,-1.039928,103.5475,299.775,53.62
6498,3106748,0.691496,0.000732,-1.024556,119.5775,321.9125,65.135
6499,3106846,0.8193521,-0.12078,-0.987224,127.8725,341.8275,68.8275
6500,3106943,0.903532,-0.266448,-0.845704,131.2325,357.455,65.835
6501,3107041,1.019432,-0.213744,-0.811788,129.15,368.095,59.045
6502,3107138,1.510604,-0.322324,-1.255868,132.6675,369.88,55.335
6503,3107235,1.614548,-0.161528,-1.077748,146.125,340.6725,50.785
6504,3107333,1.676524,-0.25864,-1.14802,159.11,296.8175,53.13
6505,3107430,1.426424,-0.073932,-1.124352,178.4125,250.8975,53.34
6506,3107528,1.079456,0.102968,-0.828868,184.2575,213.99,47.285
6507,3107625,0.71126,0.122732,-0.399428,188.02,179.445,34.615
6508,3107723,0.4023561,0.061488,-0.581696,179.7075,141.4525,17.78
6509,3107820,2.033496,-1.330288,-2.422432,131.705,78.4,11.8125
6510,3107917,0.660264,-0.24644,-2.176968,-32.3575,-48.3175,-9.94
6511,3108015,-0.082716,1.073844,-1.545008,-126.805,-179.2175,-43.05
6512,3108112,-0.388936,1.102392,-0.906948,-66.9025,-183.505,-41.37
6513,3108210,-0.392108,0.8188641,-0.71126,21.77,-166.565,-41.9825
6514,3108307,-0.13664,0.18544,-0.7266321,69.58,-144.2875,-40.845
6515,3108404,0.032696,-0.174948,-0.834236,56.1575,-141.33,-42.8225
6516,3108502,0.172508,-0.241804,-0.962092,5.145,-153.125,-44.8175
6517,3108599,0.274256,-0.108092,-1.034316,-42.7875,-174.1075,-39.62
6518,3108697,0.274012,-0.026352,-0.9818561,-67.935,-198.17,-26.3025
6519,3108794,0.222284,-0.037576,-0.8703481,-75.81,-216.6675,-10.5
6520,3108891,0.24522,-0.112972,-0.798368,-80.185,-225.435,0.6125
6521,3108989,0.320372,-0.200568,-0.7766521,-88.9,-229.845,4.9
6522,3109086,0.438956,-0.233508,-0.82594,-101.885,-233.8525,3.535
6523,3109184,0.567788,-0.23058,-0.891576,-111.545,-240.695,-0.3325
6524,3109281,0.679296,-0.241804,-0.9247601,-112.98,-250.425,-3.7275
6525,3109378,0.749324,-0.309392,-0.912804,-107.625,-260.5575,-5.775
6526,3109476,0.793976,-0.397476,-0.875472,-101.955,-267.8025,-6.895
6527,3109573,0.821304,-0.463844,-0.823744,-100.345,-271.3375,-8.3125
6528,3109671,0.8559521,-0.44774,-0.8169121,-100.2225,-268.1525,-11.06
6529,3109768,0.9860041,-0.365268,-0.9057281,-95.1475,-256.795,-11.3575
6530,3109866,1.164124,-0.367464,-0.980636,-79.3275,-245.2975,-8.7325
6531,3109963,1.42984,-0.412848,-1.08214,-61.565,-236.635,-7.0525
6532,3110060,1.738012,-0.528992,-1.1102,-48.3,-234.6225,-6.44
6533,3110158,1.876116,-0.659776,-0.9762441,-45.92,-241.395,-6.58
6534,3110255,1.872944,-0.618052,-0.758352,-56.5425,-246.1725,-7.56
6535,3110353,1.852448,-0.53436,-0.525332,-66.15,-239.8725,-8.0675
6536,3110450,1.9642,-0.497028,-0.383812,-66.2025,-220.955,-7.4375
6537,3110547,2.104256,-0.552904,-0.257908,-59.5175,-197.995,-6.125
6538,3110645,2.205028,-0.565836,-0.11834,-54.6525,-177.905,-3.9025
6539,3110742,2.268224,-0.532164,0.06880801,-52.9725,-160.23,-0.315
6540,3110840,2.208444,-0.52216,0.407236,-49.84,-142.4325,6.3
6541,3110937,2.367288,-0.132004,0.6688041,-44.135,-114.765,11.6025
6542,3111034,2.333616,-0.269376,0.8400921,-18.0775,-77.875,27.7025
6543,3111132,2.422676,-0.1098,0.937936,-6.79,-51.765,33.32
6544,3111229,2.171356,0.138592,1.229272,3.36,-19.74,24.8325
6545,3111327,1.952488,0.627568,1.386896,15.995,24.36,-5.635
6546,3111424,1.091168,0.422608,-0.471652,64.5575,67.2875,-43.0325
6547,3111521,-0.011468,-1.20292,-2.073024,128.31,77.6825,-51.94
6548,3111619,-0.2928,-1.47254,-1.52378,85.90751,62.58,-59.0275
6549,3111716,0.460428,-1.200236,-0.487268,31.3425,83.79001,-32.5675
6550,3111814,0.817644,-0.92964,-0.52094,13.1775,103.04,4.1125
6551,3111911,0.672464,-0.122244,-1.173884,-16.0475,108.0275,12.0925
6552,3112008,1.644804,0.35014,-2.428532,-46.725,85.41751,-7.4025
6553,3112106,0.755912,0.78324,-0.598044,-52.6575,20.3175,-28.9275
6554,3112203,0.659044,-0.06563601,-1.017236,30.1175,-22.435,2.94
6555,3112301,0.667096,-0.406748,-0.826428,11.1125,9.835,-2.45
6556,3112398,0.370148,0.126148,-0.921344,-4.515,-13.5975,-3.08
6557,3112495,0.620492,0.231068,-1.007476,-7.2275,0.6475,-1.5225
6558,3112593,0.538264,0.09589201,-0.8903561,7.875,-6.44,5.9675
6559,3112690,0.563884,-0.00366,-0.9006041,10.2025,-4.8125,10.6575
6560,3112788,0.52704,-0.130296,-0.870592,10.5175,-7.56,11.3225
6561,3112885,0.481656,-0.09418401,-0.890112,7.0,-9.415,9.765
6562,3112982,0.49776,-0.09345201,-0.876692,4.8475,-9.7475,8.2775
6563,3113080,0.602192,-0.2074,-0.853756,4.8125,-10.1675,7.0
6564,3113177,0.521916,-0.109556,-0.850096,1.7675,-10.745,4.9875
6565,3113275,0.529968,-0.094672,-0.859368,-0.8400001,-11.2875,3.01
6566,3113372,0.510204,-0.08881599,-0.86132,0.2975,-11.865,1.4525
6567,3113469,0.494344,-0.073932,-0.863516,-0.105,-11.655,0.2975
6568,3113567,0.482876,-0.044408,-0.877424,-0.4725,-11.1825,-0.035
6569,3113664,0.463356,-0.03904,-0.8723001,-0.63,-10.78,0.1575
6570,3113762,0.467016,-0.040504,-0.8786441,-1.7325,-10.5525,0.525
6571,3113859,0.490196,-0.044652,-0.869372,-1.715,-10.745,0.5075
6572,3113956,0.482876,-0.051484,-0.8703481,-1.47,-11.5325,0.1925
6573,3114054,0.47458,-0.050264,-0.876692,-0.91,-12.39,-0.0875
6574,3114151,0.470676,-0.06075601,-0.8740081,-0.28,-12.775,-0.315
6575,3114249,0.457012,-0.06661201,-0.8808401,-0.2975,-12.67,-0.6475
6576,3114346,0.4514,-0.065148,-0.881328,-0.385,-11.9175,-1.1725
6577,3114444,0.447984,-0.069052,-0.886452,-0.49,-11.235,-1.8025
6578,3114541,0.454084,-0.066124,-0.885964,-0.49,-10.3425,-2.4325
6579,3114638,0.456524,-0.05636401,-0.8845,-0.42,-9.52,-3.0275
6580,3114736,0.460672,-0.04514,-0.885964,-0.2975,-8.8375,-3.3425
6581,3114833,0.46116,-0.044408,-0.887184,0.0175,-8.1725,-3.2725
6582,3114930,0.460184,-0.042456,-0.8862081,0.385,-7.63,-2.9925
6583,3115028,0.460184,-0.030012,-0.887184,0.6125,-7.0175,-2.765
6584,3115125,0.461892,-0.036112,-0.8827921,0.91,-6.4925,-2.275
6585,3115223,0.454572,-0.043188,-0.88328,1.4,-6.265,-1.855
6586,3115320,0.450668,-0.038064,-0.889868,1.505,-6.4225,-1.68
6587,3115417,0.458232,-0.048312,-0.8845,2.065,-6.2825,-1.4525
6588,3115515,0.460672,-0.0366,-0.8866961,2.0825,-6.0375,-1.26
6589,3115612,0.457988,-0.050264,-0.878156,2.065,-5.775,-0.945
6590,3115710,0.45628,-0.046848,-0.88328,2.135,-5.74,-0.7875
6591,3115807,0.457256,-0.048312,-0.881816,2.2925,-5.8275,-0.8400001
6592,3115905,0.455792,-0.05002,-0.8852321,2.4325,-5.845,-0.7875
6593,3116002,0.456768,-0.052704,-0.8801081,2.6075,-5.6525,-0.63
6594,3116099,0.457744,-0.052216,-0.8847441,2.6775,-5.5125,-0.5425
6595,3116197,0.45872,-0.053436,-0.8862081,2.6775,-5.5475,-0.595
6596,3116294,0.452376,-0.053924,-0.8808401,2.8875,-5.46,-0.5425
6597,3116392,0.452132,-0.063684,-0.8845,2.94,-5.39,-0.595
6598,3116489,0.4514,-0.054412,-0.8842561,2.73,-5.2325,-0.945
6599,3116586,0.454328,-0.053192,-0.882304,2.6775,-4.9,-0.9975
6600,3116684,0.45384,-0.048556,-0.882548,2.625,-4.7425,-0.9625
6601,3116781,0.455548,-0.046116,-0.8801081,2.73,-4.9175,-0.8400001
6602,3116879,0.455548,-0.055388,-0.8805961,2.8525,-5.1625,-0.7875
6603,3116976,0.450424,-0.057828,-0.880352,2.87,-5.4075,-0.7
6604,3117073,0.448716,-0.06124401,-0.883768,2.905,-5.705,-0.9975
6605,3117171,0.449692,-0.053436,-0.887672,2.6775,-5.5825,-1.33
6606,3117268,0.45262,-0.050264,-0.88328,2.695,-5.4075,-1.33
6607,3117365,0.450424,-0.057828,-0.879864,2.7475,-5.4425,-1.26
6608,3117463,0.447496,-0.04758,-0.8913321,2.5725,-5.74,-1.4
6609,3117560,0.447008,-0.049532,-0.887184,2.695,-6.2475,-1.33
6610,3117658,0.4514,-0.05172801,-0.879376,2.835,-6.3,-1.26
6611,3117755,0.45262,-0.06222,-0.8791321,3.0975,-6.4925,-1.1725
6612,3117853,0.450912,-0.052948,-0.883524,3.1675,-6.9125,-1.26
6613,3117950,0.4514,-0.057828,-0.8852321,3.325,-7.1575,-1.1375
6614,3118047,0.453108,-0.057584,-0.883768,3.395,-7.315,-1.0675
6615,3118145,0.4514,-0.06222,-0.88328,3.08,-7.245,-1.12
6616,3118242,0.455792,-0.06344,-0.8874281,3.045,-7.1925,-1.1725
6617,3118340,0.449448,-0.068564,-0.8810841,3.0625,-7.2275,-1.4875
6618,3118437,0.445788,-0.063684,-0.8786441,3.0625,-7.5775,-1.89
6619,3118534,0.437492,-0.06539201,-0.88816,3.0625,-7.735,-2.2925
6620,3118632,0.442372,-0.06588,-0.87962,2.9925,-7.665,-2.8
6621,3118729,0.444812,-0.056608,-0.8888921,2.8875,-7.735,-3.1675
6622,3118826,0.443104,-0.061488,-0.8862081,3.0275,-7.735,-3.29
6623,3118924,0.448228,-0.050996,-0.8888921,2.625,-7.4375,-3.4125
6624,3119021,0.446276,-0.057096,-0.8869401,2.695,-7.28,-3.3425
6625,3119119,0.446764,-0.05172801,-0.8845,2.625,-7.105,-3.325
6626,3119216,0.444568,-0.05002,-0.8866961,2.6425,-7.0175,-3.0975
6627,3119313,0.44164,-0.054656,-0.888404,2.4325,-6.65,-3.01
6628,3119411,0.437248,-0.053192,-0.89182,2.2225,-6.0375,-3.0625
6629,3119508,0.438224,-0.060512,-0.889136,2.205,-5.565,-3.2375
6630,3119606,0.438956,-0.048068,-0.8954801,1.6975,-4.7425,-3.43
6631,3119703,0.44408,-0.045384,-0.8935281,1.47,-3.675,-2.975
6632,3119800,0.454328,-0.048312,-0.884012,1.5225,-2.66,-2.4675
6633,3119898,0.457988,-0.058072,-0.8810841,1.3125,-1.715,-1.9425
6634,3119995,0.44652,-0.057096,-0.9059721,0.805,-0.42,-2.0825
6635,3120093,0.447984,0.004392,-0.9125601,-0.07,2.345,-2.415
6636,3120190,0.450424,0.01708,-0.911584,-0.245,5.355,-1.1025
6637,3120287,0.430416,-0.0366,-0.931348,0.7,8.7325,1.8375
6638,3120385,0.412116,-0.041724,-0.970632,0.6825,15.085,3.115
6639,3120482,0.41602,-0.007076001,-0.9867361,0.3325,25.6725,3.8325
6640,3120580,0.440664,-0.03416,-0.9772201,1.435,38.465,5.9325
6641,3120677,0.330376,-0.171776,-0.935008,3.605,51.905,6.9825
6642,3120774,0.401868,-0.133956,-0.9845401,-0.21,69.895,2.45
6643,3120872,0.405284,-0.15494,-0.964288,2.345,84.77,-3.675
6644,3120969,0.423584,-0.066856,-0.985516,3.0625,100.5725,-9.625
6645,3121067,0.4331,-0.07442,-0.9628241,7.5425,115.045,-13.3
6646,3121164,0.45506,-0.038064,-0.9650201,11.445,130.4975,-15.715
6647,3121261,0.457744,-0.010492,-0.9850281,16.0125,147.665,-16.2225
6648,3121359,0.477508,0.028548,-0.9906401,22.015,166.53,-14.7175
6649,3121456,0.488488,0.08003201,-1.021628,29.225,187.145,-10.7275
6650,3121554,0.489708,0.111996,-1.0614,39.655,208.215,-2.73
6651,3121651,0.508252,0.193248,-1.12362,51.415,230.3175,8.47
6652,3121748,0.540948,0.216184,-1.13582,67.725,252.0875,24.08
6653,3121846,0.5551,0.181292,-1.124108,86.7825,272.3875,42.735
6654,3121943,0.616344,0.152744,-1.118984,104.72,294.42,59.815
6655,3122041,0.7373681,0.07564,-1.048712,118.7375,317.345,73.5875
6656,3122138,0.951112,-0.036112,-1.063352,126.665,337.12,83.265
6657,3122235,1.203164,-0.367952,-1.093852,127.4875,348.95,84.9275
6658,3122333,1.357372,-0.190076,-0.9252481,108.605,347.025,72.2575
6659,3122430,1.449848,-0.360144,-1.02358,96.84501,335.8775,63.8925
6660,3122528,1.35542,-0.398208,-1.088484,88.795,305.4275,56.0
6661,3122625,1.059204,-0.349652,-0.9840521,75.1275,270.97,47.8975
6662,3122722,0.831064,-0.12444,-0.832528,57.47,246.2425,40.215
6663,3122820,0.730292,0.021472,-0.6695361,43.6625,225.6975,34.86
6664,3122917,0.43432,0.071492,-1.033828,44.73,197.2075,34.3875
6665,3123015,1.134112,-0.508252,-1.863428,27.86,133.4375,38.9725
6666,3123112,0.805688,0.098576,-2.073512,-34.2475,46.83,25.9
6667,3123209,0.254248,0.7041841,-1.605032,-71.3475,-45.92,7.035
6668,3123307,-0.04758,0.691496,-1.202188,-38.325,-91.28,2.6425
6669,3123404,-0.217892,0.573888,-0.904752,-4.725,-111.195,-9.2225
6670,3123501,-0.1647,0.358924,-0.792024,9.975,-114.1,-23.5375
6671,3123599,-0.052216,0.245952,-0.8081281,2.9225,-116.4275,-37.205
6672,3123696,0.063196,0.178608,-0.8703481,-12.25,-123.585,-45.78
6673,3123794,0.17324,0.13298,-0.9171961,-24.535,-135.0125,-46.6375
6674,3123891,0.247416,0.07856801,-0.9274441,-33.565,-150.0625,-41.1075
6675,3123988,0.283528,0.039528,-0.8964561,-41.44,-166.425,-32.655
6676,3124086,0.308172,0.004392,-0.829356,-49.665,-180.845,-24.3425
6677,3124183,0.326472,-0.003172,-0.77714,-59.6925,-191.24,-18.55
6678,3124281,0.413092,-0.020252,-0.7754321,-70.245,-196.1575,-17.535
6679,3124378,0.585844,-0.038796,-0.862784,-80.0975,-199.15,-22.05
6680,3124475,0.75762,-0.0732,-0.949404,-86.15251,-206.85,-29.26
6681,3124573,0.868884,-0.145912,-0.988932,-88.23501,-219.9575,-36.7325
6682,3124670,0.9525761,-0.225944,-0.996008,-89.39,-233.6775,-43.75
6683,3124768,1.02602,-0.293044,-0.9921041,-90.72001,-245.2275,-48.6675
6684,3124865,1.083848,-0.384056,-0.965752,-90.89499,-253.54,-49.7875
6685,3124962,1.144848,-0.445788,-0.9311041,-91.84001,-258.265,-47.565
6686,3125060,1.16998,-0.473848,-0.881816,-91.7875,-260.0675,-44.485
6687,3125157,1.245864,-0.466528,-0.8642481,-88.37501,-256.7775,-40.7225
6688,3125255,1.366156,-0.48678,-0.836188,-78.26,-250.3375,-37.1175
6689,3125352,1.547204,-0.56974,-0.800076,-63.7875,-243.0925,-34.895
6690,3125449,1.722396,-0.659044,-0.74908,-52.92,-235.165,-34.0725
6691,3125547,1.890512,-0.6422081,-0.69052,-49.315,-227.57,-34.0725
6692,3125644,2.026664,-0.643428,-0.600972,-45.3075,-219.4675,-33.5825
6693,3125742,2.146224,-0.71858,-0.46604,-39.795,-210.455,-32.83
6694,3125839,2.251632,-0.7320001,-0.326716,-39.585,-201.4425,-31.535
6695,3125936,2.301652,-0.58194,-0.18178,-40.95,-193.69,-27.86
6696,3126034,2.267492,-0.461892,0.027572,-28.945,-187.6,-18.48
6697,3126131,2.134756,-0.433344,0.299632,-7.595,-179.2,-5.4425
6698,3126229,1.957124,-0.430172,0.584136,6.6675,-163.625,6.51
6699,3126326,1.803404,-0.405528,0.78202,6.965,-136.605,14.6125
6700,3126423,1.57746,-0.192028,1.087752,4.725,-99.47001,18.795
6701,3126521,1.83122,-0.080764,0.9718521,13.5975,-45.1325,23.2575
6702,3126618,1.747528,-0.0732,0.8615641,38.01,0.4025,27.3875
6703,3126716,1.536224,0.318908,0.493856,56.35,40.7225,12.215
6704,3126813,1.049932,-0.135176,-0.90402,89.7575,50.3125,-2.1875
6705,3126911,-0.08759601,-0.90402,-1.766316,111.195,30.9575,-12.18
6706,3127008,-0.7869,-0.9916161,-1.662128,66.1675,19.705,-38.3425
6707,3127105,-0.301828,-0.6124401,-0.4636,9.2225,50.19,-42.4725
6708,3127203,0.590236,-0.4636,-0.2989,-0.4375,95.62,-14.945
6709,3127300,1.123132,-0.5785241,-1.172908,15.47,121.1875,9.0475
6710,3127398,1.002108,-0.116876,-1.483032,-6.8075,94.65751,5.3025
6711,3127495,0.690032,0.203496,-1.037,-17.675,60.9,-4.8825
6712,3127592,0.619516,0.162992,-0.860832,-9.52,53.62,-8.61
6713,3127690,0.598288,-0.37942,-1.165344,0.5425,54.425,-10.8325
6714,3127787,1.489376,-0.470432,-1.656516,-21.98,34.5625,-13.2125
6715,3127885,0.1769,0.203984,-0.484828,-20.65,-10.4825,-11.1475
6716,3127982,0.665144,0.322324,-1.0919,-19.2675,3.3425,-8.8025
6717,3128079,0.532408,-0.032696,-0.899384,9.38,5.145,-2.345
6718,3128177,0.38918,-0.118584,-0.8235001,10.4825,-5.5475,1.12
6719,3128274,0.5267961,0.08784,-0.937448,1.8025,3.22,2.3975
6720,3128372,0.473604,0.13298,-0.9254921,0.1575,-1.3125,3.5
6721,3128469,0.510936,-0.042456,-0.888404,5.53,-4.8475,6.3
6722,3128566,0.5429,-0.125172,-0.837652,5.3725,-6.685,6.8075
6723,3128664,0.51972,-0.0793,-0.869128,1.4175,-9.975,5.25
6724,3128761,0.506056,-0.125172,-0.86742,1.26,-12.5825,3.6575
6725,3128859,0.497028,-0.128344,-0.869616,0.2275,-13.615,1.89
6726,3128956,0.47946,-0.103944,-0.875716,-2.03,-13.65,-0.21
6727,3129053,0.5016641,-0.116144,-0.879376,-2.6425,-13.2475,-1.8725
6728,3129151,0.5119121,-0.122488,-0.869372,-3.115,-12.3375,-3.815
6729,3129248,0.530456,-0.102236,-0.8657121,-3.6925,-11.2,-5.775
6730,3129346,0.528016,-0.076616,-0.865956,-3.9025,-10.4825,-7.245
6731,3129443,0.518988,-0.07417601,-0.868884,-3.7625,-9.45,-8.155
6732,3129540,0.515816,-0.049776,-0.8713241,-4.1125,-8.26,-8.995
6733,3129638,0.508252,-0.033428,-0.87474,-4.7425,-7.4725,-9.275
6734,3129735,0.508252,-0.03172,-0.8847441,-4.1125,-7.3675,-8.3475
6735,3129833,0.493612,-0.00122,-0.8786441,-1.8375,-7.455,-6.4575
6736,3129930,0.480436,-0.011956,-0.87718,0.035,-7.63,-4.5325
6737,3130027,0.47336,-0.010736,-0.87718,1.6275,-7.8575,-2.6425
6738,3130125,0.4758,-0.0305,-0.8703481,3.08,-8.1025,-1.0675
6739,3130222,0.457988,-0.040992,-0.872788,4.2,-8.8725,0.2275
6740,3130320,0.457744,-0.047092,-0.8805961,4.095,-9.24,1.0675
6741,3130417,0.465308,-0.053192,-0.8786441,3.5525,-9.1,1.1725
6742,3130514,0.478972,-0.057584,-0.8744961,2.9225,-8.33,0.945
6743,3130612,0.477264,-0.044408,-0.874984,2.66,-7.3675,0.7875
6744,3130709,0.456768,-0.036356,-0.8784,1.8375,-6.4575,1.0325
6745,3130807,0.46238,-0.050996,-0.87352,0.875,-5.53,1.3125
6746,3130904,0.467504,-0.047824,-0.87718,0.1925,-5.3375,1.295
6747,3131001,0.482388,-0.043676,-0.872056,0.175,-5.4075,1.155
6748,3131099,0.479704,-0.04148,-0.8764481,0.3675,-6.16,1.225
6749,3131196,0.482876,-0.032452,-0.8769361,0.77,-6.475,1.61
6750,3131294,0.473116,-0.043188,-0.873764,0.875,-6.685,2.1875
6751,3131391,0.4743361,-0.043188,-0.876692,0.945,-7.1925,2.4675
6752,3131488,0.478728,-0.054168,-0.87108,1.2075,-7.5075,2.5725
6753,3131586,0.471896,-0.0549,-0.875472,1.2775,-7.805,2.2925
6754,3131683,0.469212,-0.048556,-0.877912,1.3475,-7.875,2.03
6755,3131781,0.467748,-0.057096,-0.87718,1.435,-7.77,1.8025
6756,3131878,0.47092,-0.059048,-0.8740081,1.61,-7.6125,1.47
6757,3131975,0.466284,-0.057584,-0.874984,1.575,-7.4025,0.8575
6758,3132073,0.462136,-0.05978,-0.8769361,1.5225,-7.1925,0.3675
6759,3132170,0.465308,-0.044164,-0.8784,1.61,-6.9475,0.21
6760,3132268,0.471652,-0.0549,-0.8764481,2.205,-6.79,0.5075
6761,3132365,0.47336,-0.048312,-0.87718,2.1525,-6.44,0.6125
6762,3132462,0.46116,-0.055144,-0.876204,2.345,-6.3,0.5775
6763,3132560,0.46604,-0.050264,-0.876692,2.345,-6.335,0.455
6764,3132657,0.46848,-0.05587601,-0.872788,2.7125,-6.3875,0.21
6765,3132755,0.465552,-0.05368,-0.878888,2.6425,-6.1425,0.0
6766,3132852,0.4636,-0.058316,-0.875716,2.4325,-5.8625,0.105
6767,3132949,0.45994,-0.058072,-0.8827921,2.275,-5.6,-0.14
6768,3133047,0.4636,-0.060024,-0.87474,2.5725,-5.425,-0.385
6769,3133144,0.459696,-0.06636801,-0.875228,2.7125,-5.46,-0.7875
6770,3133241,0.458476,-0.06539201,-0.8744961,2.5025,-5.4775,-1.1375
6771,3133339,0.457256,-0.059536,-0.877424,2.415,-5.355,-1.4875
6772,3133436,0.454572,-0.054168,-0.877912,2.52,-5.5125,-1.7325
6773,3133534,0.454572,-0.053192,-0.8805961,2.555,-5.775,-1.6625
6774,3133631,0.45872,-0.05246,-0.877424,2.66,-5.915,-1.68
6775,3133728,0.46482,-0.049044,-0.869128,2.94,-6.195,-1.505
6776,3133826,0.464088,-0.047092,-0.878888,2.87,-6.5975,-1.1025
6777,3133923,0.462624,-0.057096,-0.876204,2.905,-7.0875,-0.945
6778,3134021,0.45872,-0.062464,-0.8786441,2.9925,-7.4025,-0.91
6779,3134118,0.458476,-0.056852,-0.875472,2.9925,-7.6125,-0.875
6780,3134215,0.45018,-0.05978,-0.881328,2.9925,-7.8225,-0.98
6781,3134313,0.452132,-0.05636401,-0.881328,3.0975,-7.98,-1.085
6782,3134410,0.458232,-0.063196,-0.876204,3.4125,-8.0675,-1.1375
6783,3134508,0.454084,-0.070028,-0.8769361,3.465,-8.2775,-1.2775
6784,3134605,0.453108,-0.070516,-0.876692,3.5175,-8.4175,-1.6975
6785,3134702,0.452864,-0.066856,-0.88328,3.185,-8.2075,-2.345
6786,3134800,0.457256,-0.06222,-0.8869401,3.0275,-7.7,-2.765
6787,3134897,0.4575,-0.0488,-0.8913321,2.8,-7.14,-2.6425
6788,3134995,0.46482,-0.054412,-0.8801081,2.6425,-6.475,-2.135
6789,3135092,0.464088,-0.059536,-0.874984,2.555,-6.3525,-1.82
6790,3135190,0.458476,-0.060512,-0.878888,2.3625,-6.3,-1.68
6791,3135287,0.457256,-0.058804,-0.880352,2.38,-6.195,-1.6275
6792,3135384,0.4553041,-0.054656,-0.880352,2.485,-6.2475,-1.6625
6793,3135482,0.453108,-0.055144,-0.883768,2.52,-6.2125,-1.715
6794,3135579,0.450912,-0.058072,-0.8869401,2.66,-6.055,-1.715
6795,3135676,0.454328,-0.048312,-0.89182,2.625,-5.67,-1.5575
6796,3135774,0.453352,-0.04392,-0.889624,2.415,-4.655,-1.12
6797,3135871,0.459208,-0.048068,-0.885964,2.135,-3.99,-0.3675
6798,3135969,0.459208,-0.058072,-0.8805961,1.925,-3.4475,-0.035
6799,3136066,0.463844,-0.060512,-0.868152,1.68,-2.87,-0.105
6800,3136163,0.440664,-0.060268,-0.8744961,0.98,-2.275,-0.2975
6801,3136261,0.446764,-0.074664,-0.902556,0.385,-0.21,-0.8225
6802,3136358,0.440908,-0.030744,-0.926468,-0.8225,2.7825,-1.61
6803,3136456,0.445544,0.030744,-0.935008,-1.6975,7.595,-1.33
6804,3136553,0.439932,-0.008296001,-0.935252,-0.735,13.1075,2.3275
6805,3136650,0.427976,-0.056852,-0.9562361,0.28,19.985,5.8625
6806,3136748,0.41724,-0.057584,-0.970876,0.77,29.925,6.2475
6807,3136845,0.411628,-0.07076001,-0.997472,1.68,42.98,5.5825
6808,3136943,0.344772,-0.156404,-0.93086,4.375,58.3275,3.6575
6809,3137040,0.4148,-0.125416,-1.002352,-0.98,78.7675,-1.4525
6810,3137137,0.387228,-0.121512,-0.9911281,3.8675,96.9675,-6.125
6811,3137235,0.415288,-0.08906,-0.998448,4.445,118.2825,-11.9875
6812,3137332,0.417484,-0.0732,-0.989664,10.1325,138.39,-16.3275
6813,3137430,0.433588,-0.022936,-1.002108,13.825,160.3525,-19.25
6814,3137527,0.426268,0.001464,-1.022116,20.6675,183.015,-19.495
6815,3137624,0.434076,0.051484,-1.044808,28.9625,207.935,-17.185
6816,3137722,0.468968,0.100284,-1.075308,39.0775,234.4125,-10.85
6817,3137819,0.488976,0.172508,-1.106296,52.2375,258.5275,0.245
6818,3137917,0.488976,0.179096,-1.09434,67.62001,279.2825,15.6975
6819,3138014,0.509472,0.192272,-1.05164,82.565,298.2,32.69
6820,3138111,0.541192,0.177388,-1.036512,96.3375,322.21,48.37
6821,3138209,0.6497721,0.102968,-0.9821,110.32,349.4225,61.95
6822,3138306,0.717848,0.003416,-1.010892,117.25,377.3875,70.665
6823,3138404,1.007476,-0.165188,-0.93086,119.525,400.1725,71.4175
6824,3138501,1.312232,-0.429684,-0.8874281,121.485,414.33,65.3275
6825,3138598,1.61772,-0.5612,-0.729316,123.795,408.0125,51.625
6826,3138696,1.898076,-0.338672,-1.018212,92.3825,379.4525,36.47
6827,3138793,1.82512,-0.239608,-1.057496,92.8025,326.935,35.1225
6828,3138891,1.57258,-0.064904,-1.14192,100.555,275.17,39.6725
6829,3138988,1.152412,0.11834,-1.015772,107.31,231.0525,45.5
6830,3139085,0.6422081,0.09028,-0.568276,117.18,192.0975,51.1175
6831,3139183,0.335744,0.152256,-1.06994,115.7975,146.16,44.625
6832,3139280,2.033008,-0.9254921,-2.014464,66.43,59.43,35.98
6833,3139378,0.366976,0.248636,-1.91906,-52.9725,-64.4875,14.8925
6834,3139475,0.043676,0.8866961,-1.326628,-113.8725,-164.29,-12.6175
6835,3139572,-0.281576,1.004792,-0.89426,-63.0175,-182.8225,-17.2725
6836,3139670,-0.229848,0.83204,-0.75274,0.28,-173.5125,-26.5125
6837,3139767,0.02074,0.389912,-0.753716,43.015,-161.8575,-31.29
6838,3139864,0.177144,0.085888,-0.8210601,41.09,-165.48,-36.1375
6839,3139962,0.261812,-0.01586,-0.860832,9.205,-180.6175,-40.3025
6840,3140059,0.296704,0.022448,-0.86864,-27.2825,-198.7825,-39.3225
6841,3140157,0.318176,0.07076001,-0.83204,-52.5,-215.11,-33.3725
6842,3140254,0.361852,0.065148,-0.7890961,-64.9775,-225.8025,-24.5175
6843,3140351,0.439932,0.011224,-0.7666481,-71.99501,-232.19,-16.4675
6844,3140449,0.512888,-0.060024,-0.749812,-78.96,-237.2825,-10.3075
6845,3140546,0.583648,-0.116388,-0.7259001,-89.1975,-242.165,-6.895
6846,3140644,0.676856,-0.161772,-0.733708,-101.2025,-245.735,-6.9475
6847,3140741,0.77226,-0.189832,-0.772748,-111.72,-248.4825,-9.73
6848,3140838,0.86132,-0.22326,-0.807884,-117.74,-251.895,-12.74
6849,3140936,0.926712,-0.284748,-0.840824,-119.5425,-255.2725,-15.5575
6850,3141033,0.9635561,-0.356972,-0.838628,-119.28,-256.9525,-18.0775
6851,3141131,0.994056,-0.440664,-0.804224,-120.4,-256.1125,-18.9875
6852,3141228,1.025532,-0.494588,-0.778116,-124.32,-250.8275,-19.5475
6853,3141325,1.096292,-0.5063,-0.787144,-127.96,-241.045,-19.8625
6854,3141423,1.26514,-0.494344,-0.8476561,-125.825,-228.1125,-18.1475
6855,3141520,1.555256,-0.525332,-0.9442801,-114.31,-216.6325,-14.8225
6856,3141618,1.813164,-0.622932,-0.9459881,-97.0375,-213.3775,-11.8825
6857,3141715,1.935896,-0.66246,-0.836188,-84.15751,-216.3175,-11.2875
6858,3141812,1.967128,-0.644404,-0.65758,-75.985,-216.3875,-13.405
6859,3141910,1.99104,-0.6539201,-0.46604,-67.0775,-208.5475,-15.7675
6860,3142007,2.037644,-0.69052,-0.314272,-58.625,-192.745,-15.9775
6861,3142105,2.0923,-0.649284,-0.164944,-53.3575,-175.2625,-13.9475
6862,3142202,2.075464,-0.518744,-0.032452,-47.04,-159.4775,-11.1475
6863,3142299,1.98738,-0.40138,0.150792,-32.3225,-145.355,-6.8425
6864,3142397,1.89344,-0.305,0.318664,-14.455,-127.7325,-1.1025
6865,3142494,1.820972,-0.233752,0.418704,-0.7525,-106.435,4.4975
6866,3142592,1.766316,-0.149572,0.46604,4.935,-83.96501,7.665
6867,3142689,1.690432,-0.106384,0.481656,4.7075,-62.9125,7.98
6868,3142786,1.670912,-0.088328,0.42944,-1.5225,-42.14,4.655
6869,3142884,1.607716,-0.05929201,0.404064,-9.555,-24.9375,-2.2225
6870,3142981,1.472784,-0.104676,0.427,-13.2125,-10.115,-10.325
6871,3143079,1.361032,-0.148596,0.45018,-14.1575,7.8225,-18.165
6872,3143176,1.117032,0.357216,0.228384,-5.495,27.44,-30.2575
6873,3143273,1.233664,-0.07417601,0.09882,52.4475,50.505,-36.575
6874,3143371,0.753228,-0.669292,-0.077104,84.7175,67.4275,-40.25
6875,3143468,-0.23546,-0.372832,-1.377136,50.2425,74.6025,-61.4425
6876,3143566,-2.32532,0.221308,-4.620384,41.5975,64.12,-65.835
6877,3143663,-0.671488,-2.301652,-3.328892,142.135,73.675,-12.005
6878,3143760,0.97234,-3.376472,0.13786,111.265,55.9825,58.695
6879,3143858,2.757688,1.207556,-0.403088,-120.82,64.5225,3.9025
6880,3143955,1.428132,2.712304,-2.043988,-118.72,27.0725,-41.1075
6881,3144052,-0.162504,-0.7278521,-0.693448,83.8425,-41.51,12.145
6882,3144150,0.375272,-1.547204,-0.767624,61.04,-8.2425,12.1625
6883,3144247,0.502152,-0.133712,-0.8708361,-37.87,5.775,-17.255
6884,3144345,0.51118,0.50142,-0.935496,-51.7825,-3.36,-27.02
6885,3144442,0.532164,-0.06563601,-0.865956,-20.6675,-3.08,-22.085
6886,3144539,0.49166,-0.216672,-0.861808,-16.8875,-5.5825,-19.25
6887,3144637,0.407236,0.152256,-0.852048,-29.9075,-6.755,-19.6
6888,3144734,0.457012,0.289872,-0.81862,-22.54,-3.9025,-15.9425
6889,3144832,0.39528,0.282552,-0.787388,-1.3475,-0.77,-7.77
6890,3144929,0.354044,0.330132,-0.77348,20.2475,2.8525,2.4675
6891,3145026,0.403332,0.239364,-0.802272,41.4925,8.2075,11.935
6892,3145124,0.45384,-0.034648,-0.9469641,59.7625,9.3275,19.565
6893,3145221,0.52094,-0.275964,-0.9562361,54.355,5.3375,20.1775
6894,3145319,0.448472,0.063684,-0.8725441,27.93,-4.2525,17.325
6895,3145416,0.5751081,-0.064416,-0.9391561,23.24,-5.985,16.3625
6896,3145513,0.493124,-0.165432,-0.862296,21.6125,-12.0575,13.58
6897,3145611,0.541436,-0.09150001,-0.88816,11.97,-11.025,9.31
6898,3145708,0.50386,-0.101504,-0.8740081,10.36,-11.3925,6.4575
6899,3145806,0.476776,-0.106628,-0.8698601,9.9225,-11.2,4.4275
6900,3145903,0.453596,-0.06466001,-0.877424,7.805,-10.675,2.4325
6901,3146000,0.432856,-0.042212,-0.883524,6.5975,-10.1325,1.155
6902,3146098,0.449936,-0.019764,-0.8820601,5.5475,-9.6425,0.6125
6903,3146195,0.480436,-0.004392,-0.8810841,4.165,-9.3275,0.42
6904,3146292,0.485072,-0.009028001,-0.8852321,3.7975,-9.8525,0.595
6905,3146390,0.478728,-0.019032,-0.87962,3.5175,-10.4825,0.8925
6906,3146487,0.475312,-0.034892,-0.8852321,2.695,-10.675,0.9975
6907,3146585,0.489464,-0.05856,-0.8949921,2.415,-10.675,0.805
6908,3146682,0.494832,-0.049288,-0.8852321,3.7625,-10.01,1.365
6909,3146779,0.4984921,-0.041968,-0.8842561,5.0925,-9.24,2.1875
6910,3146877,0.485316,-0.035624,-0.8842561,6.8775,-8.54,3.01
6911,3146974,0.482144,-0.038796,-0.884012,7.875,-7.945,3.675
6912,3147072,0.477752,-0.052216,-0.8801081,8.19,-7.5775,3.7625
6913,3147169,0.466284,-0.047824,-0.884012,7.1225,-7.3675,3.255
6914,3147266,0.474824,-0.056852,-0.877912,6.37,-7.105,2.6075
6915,3147364,0.47336,-0.050264,-0.87962,5.565,-7.2625,2.1525
6916,3147461,0.468236,-0.047092,-0.8791321,5.2675,-7.4025,1.7675
6917,3147559,0.47946,-0.039772,-0.8784,5.0925,-7.1575,1.6975
6918,3147656,0.464332,-0.03538,-0.8805961,5.0225,-7.21,1.855
6919,3147753,0.462868,-0.04514,-0.877668,4.7425,-7.2275,2.1525
6920,3147851,0.468724,-0.044408,-0.8791321,4.0775,-6.72,2.3975
6921,3147948,0.462868,-0.051972,-0.874984,3.6925,-6.4575,2.345
6922,3148046,0.460184,-0.053436,-0.877912,3.22,-6.685,2.0125
6923,3148143,0.460184,-0.060512,-0.8808401,2.9575,-6.7375,1.645
6924,3148240,0.460184,-0.05172801,-0.88328,2.87,-6.58,1.2425
6925,3148338,0.461404,-0.05172801,-0.878888,3.115,-6.3175,1.2075
6926,3148435,0.457744,-0.0488,-0.8805961,2.8525,-6.1425,1.085
6927,3148533,0.457256,-0.055388,-0.87962,2.7475,-6.16,1.05
6928,3148630,0.450668,-0.057096,-0.8808401,2.59,-6.3175,0.6825
6929,3148728,0.459208,-0.055388,-0.879376,2.4675,-6.5275,0.2275
6930,3148825,0.463112,-0.059048,-0.874984,2.415,-6.7725,-0.175
6931,3148922,0.459208,-0.06124401,-0.8786441,2.5375,-7.245,-0.4025
6932,3149020,0.449692,-0.058316,-0.879864,2.5725,-7.5775,-0.6825
6933,3149117,0.45018,-0.06075601,-0.8786441,2.45,-7.63,-1.155
6934,3149215,0.44408,-0.055144,-0.884012,2.2575,-7.6125,-1.4875
6935,3149312,0.45262,-0.055632,-0.8791321,2.1,-7.7875,-1.96
6936,3149409,0.453108,-0.060268,-0.877668,2.0825,-8.155,-2.345
6937,3149507,0.448472,-0.06661201,-0.877668,1.715,-8.5575,-2.9925
6938,3149604,0.449936,-0.06563601,-0.883036,1.435,-8.855,-3.745
6939,3149701,0.453596,-0.058804,-0.8845,1.19,-8.68,-4.1475
6940,3149799,0.447252,-0.058316,-0.8808401,1.295,-8.4525,-4.2
6941,3149896,0.447008,-0.046604,-0.884988,1.05,-8.47,-4.1825
6942,3149994,0.45262,-0.047336,-0.8847441,1.225,-8.12,-3.8675
6943,3150091,0.452376,-0.043676,-0.889624,1.61,-7.9275,-3.255
6944,3150188,0.459696,-0.0488,-0.885476,2.1875,-7.7175,-2.625
6945,3150286,0.457988,-0.050508,-0.885476,2.5025,-7.315,-2.1525
6946,3150383,0.458964,-0.05368,-0.884988,2.765,-6.93,-1.89
6947,3150481,0.446764,-0.051484,-0.8820601,2.835,-6.86,-1.8025
6948,3150578,0.437492,-0.048312,-0.885476,2.66,-7.035,-1.855
6949,3150676,0.442372,-0.043188,-0.884988,2.3975,-7.2625,-1.9425
6950,3150773,0.442372,-0.050508,-0.88328,2.1875,-7.49,-1.9075
6951,3150870,0.449204,-0.05172801,-0.881816,1.9075,-7.6475,-2.0475
6952,3150968,0.449448,-0.057828,-0.886452,1.5925,-7.7875,-2.1875
6953,3151065,0.450424,-0.05587601,-0.8908441,1.6975,-7.665,-2.135
6954,3151163,0.448716,-0.05636401,-0.8842561,2.03,-7.2625,-2.0475
6955,3151260,0.445788,-0.048068,-0.88328,2.135,-7.0875,-2.1
6956,3151357,0.431392,-0.047336,-0.8862081,2.135,-7.2975,-1.96
6957,3151455,0.4331,-0.05368,-0.88816,1.9075,-7.2275,-1.995
6958,3151552,0.432612,-0.05002,-0.889624,1.085,-7.0,-2.1525
6959,3151649,0.439444,-0.048556,-0.88816,0.6125,-6.86,-2.3625
6960,3151747,0.444812,-0.056852,-0.887184,0.0175,-6.685,-2.3975
6961,3151844,0.445788,-0.05612,-0.890112,-0.4725,-6.545,-2.6075
6962,3151942,0.446032,-0.054168,-0.8845,-0.805,-6.265,-2.835
6963,3152039,0.442616,-0.053436,-0.8866961,-1.0325,-6.09,-2.94
6964,3152137,0.437736,-0.049044,-0.8874281,-1.33,-5.9675,-3.0625
6965,3152234,0.431392,-0.040748,-0.89182,-1.7325,-5.5475,-3.185
6966,3152331,0.424072,-0.044408,-0.891576,-1.925,-4.97,-3.0275
6967,3152429,0.429684,-0.02928,-0.8959681,-2.0125,-4.235,-2.905
6968,3152526,0.433832,-0.040504,-0.9023121,-1.6275,-3.4125,-2.5375
6969,3152624,0.444812,-0.012688,-0.90768,-1.33,-2.31,-1.995
6970,3152721,0.449936,-0.008784,-0.9106081,-0.28,-1.365,-0.98
6971,3152818,0.445056,-0.021228,-0.90158,1.1725,-0.5075,0.5075
6972,3152916,0.448716,-0.043432,-0.9010921,1.855,0.805,1.4525
6973,3153013,0.445544,-0.044408,-0.908168,1.6625,3.08,1.5225
6974,3153111,0.443592,-0.03538,-0.911584,1.1725,6.0375,1.4175
6975,3153208,0.45872,-0.035136,-0.897188,0.7525,9.31,1.82
6976,3153305,0.4213881,-0.033916,-0.9284201,0.035,14.0,2.9575
6977,3153403,0.42212,0.000488,-0.94916,0.07,20.72,4.445
6978,3153500,0.4026,-0.0366,-0.95282,1.6275,29.855,6.405
6979,3153597,0.42944,-0.061,-0.98576,3.115,40.53,6.965
6980,3153695,0.34038,-0.16592,-0.891576,6.5275,52.4475,4.97
6981,3153792,0.423828,-0.08466801,-0.987224,-1.015,69.2825,-0.07
6982,3153890,0.406504,-0.10614,-0.967216,4.62,82.53,-3.4825
6983,3153987,0.419436,-0.100528,-0.9684361,5.0575,98.805,-8.2075
6984,3154085,0.422852,-0.0732,-0.9828321,8.6275,115.36,-12.6525
6985,3154182,0.433344,-0.037332,-0.9947881,12.95,133.7,-16.205
6986,3154279,0.426024,-0.00976,-1.016992,18.6725,154.14,-17.57
6987,3154377,0.422608,0.020252,-1.049688,25.6025,178.71,-17.045
6988,3154474,0.440664,0.07808001,-1.103368,34.2825,206.1325,-14.105
6989,3154572,0.449936,0.150304,-1.137284,45.675,233.4675,-6.755
6990,3154669,0.48434,0.160064,-1.140944,61.67,259.9625,5.32
6991,3154766,0.524112,0.201056,-1.156804,76.335,283.85,20.9825
6992,3154864,0.614636,0.19764,-1.133868,93.415,305.585,38.465
6993,3154961,0.807396,0.15982,-1.172176,111.3875,325.64,54.7925
6994,3155059,1.000888,0.017812,-1.2017,128.485,339.115,68.95
6995,3155156,1.204872,-0.200812,-1.035536,139.02,342.9825,74.2
6996,3155253,1.515484,-0.147864,-1.189012,128.0125,340.3225,69.2825
6997,3155351,1.66652,-0.1586,-1.329312,129.7275,318.9725,69.5625
6998,3155448,1.492304,-0.268888,-1.316868,135.87,277.9,70.0
6999,3155546,1.097268,-0.17934,-1.009916,135.1525,233.45,63.525
7000,3155643,0.6795401,-0.22082,-0.6688041,113.295,200.795,49.035
7001,3155740,0.541924,-0.06563601,-0.561688,75.495,171.36,31.08
7002,3155838,1.121668,-0.75396,-1.664812,33.11,123.13,32.025
7003,3155935,0.74542,-0.20252,-1.804868,-40.1625,60.9525,34.825
7004,3156033,0.347944,0.733708,-1.455948,-99.015,-22.54,18.0775
7005,3156130,0.033428,0.653432,-1.04554,-54.5125,-62.895,28.42
7006,3156227,-0.155428,0.451156,-0.749812,-11.7075,-82.4075,28.28
7007,3156325,-0.121024,0.25742,-0.647576,-2.7475,-86.8875,19.0575
7008,3156422,-0.05612,0.244976,-0.652212,-16.975,-91.9625,6.1075
7009,3156520,0.020252,0.306464,-0.710284,-33.8975,-100.24,-4.3925
7010,3156617,0.092232,0.333304,-0.759084,-39.8125,-111.09,-9.415
7011,3156714,0.142496,0.275232,-0.780068,-38.3425,-124.0225,-10.535
7012,3156812,0.19398,0.177632,-0.777628,-38.9725,-137.8475,-10.605
7013,3156909,0.25864,0.08296,-0.786412,-47.0575,-151.375,-11.305
7014,3157007,0.332572,0.030988,-0.807152,-61.6,-164.9725,-12.425
7015,3157104,0.405772,0.009028001,-0.818132,-76.86,-179.0075,-12.0225
7016,3157201,0.457988,-0.034892,-0.806908,-88.62,-192.5525,-9.065
7017,3157299,0.503616,-0.08954801,-0.77348,-99.0675,-203.6825,-4.8125
7018,3157396,0.543388,-0.122244,-0.730536,-110.0925,-211.5925,-0.245
7019,3157493,0.5777921,-0.161284,-0.7015,-120.575,-215.5475,4.2
7020,3157591,0.622688,-0.214476,-0.684664,-130.69,-215.075,7.5775
7021,3157688,0.657824,-0.284016,-0.66978,-139.895,-211.2775,10.7275
7022,3157786,0.712236,-0.359412,-0.6497721,-149.3625,-204.1725,14.84
7023,3157883,0.75762,-0.414556,-0.650748,-160.1075,-193.445,19.425
7024,3157981,0.881572,-0.431148,-0.7134561,-169.8375,-177.8875,23.03
7025,3158078,1.170224,-0.449448,-0.9103641,-175.0525,-161.1925,27.16
7026,3158175,1.4091,-0.512888,-1.067988,-173.0225,-155.82,32.6375
7027,3158273,1.441308,-0.6082921,-1.044808,-171.115,-163.1175,39.27
7028,3158370,1.381772,-0.640012,-0.916952,-177.3975,-170.415,42.2975
7029,3158468,1.375916,-0.612196,-0.813496,-186.025,-169.0325,41.3
7030,3158565,1.431792,-0.595848,-0.744688,-189.105,-161.0175,39.3575
7031,3158662,1.487912,-0.580232,-0.687348,-185.71,-151.235,37.2925
7032,3158760,1.531832,-0.583648,-0.599508,-175.8575,-141.47,34.6325
7033,3158857,1.505724,-0.650992,-0.46482,-163.4325,-131.4775,31.885
7034,3158955,1.494012,-0.745664,-0.321104,-154.42,-117.8275,29.2425
7035,3159052,1.52378,-0.8039801,-0.209352,-150.745,-100.975,28.105
7036,3159149,1.591368,-0.8239881,-0.166652,-147.595,-83.475,30.0125
7037,3159247,1.651148,-0.7754321,-0.163968,-139.4925,-69.93,34.7025
7038,3159344,1.620648,-0.728096,-0.1037,-122.43,-62.5625,40.7925
7039,3159442,1.514508,-0.8020281,0.039284,-98.315,-56.665,46.935
7040,3159539,1.4457,-0.860588,0.125416,-79.1175,-46.62,49.7
7041,3159636,1.43228,-0.8723001,0.126636,-65.1175,-33.705,51.835
7042,3159734,1.410564,-0.853024,0.10004,-49.2975,-22.9425,56.35
7043,3159831,1.329556,-0.798124,0.064904,-31.535,-14.35,61.075
7044,3159928,1.142652,-0.164456,-0.09442801,1.0325,-8.26,61.005
7045,3160026,1.084824,-0.746152,-0.279868,82.95,-2.8875,64.4875
7046,3160123,0.673196,-1.008452,-0.325496,105.1925,-3.745,56.5425
7047,3160221,-0.221552,-0.436272,-1.1773,64.855,-4.2525,36.995
7048,3160318,-2.03496,0.15494,-3.504084,40.5825,-8.1375,46.83
7049,3160415,-0.193004,1.803892,-2.466108,26.1625,34.1775,71.96
7050,3160513,1.45424,1.242448,0.339892,70.3325,42.245,45.2025
7051,3160610,1.883924,-0.037088,-0.995032,122.4125,55.23,21.7875
7052,3160708,1.022604,-1.979572,-1.698972,144.4625,37.7825,31.2375
7053,3160805,-0.240828,-0.7422481,-0.446276,41.7025,-23.0125,8.1725
7054,3160902,0.234728,0.8996281,-0.7700641,-12.1975,10.955,1.1025
7055,3161000,0.6182961,0.516792,-0.9586761,29.3125,30.065,2.4325
7056,3161097,0.49898,-0.396988,-0.754448,69.52751,14.9975,8.995
7057,3161195,0.671976,-0.343064,-0.968924,48.895,12.32,7.98
7058,3161292,0.509716,0.05929201,-0.9120721,23.345,1.9075,4.305
7059,3161389,0.524356,0.064172,-0.921344,22.9075,-2.9575,4.4975
7060,3161487,0.558028,-0.162016,-0.8967,23.9575,-2.52,5.7225
7061,3161584,0.542412,-0.162504,-0.854,16.0475,-6.86,6.09
7062,3161682,0.539972,0.032452,-0.86864,6.09,-6.5275,6.0725
7063,3161779,0.481412,-0.021228,-0.86864,9.625,-7.7525,7.14
7064,3161876,0.4453,-0.091744,-0.852048,13.5625,-9.2575,8.855
7065,3161974,0.521916,-0.106628,-0.868396,11.2,-7.5775,8.645
7066,3162071,0.532408,-0.098332,-0.864492,8.2425,-8.295,6.51
7067,3162169,0.509716,-0.09247601,-0.876204,5.495,-8.61,4.27
7068,3162266,0.506788,-0.087352,-0.865956,4.0775,-8.575,2.555
7069,3162363,0.5058121,-0.07076001,-0.8596121,2.8875,-8.2775,1.435
7070,3162461,0.47336,-0.048556,-0.865956,3.64,-8.2075,1.295
7071,3162558,0.495564,-0.049044,-0.86132,4.8125,-7.35,1.68
7072,3162656,0.515572,-0.022692,-0.863516,5.775,-6.825,2.52
7073,3162753,0.5119121,-0.014884,-0.873276,6.1075,-7.035,3.22
7074,3162850,0.498004,-0.035624,-0.8703481,6.125,-7.315,3.5875
7075,3162948,0.502884,-0.030012,-0.8708361,4.8825,-7.2975,3.6225
7076,3163045,0.489952,-0.03416,-0.871568,4.1825,-7.735,3.4825
7077,3163143,0.482388,-0.039284,-0.86864,3.9725,-8.0325,3.22
7078,3163240,0.488,-0.035136,-0.870104,3.57,-7.84,2.8525
7079,3163337,0.487756,-0.046848,-0.870592,4.0775,-7.805,2.905
7080,3163435,0.500688,-0.041968,-0.8662001,4.62,-7.56,2.9925
7081,3163532,0.498004,-0.040504,-0.86132,4.69,-7.2975,3.0275
7082,3163630,0.485072,-0.036844,-0.8642481,4.6725,-7.5075,2.8875
7083,3163727,0.473848,-0.050508,-0.871568,5.0225,-7.7175,3.045
7084,3163824,0.496052,-0.044652,-0.868884,5.4075,-6.8075,3.3775
7085,3163922,0.494588,-0.057096,-0.868152,5.8625,-6.44,3.605
7086,3164017,0.484828,-0.06075601,-0.868884,5.5475,-6.2475,3.325
7087,3164115,0.5002,-0.066856,-0.86498,5.1275,-5.565,2.835
7088,3164212,0.497028,-0.063684,-0.860832,4.8125,-5.3725,2.31
7089,3164309,0.48556,-0.05856,-0.863272,4.6725,-5.6525,1.645
7090,3164407,0.47458,-0.051972,-0.8671761,4.3225,-5.635,1.295
7091,3164504,0.4758,-0.044164,-0.872056,4.1125,-5.39,1.295
7092,3164602,0.484584,-0.042456,-0.8662001,3.85,-5.1975,1.5925
7093,3164699,0.48678,-0.054656,-0.864004,3.6575,-5.2675,1.7325
7094,3164796,0.488976,-0.05978,-0.863272,3.3775,-5.8275,1.3475
7095,3164894,0.483364,-0.068076,-0.855708,3.0975,-6.4925,0.735
7096,3164991,0.473116,-0.077348,-0.8657121,2.52,-7.245,-0.3675
7097,3165088,0.477996,-0.067832,-0.87352,1.9775,-7.455,-1.2775
7098,3165186,0.487756,-0.054656,-0.87108,2.1175,-7.35,-1.4175
7099,3165283,0.491904,-0.055144,-0.865956,2.3975,-6.965,-1.155
7100,3165381,0.488244,-0.054656,-0.869128,2.45,-6.825,-0.91
7101,3165478,0.483608,-0.056608,-0.864736,2.24,-6.79,-0.945
7102,3165575,0.47824,-0.058316,-0.857172,2.2225,-7.0175,-1.1375
7103,3165673,0.462136,-0.061976,-0.866932,1.7325,-7.2275,-1.505
7104,3165770,0.47458,-0.071248,-0.8637601,1.715,-7.49,-2.0825
7105,3165867,0.468724,-0.068564,-0.8601,1.0675,-7.84,-2.7825
7106,3165965,0.470432,-0.069052,-0.8576601,0.28,-8.9075,-3.71
7107,3166062,0.46604,-0.076616,-0.851804,-0.8225,-10.395,-5.635
7108,3166160,0.469944,-0.07978801,-0.854732,-3.185,-12.0925,-8.54
7109,3166257,0.475068,-0.07978801,-0.864492,-6.1775,-13.4575,-11.515
7110,3166354,0.478728,-0.06222,-0.8808401,-8.015,-13.65,-13.125
7111,3166452,0.48434,-0.046848,-0.880352,-8.2075,-12.7925,-12.95
7112,3166549,0.484096,-0.033672,-0.881816,-8.12,-11.235,-11.9
7113,3166646,0.485316,-0.024156,-0.8791321,-7.245,-9.87,-10.29
7114,3166744,0.485072,-0.015128,-0.881816,-6.1775,-8.715,-8.715
7115,3166841,0.4819,-0.022692,-0.8769361,-4.795,-7.455,-7.21
7116,3166939,0.48312,-0.019032,-0.8805961,-2.9925,-6.8075,-5.7925
7117,3167036,0.477996,-0.02318,-0.8744961,-1.505,-6.5275,-4.585
7118,3167133,0.4697,-0.02928,-0.87474,-0.2975,-6.5625,-3.675
7119,3167231,0.470188,-0.031232,-0.8786441,0.4725,-6.3875,-3.045
7120,3167328,0.472872,-0.031476,-0.877668,0.8925,-6.2125,-2.59
7121,3167426,0.475312,-0.034648,-0.876204,1.2425,-6.195,-2.275
7122,3167523,0.476532,-0.035136,-0.8744961,1.5225,-6.3175,-1.9775
7123,3167620,0.474092,-0.038552,-0.876692,1.54,-6.4225,-2.0125
7124,3167718,0.470432,-0.040016,-0.878888,1.26,-6.3525,-2.1175
7125,3167815,0.47214,-0.03538,-0.8784,1.19,-6.0375,-2.2925
7126,3167912,0.471652,-0.036844,-0.874252,1.155,-5.775,-2.3975
7127,3168010,0.467016,-0.03904,-0.87352,0.9625,-5.8275,-2.5375
7128,3168107,0.467504,-0.037576,-0.87474,0.7525,-5.81,-2.6425
7129,3168205,0.466284,-0.034404,-0.874252,0.5425,-5.915,-2.4325
7130,3168302,0.469212,-0.032452,-0.876692,0.4375,-5.95,-2.38
7131,3168399,0.469944,-0.029036,-0.877912,0.5425,-6.0725,-2.1175
7132,3168497,0.469944,-0.033916,-0.873764,0.98,-5.9675,-1.8725
7133,3168594,0.467748,-0.041236,-0.8764481,1.1375,-6.0025,-1.6275
7134,3168692,0.465552,-0.035624,-0.8784,0.98,-5.8975,-1.645
7135,3168789,0.460916,-0.037576,-0.876204,0.6125,-5.53,-1.68
7136,3168886,0.464088,-0.03416,-0.87474,0.1575,-4.9875,-1.7325
7137,3168984,0.46482,-0.030256,-0.877912,-0.175,-4.6025,-1.75
7138,3169081,0.463112,-0.037576,-0.881816,-0.63,-4.235,-1.7675
7139,3169178,0.4636,-0.030256,-0.878888,-1.085,-3.465,-1.82
7140,3169276,0.46116,-0.018788,-0.8786441,-1.365,-2.7475,-1.7325
7141,3169373,0.458476,-0.017324,-0.881328,-1.47,-1.645,-1.295
7142,3169471,0.453596,-0.018056,-0.900848,-1.365,-0.49,-0.7
7143,3169568,0.452864,-0.018788,-0.9079241,-1.4525,1.7675,0.0525
7144,3169665,0.438712,0.009516001,-0.9108521,-1.89,4.9875,0.49
7145,3169763,0.4594521,0.03904,-0.9103641,-1.8725,9.0475,2.1175
7146,3169860,0.482388,0.0305,-0.896212,-0.8575,13.4575,5.1625
7147,3169958,0.47458,0.030012,-0.921832,-0.5425,18.7775,8.2775
7148,3170055,0.456524,0.05002,-0.9403761,-0.3325,25.795,11.9175
7149,3170152,0.455548,-0.05172801,-0.9211,2.17,34.895,15.365
7150,3170250,0.427,-0.08881599,-0.949892,2.905,45.6925,15.505
7151,3170347,0.421876,-0.205692,-0.9191481,3.0275,58.9575,11.4625
7152,3170445,0.43066,-0.122244,-0.976,1.9075,74.4275,2.9225
7153,3170542,0.410408,-0.151036,-0.956968,2.2225,91.6125,-5.4775
7154,3170639,0.422364,-0.1159,-0.9845401,2.6775,110.7575,-13.0025
7155,3170737,0.417728,-0.078812,-1.002352,2.7825,131.25,-18.8125
7156,3170834,0.417972,-0.030256,-1.033584,4.6025,153.685,-22.54
7157,3170932,0.426268,0.04636,-1.079212,8.82,178.99,-23.24
7158,3171029,0.415776,0.091988,-1.079212,16.835,205.1875,-19.8625
7159,3171126,0.424804,0.122,-1.096292,25.13,232.89,-12.5125
7160,3171224,0.452376,0.178364,-1.081652,34.44,259.5075,-1.4525
7161,3171321,0.53192,0.295728,-1.127036,43.785,285.53,12.0925
7162,3171418,0.532408,0.135176,-1.053836,63.8575,308.7175,28.7
7163,3171516,0.717848,0.11346,-1.088972,68.355,335.37,38.8675
7164,3171613,1.008208,-0.028548,-1.049932,58.17,356.755,41.0375
7165,3171711,1.31638,-0.459208,-0.811544,41.9825,353.7975,34.0375
7166,3171808,1.597468,-0.254492,-0.9767321,-9.7475,338.8525,18.7075
7167,3171905,1.98494,-0.08808401,-1.11996,-65.7125,309.33,4.69
7168,3172003,1.833172,-0.207644,-1.088484,-98.89251,244.3875,2.3975
7169,3172100,1.280512,-0.19154,-0.803248,-121.275,176.995,14.56
7170,3172198,0.9577,-0.189832,-0.8847441,-153.3,123.235,31.3775
7171,3172295,-0.272304,0.225944,-1.633336,-185.4475,55.965,45.255
7172,3172392,1.398364,0.025132,-1.706048,-187.425,-32.3925,88.46251
7173,3172490,-0.6075601,0.8049561,-1.4701,-160.7375,-89.1625,106.785
7174,3172587,-0.34526,1.130452,-1.069208,-148.155,-121.7125,91.385
7175,3172684,-0.283772,0.90768,-0.993812,-92.3125,-124.32,79.1
7176,3172782,-0.180072,0.534116,-0.989176,-62.405,-138.25,57.995
7177,3172879,-0.092964,0.425536,-0.9813681,-74.4625,-155.8025,28.315
7178,3172977,-0.08808401,0.35258,-0.94916,-93.31,-177.73,3.92
7179,3173074,-0.09882,0.227652,-0.854488,-105.105,-195.2125,-10.29
7180,3173171,-0.119072,0.087108,-0.757376,-112.315,-205.1175,-14.42
7181,3173269,-0.08637601,-0.09394001,-0.72956,-116.3225,-206.36,-8.19
7182,3173366,0.033916,-0.3782,-0.728828,-119.91,-203.1225,8.0325
7183,3173464,0.200812,-0.600484,-0.761036,-132.02,-201.3375,31.395
7184,3173561,0.400892,-0.704916,-0.805932,-153.545,-202.3175,58.5025
7185,3173658,0.5653481,-0.7224841,-0.815692,-172.7775,-206.4825,87.74501
7186,3173756,0.642696,-0.82594,-0.739564,-182.5775,-211.19,118.2125
7187,3173853,0.7183361,-0.9501361,-0.647332,-192.045,-211.2775,146.2125
7188,3173951,0.8620521,-0.93696,-0.604876,-208.985,-203.9275,167.8075
7189,3174048,1.008452,-0.819108,-0.6161,-219.975,-193.585,186.3925
7190,3174145,1.13826,-0.8388721,-0.6036561,-211.2775,-181.6675,205.1525
7191,3174243,1.26148,-0.987712,-0.552172,-196.525,-169.68,222.075
7192,3174340,1.364204,-1.127036,-0.426512,-194.4425,-158.1825,233.59
7193,3174437,1.436428,-1.026264,-0.319884,-208.7575,-146.265,237.6325
7194,3174535,1.452532,-0.81374,-0.271084,-219.1175,-132.72,234.3075
7195,3174632,1.443504,-0.769576,-0.244488,-210.42,-116.8125,224.7875
7196,3174730,1.42862,-0.884988,-0.199348,-196.35,-100.59,208.2325
7197,3174827,1.467416,-0.8957241,-0.202764,-188.7025,-84.5775,186.8825
7198,3174924,1.494988,-1.053592,-0.142252,-169.12,-69.9125,172.935
7199,3175022,1.495964,-1.235128,-0.004148001,-143.0975,-55.58,169.4175
7200,3175119,1.444236,-1.194136,0.116876,-125.755,-39.3225,170.9575
7201,3175216,1.43106,-1.014064,0.162992,-109.795,-20.335,171.9725
7202,3175314,1.403,-0.7198,0.140544,-91.07,-2.905,164.3775
7203,3175411,1.314428,-0.392352,0.12078,-66.3075,9.73,143.5
7204,3175509,1.183888,-0.171776,0.086132,-34.6675,20.5625,110.53
7205,3175606,0.971364,1.90076,-1.230736,7.9975,27.1075,68.9675
7206,3175703,2.033984,-0.440664,-4.516928,183.4525,-30.2575,56.2625
7207,3175801,-1.472052,-2.173308,-1.433256,190.3475,-157.22,42.77
7208,3175898,-1.777296,-0.323544,-0.367708,22.1375,-109.8125,31.605
7209,3175996,3.469924,0.114436,-1.537688,-48.2825,116.2525,-12.7925
7210,3176093,-0.401624,-0.221552,-0.421876,29.225,-36.3125,-1.5575
7211,3176190,0.178608,0.07417601,-1.083604,8.82,-5.4075,0.105
7212,3176288,0.584136,0.00976,-0.76616,9.975,0.63,1.33
7213,3176385,0.836188,-0.548756,-0.648552,15.4875,-16.415,0.875
7214,3176482,0.48434,-0.17812,-0.8827921,-1.5925,-22.82,-5.11
7215,3176580,0.404796,0.07490801,-0.9850281,-13.9125,-19.1275,-6.6675
7216,3176677,0.56974,-0.055144,-0.889624,-2.485,-14.0175,-2.6775
7217,3176775,0.620492,-0.017324,-0.8527801,0.035,-9.0475,-0.07
7218,3176872,0.529968,-0.040748,-0.880352,2.8875,-9.03,2.695
7219,3176969,0.512644,-0.103456,-0.862296,5.8975,-8.1375,4.6025
7220,3177067,0.49776,-0.046116,-0.8805961,3.7975,-6.0025,4.3225
7221,3177164,0.489708,-0.034892,-0.8708361,4.2,-5.53,4.4625
7222,3177262,0.508496,-0.0854,-0.864004,4.1125,-5.4075,4.7775
7223,3177359,0.496296,-0.110776,-0.85888,4.5325,-6.195,3.7975
7224,3177456,0.48678,-0.08174001,-0.874984,2.6775,-6.4575,1.82
7225,3177554,0.489952,-0.08442401,-0.8662001,2.87,-6.2825,0.875
7226,3177651,0.489464,-0.070516,-0.868396,2.59,-5.95,0.2275
7227,3177749,0.484096,-0.049532,-0.881572,1.82,-5.46,-0.0175
7228,3177846,0.491904,-0.05172801,-0.868884,2.275,-5.32,0.4375
7229,3177943,0.491416,-0.035136,-0.873276,2.0825,-5.1975,0.8400001
7230,3178041,0.495076,-0.039772,-0.87474,2.3625,-5.5825,1.2425
7231,3178138,0.499956,-0.04758,-0.872056,2.905,-5.635,1.505
7232,3178236,0.493612,-0.059048,-0.872056,3.6925,-5.6175,1.54
7233,3178333,0.498248,-0.075884,-0.8708361,4.76,-5.4775,1.645
7234,3178430,0.480192,-0.100772,-0.863028,5.355,-5.495,1.6275
7235,3178528,0.478484,-0.09272,-0.86864,4.2175,-4.97,0.9625
7236,3178625,0.476044,-0.096624,-0.86864,3.395,-3.9375,0.28
7237,3178723,0.48312,-0.077592,-0.874252,2.7125,-3.0975,-0.2275
7238,3178820,0.491172,-0.07222401,-0.8718121,2.6775,-2.3625,-0.455
7239,3178917,0.499712,-0.071492,-0.876204,2.7125,-2.0475,-0.2975
7240,3179015,0.508984,-0.07612801,-0.8698601,2.695,-1.7325,-0.175
7241,3179112,0.503128,-0.056852,-0.8637601,1.47,-1.3475,-0.1225
7242,3179210,0.48922,-0.055632,-0.864004,1.2425,-1.6975,0.21
7243,3179307,0.476288,-0.044408,-0.865468,1.6275,-1.9075,0.4725
7244,3179404,0.477752,-0.033672,-0.8713241,2.1175,-2.275,0.735
7245,3179502,0.471408,-0.05587601,-0.8708361,3.465,-2.9575,1.3825
7246,3179599,0.468724,-0.062464,-0.8718121,3.6225,-3.6225,1.6275
7247,3179696,0.481412,-0.081496,-0.8625401,3.5875,-3.9025,1.3125
7248,3179794,0.478484,-0.077348,-0.85644,2.6775,-4.13,0.8575
7249,3179891,0.469212,-0.07686,-0.860344,1.5925,-4.1825,0.49
7250,3179989,0.456036,-0.073688,-0.852536,1.2075,-4.41,0.0
7251,3180086,0.467016,-0.06124401,-0.86132,0.665,-4.7775,-0.63
7252,3180183,0.46848,-0.04636,-0.863028,0.805,-5.18,-1.05
7253,3180281,0.476532,-0.052216,-0.8662001,1.6975,-5.5125,-1.1375
7254,3180378,0.488,-0.057828,-0.876204,2.5375,-5.565,-1.015
7255,3180476,0.492148,-0.07808001,-0.8610761,3.1675,-5.565,-0.945
7256,3180573,0.473604,-0.074664,-0.857172,2.73,-5.8275,-0.875
7257,3180670,0.470432,-0.066124,-0.863516,2.31,-5.8625,-0.8400001
7258,3180768,0.472628,-0.049776,-0.863272,2.275,-5.7925,-0.735
7259,3180865,0.46238,-0.050508,-0.8620521,2.6775,-6.2125,-0.5075
7260,3180963,0.484096,-0.07686,-0.870104,3.1675,-6.4575,-0.455
7261,3181060,0.49166,-0.07417601,-0.8713241,2.8875,-6.5275,-0.5775
7262,3181157,0.47336,-0.08418,-0.865468,2.555,-6.7375,-0.77
7263,3181255,0.468236,-0.07686,-0.86742,2.2925,-6.7375,-1.0675
7264,3181352,0.483608,-0.07564,-0.868396,2.2575,-6.7025,-1.365
7265,3181449,0.480436,-0.080764,-0.859856,2.555,-6.895,-1.6275
7266,3181547,0.465796,-0.070028,-0.865468,2.0825,-7.14,-1.785
7267,3181644,0.476776,-0.08052,-0.8679081,1.6625,-7.0525,-2.1175
7268,3181742,0.476532,-0.079544,-0.8642481,1.1725,-7.0875,-2.2225
7269,3181839,0.46726,-0.069784,-0.861808,0.2275,-7.1925,-2.3275
7270,3181936,0.476044,-0.081252,-0.861808,0.1225,-7.735,-2.4325
7271,3182034,0.478972,-0.07490801,-0.8601,-0.1575,-8.1375,-2.66
7272,3182131,0.471896,-0.08052,-0.8576601,0.0875,-8.82,-3.0275
7273,3182229,0.458964,-0.07490801,-0.860832,-0.035,-9.6775,-3.815
7274,3182326,0.453596,-0.07832401,-0.86132,-0.14,-10.6575,-4.9
7275,3182423,0.445788,-0.07564,-0.858148,-0.525,-11.1825,-6.1775
7276,3182521,0.430416,-0.07832401,-0.84912,-1.3125,-11.7775,-7.5075
7277,3182618,0.4209,-0.08442401,-0.8532681,-3.4825,-11.7075,-9.3975
7278,3182716,0.456524,-0.056608,-0.8676641,-6.72,-11.13,-11.235
7279,3182813,0.49044,-0.036112,-0.8810841,-9.0825,-10.115,-11.6725
7280,3182910,0.520452,-0.026108,-0.88816,-9.66,-8.925,-10.5
7281,3183008,0.524356,-0.04514,-0.89426,-8.2425,-8.1375,-8.96
7282,3183105,0.50996,-0.042212,-0.891576,-6.51,-7.875,-8.0675
7283,3183203,0.491416,-0.028792,-0.891576,-5.9675,-6.8775,-7.1925
7284,3183300,0.478484,-0.042212,-0.89182,-4.3925,-6.2475,-6.1075
7285,3183397,0.473848,-0.034648,-0.911096,-3.745,-5.18,-5.39
7286,3183495,0.44896,0.024888,-0.901336,-3.71,-3.64,-4.655
7287,3183592,0.508252,0.023912,-0.890112,-2.66,-1.75,-2.9925
7288,3183689,0.48922,-0.015128,-0.8857201,-0.8575,-1.365,-1.155
7289,3183787,0.493856,-0.02562,-0.879376,-0.6825,-0.6825,-0.315
7290,3183884,0.5002,-0.065148,-0.869372,-0.4025,-0.28,0.0175
7291,3183982,0.47214,-0.085888,-0.865956,-0.8400001,-0.49,-0.28
7292,3184079,0.45628,-0.05929201,-0.850096,-2.38,-0.0175,-1.33
7293,3184176,0.431636,-0.021472,-0.857172,-3.815,0.8400001,-2.5375
7294,3184274,0.421144,-0.011956,-0.873764,-4.2175,2.3975,-3.1675
7295,3184371,0.426024,0.004636001,-0.8625401,-4.48,4.2,-2.8525
7296,3184468,0.411628,0.032452,-0.8759601,-5.1625,6.37,-1.8725
7297,3184566,0.405284,0.044164,-0.914268,-5.8625,9.5725,0.14
7298,3184663,0.403332,0.036112,-0.9608721,-6.335,14.7,3.115
7299,3184761,0.374784,0.077104,-1.032852,-8.68,23.555,8.12
7300,3184858,0.43066,-0.050264,-0.99796,-9.6425,38.0625,16.3975
7301,3184955,0.552172,-0.308172,-0.914756,-21.3675,57.68,32.4975
7302,3185053,0.447008,0.008052001,-1.096292,-55.4225,82.0925,61.2675
7303,3185150,0.42456,-0.11224,-1.012844,-61.5125,116.6725,76.9475
7304,3185248,0.524112,0.102724,-1.039684,-84.10501,149.94,89.2325
7305,3185345,0.5248441,0.141276,-1.08336,-98.0,180.5475,100.065
7306,3185442,0.487756,0.02806,-1.016016,-98.0175,200.515,111.2125
7307,3185540,0.56364,0.179828,-0.995764,-105.9975,215.215,118.0375
7308,3185637,0.552904,0.215452,-0.9125601,-107.765,218.33,122.185
7309,3185734,0.735416,0.216672,-1.026752,-119.9975,210.5425,113.3475
7310,3185832,0.7998321,0.05124001,-1.0553,-149.0825,185.815,97.93
7311,3185929,0.808372,0.179584,-1.217072,-182.9975,147.6125,86.0825
7312,3186027,0.605364,0.13176,-1.266848,-193.4975,98.21,84.98
7313,3186124,0.283772,0.259372,-1.367132,-188.02,49.9275,95.26999
7314,3186221,0.377712,0.343064,-1.16266,-164.2025,13.3,108.885
7315,3186319,0.276208,0.166896,-1.3786,-144.7425,-12.74,117.46
7316,3186416,0.04026,0.064416,-1.020652,-129.36,-49.5775,124.1275
7317,3186514,-0.039528,0.14884,-0.904508,-137.025,-64.7325,123.095
7318,3186611,0.01464,0.117608,-0.883036,-135.94,-70.665,125.1425
7319,3186708,0.116632,0.090036,-0.912804,-134.365,-76.405,126.665
7320,3186806,0.155672,0.04758,-0.891088,-132.6325,-86.32751,127.4
7321,3186903,0.172752,-0.011712,-0.837408,-131.6525,-96.0925,127.7675
7322,3187000,0.22204,-0.051972,-0.79666,-132.1425,-101.9725,128.415
7323,3187098,0.270596,-0.124196,-0.757864,-132.02,-105.2625,130.3225
7324,3187195,0.342576,-0.195444,-0.7278521,-133.49,-106.6275,132.195
7325,3187293,0.426024,-0.209108,-0.733952,-138.18,-106.6625,132.9125
7326,3187390,0.491904,-0.24888,-0.732244,-140.14,-106.785,132.44
7327,3187487,0.551684,-0.294264,-0.7407841,-138.88,-106.6625,130.13
7328,3187585,0.618052,-0.326228,-0.735416,-134.4525,-106.33,127.7325
7329,3187682,0.6753921,-0.37942,-0.720532,-124.8625,-106.0675,127.4175
7330,3187780,0.717848,-0.446276,-0.680028,-113.75,-105.455,128.8175
7331,3187877,0.75762,-0.477752,-0.646844,-106.015,-103.74,130.5675
7332,3187974,0.792268,-0.449448,-0.6029241,-102.795,-101.29,131.2325
7333,3188072,0.820816,-0.411628,-0.560468,-101.92,-98.1575,128.625
7334,3188169,0.828868,-0.370148,-0.5463161,-101.325,-93.2925,120.68
7335,3188266,0.871568,-0.315248,-0.5795,-97.895,-87.0975,108.7625
7336,3188364,0.9140241,-0.39772,-0.580476,-86.27501,-81.55001,97.09001
7337,3188461,0.9191481,-0.5458281,-0.522404,-72.5375,-76.545,87.0275
7338,3188558,0.9455,-0.598044,-0.479216,-60.8825,-68.3025,80.6225
7339,3188656,1.00162,-0.661484,-0.429196,-43.0675,-56.875,83.3175
7340,3188753,1.047492,-0.636596,-0.385764,-26.0925,-44.87,88.9175
7341,3188851,1.044808,-0.44164,-0.353312,-14.77,-33.0925,89.635
7342,3188948,1.008452,-0.200324,-0.326472,-1.4525,-20.3875,83.86001
7343,3189045,0.96624,-0.033184,-0.309636,16.8525,-7.0875,71.68
7344,3189143,0.952332,0.052948,-0.30744,33.495,6.3175,53.0775
7345,3189240,0.953796,0.078812,-0.321836,45.0975,17.7625,30.8175
7346,3189337,0.854244,0.133224,-0.421632,51.345,26.2325,9.1
7347,3189435,1.267824,1.61894,-1.907348,69.685,26.075,-4.7775
7348,3189532,1.432768,-1.297592,-1.990308,185.85,-16.8175,20.51
7349,3189630,-0.523868,-1.141676,-1.297348,69.545,-109.7425,5.8625
7350,3189727,-1.190964,-0.0244,-0.966728,-6.475,-90.1075,1.645
7351,3189824,0.835212,0.42822,-1.46522,-12.6875,16.415,3.605
7352,3189922,0.9799041,-0.389424,-0.785924,11.62,18.3225,3.4475
7353,3190019,0.506788,-0.3416,-0.803248,0.0175,1.8725,-2.5375
7354,3190117,0.362096,-0.006588,-0.845704,-13.8775,3.92,-9.485
7355,3190214,0.431636,0.202276,-0.817156,-12.425,2.0825,-9.4325
7356,3190311,0.518744,0.106872,-0.8149601,-2.45,0.21,-6.0725
7357,3190409,0.423828,-0.08662001,-0.820572,6.685,-8.3125,-4.5675
7358,3190506,0.47214,-0.180316,-0.885476,5.5125,-11.2,-7.0
7359,3190603,0.53314,-0.082228,-0.9298841,-3.3075,-10.2725,-10.57
7360,3190701,0.48068,-0.007564001,-0.9398881,-7.8575,-11.0075,-12.4425
7361,3190799,0.4453,-0.048556,-0.884988,-7.77,-9.905,-12.67
7362,3190896,0.41846,-0.01342,-0.798368,-8.54,-10.0275,-12.3025
7363,3190993,0.429684,0.057096,-0.809348,-6.8075,-9.9925,-10.6575
7364,3191090,0.487268,0.0366,-0.8662001,-2.1875,-10.29,-7.5775
7365,3191188,0.535336,-0.011468,-0.864004,-0.56,-11.69,-3.675
7366,3191285,0.512156,-0.06563601,-0.885964,1.9775,-12.7925,-0.315
7367,3191383,0.463112,-0.142008,-0.87962,3.08,-12.6,-0.0175
7368,3191480,0.485804,-0.08906,-0.8579041,1.575,-9.9575,-1.4875
7369,3191577,0.449692,-0.023668,-0.875472,4.0425,-7.665,-1.085
7370,3191675,0.468724,-0.03294,-0.888648,9.345,-6.055,1.1375
7371,3191772,0.461892,-0.034404,-0.869372,10.5175,-6.1425,3.01
7372,3191870,0.422608,0.046848,-0.8847441,13.3,-6.7025,6.4575
7373,3191967,0.476044,0.047336,-0.886452,17.325,-5.3375,9.8175
7374,3192064,0.525576,-0.08784,-0.8615641,19.74,-4.865,11.4275
7375,3192162,0.471408,-0.021716,-0.8769361,16.3275,-6.9825,10.2725
7376,3192259,0.48434,-0.011224,-0.8888921,14.56,-7.07,9.275
7377,3192357,0.488,-0.06466001,-0.8808401,15.995,-8.12,9.135
7378,3192454,0.498248,-0.02318,-0.90158,16.3275,-9.52,8.9775
7379,3192552,0.5248441,-0.028792,-0.8874281,15.505,-10.6925,8.96
7380,3192649,0.529724,-0.056852,-0.8740081,14.6125,-11.48,8.89
7381,3192747,0.506788,-0.086132,-0.857172,12.3375,-11.2525,8.1375
7382,3192844,0.490928,-0.082716,-0.871568,8.1725,-9.765,7.14
7383,3192941,0.477264,-0.09028,-0.872056,6.44,-9.2225,6.265
7384,3193039,0.463112,-0.11834,-0.874252,4.6375,-8.8725,4.935
7385,3193136,0.454084,-0.1037,-0.8805961,3.64,-8.855,3.43
7386,3193233,0.454816,-0.09516001,-0.8866961,2.695,-8.1375,2.2575
7387,3193331,0.449936,-0.09613601,-0.881572,2.45,-7.7,1.33
7388,3193428,0.449448,-0.08881599,-0.883768,1.8725,-7.3325,0.4375
7389,3193525,0.45018,-0.083448,-0.8810841,1.7325,-6.8425,-0.2975
7390,3193623,0.46238,-0.070028,-0.8769361,1.645,-6.475,-0.8925
7391,3193720,0.457256,-0.06222,-0.874984,1.715,-6.265,-1.2075
7392,3193818,0.44408,-0.060268,-0.8808401,1.435,-6.3875,-1.4
7393,3193915,0.461404,-0.03904,-0.8808401,0.945,-6.2125,-1.47
7394,3194012,0.462868,-0.057828,-0.874252,1.365,-6.6325,-0.9275
7395,3194110,0.475068,-0.055144,-0.8784,1.8025,-6.965,-0.49
7396,3194207,0.471652,-0.063928,-0.883036,2.135,-7.1225,0.035
7397,3194305,0.469944,-0.06880801,-0.8764481,2.2225,-6.7725,0.245
7398,3194402,0.465308,-0.073932,-0.881816,2.24,-6.335,0.1575
7399,3194499,0.461404,-0.076616,-0.884012,2.4325,-5.8625,-0.2275
7400,3194597,0.456524,-0.069784,-0.881572,2.485,-5.2675,-0.6475
7401,3194694,0.453596,-0.07832401,-0.882548,2.59,-5.145,-1.12
7402,3194792,0.46116,-0.07027201,-0.882304,2.52,-4.7425,-1.47
7403,3194889,0.463844,-0.07076001,-0.881572,2.4675,-4.41,-1.54
7404,3194986,0.469456,-0.07027201,-0.878888,2.6075,-4.2525,-1.5925
7405,3195084,0.46726,-0.06954,-0.8786441,2.7475,-4.06,-1.5925
7406,3195181,0.463112,-0.0793,-0.8784,2.9225,-3.85,-1.4
7407,3195279,0.450912,-0.07808001,-0.8820601,2.94,-3.7625,-1.3125
7408,3195376,0.4553041,-0.077592,-0.8805961,2.8175,-3.535,-1.5575
7409,3195473,0.458964,-0.072468,-0.876692,2.6775,-3.7625,-1.925
7410,3195571,0.451888,-0.06661201,-0.876204,2.6425,-4.3575,-2.1525
7411,3195668,0.459208,-0.05636401,-0.8769361,2.66,-4.7425,-2.1175
7412,3195765,0.464332,-0.059048,-0.87352,3.045,-5.075,-1.75
7413,3195863,0.462624,-0.061488,-0.874984,3.115,-5.565,-1.4
7414,3195960,0.46604,-0.059048,-0.876692,3.325,-5.9325,-1.1375
7415,3196058,0.46116,-0.077104,-0.8740081,3.5,-6.0375,-0.7525
7416,3196155,0.458964,-0.077104,-0.875472,3.465,-6.37,-0.735
7417,3196252,0.457256,-0.08759601,-0.878156,3.3075,-6.9125,-1.1375
7418,3196350,0.453352,-0.07856801,-0.8784,2.975,-7.105,-1.47
7419,3196447,0.4514,-0.07027201,-0.886452,2.8525,-7.0175,-1.7675
7420,3196545,0.4594521,-0.05978,-0.8866961,3.0275,-6.7025,-1.82
7421,3196642,0.460184,-0.068564,-0.87718,3.255,-6.58,-1.4875
7422,3196739,0.460672,-0.07515201,-0.877424,3.22,-6.65,-1.225
7423,3196837,0.464088,-0.079056,-0.881816,3.3425,-6.37,-1.0675
7424,3196934,0.463356,-0.08296,-0.879376,3.22,-6.0025,-1.155
7425,3197031,0.462624,-0.081252,-0.879376,3.1675,-5.6175,-1.33
7426,3197129,0.457256,-0.079056,-0.883768,3.2725,-5.46,-1.54
7427,3197226,0.46238,-0.07417601,-0.881572,3.5,-5.4425,-1.6975
7428,3197324,0.47336,-0.072956,-0.877912,3.7975,-5.32,-1.61
7429,3197421,0.471652,-0.064172,-0.879864,4.0425,-5.32,-1.2075
7430,3197518,0.466772,-0.084912,-0.875716,4.165,-5.6525,-0.7875
7431,3197616,0.45628,-0.101992,-0.877668,3.9725,-5.9675,-0.5075
7432,3197713,0.448716,-0.09247601,-0.882304,3.0975,-5.8275,-0.7175
7433,3197811,0.445544,-0.073444,-0.881816,2.415,-5.6175,-1.0325
7434,3197908,0.45018,-0.076616,-0.879376,2.065,-5.565,-1.33
7435,3198005,0.438956,-0.054168,-0.872056,1.7675,-5.81,-1.61
7436,3198103,0.436516,-0.077592,-0.8657121,1.89,-6.7025,-2.135
7437,3198200,0.448716,-0.077836,-0.8708361,1.435,-7.7875,-3.3075
7438,3198298,0.4594521,-0.081252,-0.8786441,1.0675,-8.785,-4.3575
7439,3198395,0.46848,-0.07564,-0.8845,0.49,-9.2225,-5.075
7440,3198492,0.459696,-0.063928,-0.897432,0.5425,-9.0125,-4.8475
7441,3198590,0.439688,-0.06466001,-0.90402,1.6275,-7.77,-3.675
7442,3198687,0.439688,-0.053924,-0.9181721,2.275,-5.7925,-2.9925
7443,3198784,0.437248,0.016104,-0.906704,1.9425,-3.255,-2.2925
7444,3198882,0.463844,0.017324,-0.8827921,2.415,-1.6625,-0.49
7445,3198979,0.473604,-0.06661201,-0.864736,3.99,-2.17,1.5925
7446,3199077,0.466284,-0.119072,-0.860588,3.815,-3.955,1.8725
7447,3199174,0.454572,-0.139568,-0.8620521,2.905,-5.6,0.595
7448,3199271,0.45262,-0.133468,-0.870104,1.7675,-6.475,-1.3475
7449,3199369,0.443836,-0.113704,-0.871568,0.945,-7.035,-3.29
7450,3199466,0.446764,-0.087352,-0.876204,0.035,-7.14,-4.7425
7451,3199564,0.44652,-0.07417601,-0.879376,-0.49,-7.1575,-5.425
7452,3199661,0.44774,-0.06466001,-0.8744961,-0.6825,-7.2625,-5.5475
7453,3199758,0.443348,-0.05978,-0.8810841,-1.05,-7.6125,-5.2325
7454,3199856,0.443104,-0.060268,-0.885476,-0.7875,-7.7,-4.69
7455,3199953,0.44408,-0.056852,-0.8820601,-0.4725,-7.6125,-4.0425
7456,3200051,0.432612,-0.059048,-0.8820601,0.0,-8.0325,-3.3075
7457,3200148,0.436272,-0.06563601,-0.8893801,0.0875,-7.9975,-2.73
7458,3200245,0.432856,-0.064416,-0.874984,0.0525,-7.1225,-2.3275
7459,3200343,0.41846,-0.06344,-0.893772,-0.875,-6.4925,-2.1875
7460,3200440,0.435052,-0.08784,-0.8967,-1.435,-4.725,-2.1525
7461,3200538,0.4209,-0.098576,-0.9028,-2.7825,-2.38,-2.87
7462,3200635,0.434808,-0.07832401,-0.91012,-4.865,1.295,-4.1825
7463,3200732,0.44286,-0.0488,-0.917684,-6.1075,6.1075,-4.515
7464,3200830,0.43432,0.0,-0.9315921,-6.7375,11.27,-3.4825
7465,3200927,0.428464,0.034404,-0.9638,-6.405,17.64,-0.7875
7466,3201024,0.468968,-0.006588,-0.9501361,-4.515,26.7225,3.6225
7467,3201122,0.386252,-0.05978,-1.046028,-3.675,39.9875,7.2275
7468,3201219,0.294996,-0.198616,-1.025532,-0.7875,59.15,8.19
7469,3201317,0.363316,-0.14518,-1.076284,-4.3225,88.9175,2.45
7470,3201414,0.311832,-0.1464,-1.121668,-2.1,119.91,-4.7075
7471,3201511,0.28792,-0.08759601,-1.177056,2.2225,157.465,-12.6525
7472,3201609,0.272304,-0.023424,-1.221464,10.6225,200.1825,-18.48
7473,3201706,0.300852,0.014396,-1.24684,24.8675,243.32,-20.1075
7474,3201804,0.334036,0.045872,-1.247572,39.515,280.1575,-15.8025
7475,3201901,0.451156,0.111508,-1.222196,52.6225,309.19,-6.44
7476,3201998,0.603168,0.098332,-1.160708,63.77,326.3225,7.5075
7477,3202096,0.855708,0.098576,-1.215852,67.5675,333.7425,20.72
7478,3202193,1.08214,0.001708,-1.247328,72.59,331.205,31.36
7479,3202290,1.258308,-0.039772,-1.101904,75.705,316.2425,37.0125
7480,3202388,1.386652,-0.158844,-1.196576,66.9375,290.9725,38.255
7481,3202485,1.395924,-0.580232,-1.239276,52.99,251.0725,31.57
7482,3202583,0.9943001,-0.370392,-1.167296,4.41,199.0975,15.47
7483,3202680,0.457988,-0.183976,-1.547936,-59.0975,139.5975,5.95
7484,3202777,0.31354,-0.248636,-1.588196,-100.59,59.255,21.56
7485,3202875,0.288652,0.346968,-1.92028,-98.3325,9.625,48.37
7486,3202972,-0.328424,0.493856,-1.341268,-79.3975,-44.135,67.1475
7487,3203069,-0.438956,0.5248441,-1.115812,-52.08,-70.4025,70.5425
7488,3203167,-0.491172,0.399428,-0.908168,-32.9,-82.285,64.19
7489,3203264,-0.4148,0.268644,-0.846924,-33.635,-89.215,50.61
7490,3203362,-0.303048,0.303536,-0.83692,-50.785,-99.17251,32.4275
7491,3203459,-0.206424,0.35624,-0.827892,-65.50251,-111.86,15.995
7492,3203556,-0.153476,0.357216,-0.803248,-69.125,-124.495,4.2
7493,3203654,-0.052704,0.271816,-0.787632,-66.0275,-133.0,-3.6925
7494,3203751,0.085156,0.151524,-0.817156,-64.54,-139.37,-9.4675
7495,3203848,0.289384,0.07490801,-0.9093881,-68.005,-146.16,-15.085
7496,3203946,0.48556,0.037332,-0.987956,-72.4675,-156.695,-20.3875
7497,3204043,0.61488,-0.018056,-1.006988,-72.45,-171.7275,-25.0425
7498,3204141,0.67222,-0.10248,-0.957944,-69.615,-186.8475,-29.645
7499,3204238,0.68686,-0.188612,-0.892796,-68.1625,-197.4,-34.02
7500,3204335,0.766892,-0.259616,-0.8615641,-70.105,-200.1825,-38.4475
7501,3204433,0.8652241,-0.293532,-0.874984,-71.99501,-198.695,-40.6
7502,3204530,0.974292,-0.321348,-0.898652,-72.135,-197.33,-39.165
7503,3204627,1.067744,-0.366244,-0.887672,-69.8425,-197.4175,-34.265
7504,3204725,1.119228,-0.442372,-0.82838,-68.53,-197.6625,-27.4925
7505,3204822,1.20048,-0.488732,-0.727608,-73.2025,-194.1975,-21.14
7506,3204920,1.280268,-0.476532,-0.628788,-83.2825,-185.115,-15.8375
7507,3205017,1.364448,-0.383324,-0.561932,-93.73,-169.6625,-11.34
7508,3205114,1.541836,-0.258884,-0.563152,-99.26001,-148.82,-5.88
7509,3205212,1.681892,-0.184464,-0.560224,-93.52,-131.215,2.7475
7510,3205309,1.755336,-0.183732,-0.51606,-82.705,-118.6325,12.2325
7511,3205407,1.795596,-0.26596,-0.408212,-76.0025,-108.0975,20.86
7512,3205504,1.794132,-0.299632,-0.254736,-81.0075,-99.26001,26.95
7513,3205601,1.72752,-0.210816,-0.07978801,-93.485,-90.405,28.8575
7514,3205699,1.641876,-0.029768,0.043676,-99.6975,-79.0475,28.875
7515,3205796,1.57014,0.06344,0.121024,-89.46,-64.33,30.17
7516,3205894,1.542812,0.057828,0.139324,-69.7025,-48.3525,31.885
7517,3205991,1.502064,0.032208,0.128588,-52.675,-35.4025,30.765
7518,3206088,1.423008,0.046116,0.118828,-42.2275,-26.6525,26.3025
7519,3206186,1.311744,0.022204,0.118584,-34.895,-19.6875,20.335
7520,3206283,1.247328,-0.019764,0.08808401,-29.89,-11.2,12.74
7521,3206381,1.208288,-0.026596,0.025376,-26.53,-1.96,4.0075
7522,3206478,1.131672,-0.060512,0.019276,-19.2325,5.985,-3.6575
7523,3206575,1.04798,-0.09442801,0.01586,-10.0625,16.24,-9.38
7524,3206673,1.049932,-0.152744,-0.02928,-0.91,30.905,-11.8825
7525,3206770,1.108492,0.344528,-0.473604,5.67,44.17,-13.0025
7526,3206868,0.883768,0.55022,-0.517036,57.4,53.7775,-11.305
7527,3206965,0.8447281,0.385032,-0.769576,130.6725,58.835,-3.115
7528,3207062,0.274744,2.786236,-3.265452,207.445,37.0475,4.795
7529,3207160,-2.343132,-1.801208,-4.02722,434.14,-28.8575,80.36
7530,3207257,-2.400472,-4.231448,-1.274656,352.2225,-29.6975,81.13
7531,3207354,0.543876,-2.866512,0.315736,32.8125,61.705,39.4625
7532,3207452,3.457968,1.82512,-1.269288,-102.865,135.59,-6.58
7533,3207549,1.408612,1.548424,-1.440332,-30.87,22.05,-25.8475
7534,3207647,-0.91988,-1.081164,-0.415044,149.8,-68.2325,49.84
7535,3207744,0.6588,-1.034072,-1.199992,66.01,21.35,27.16
7536,3207841,0.543388,-0.04148,-0.6368401,12.075,12.705,9.695
7537,3207939,0.533872,0.027572,-0.88328,20.195,-2.17,5.565
7538,3208036,0.453596,-0.246196,-0.9208561,32.0775,-4.6725,7.9275
7539,3208133,0.471896,0.07686,-0.873032,16.0475,-6.51,6.58
7540,3208231,0.518256,0.145912,-0.9298841,9.4675,-2.7825,7.455
7541,3208328,0.36478,0.008784,-0.9171961,11.5325,-5.5125,10.2025
7542,3208426,0.426756,-0.006344,-0.89792,6.125,-1.9075,12.1625
7543,3208523,0.523624,-0.110532,-0.82594,6.86,-2.485,13.44
7544,3208620,0.5785241,-0.105652,-0.852048,4.725,-6.3875,12.74
7545,3208718,0.51972,-0.08881599,-0.87474,4.4625,-9.3975,11.6025
7546,3208815,0.466528,-0.138592,-0.8786441,6.1775,-12.3725,10.57
7547,3208913,0.452864,-0.111752,-0.882548,4.6725,-11.9175,9.065
7548,3209010,0.476044,-0.177388,-0.8615641,4.76,-11.4975,7.6475
7549,3209107,0.479704,-0.183976,-0.850584,2.6775,-10.92,5.7925
7550,3209205,0.47336,-0.172996,-0.860588,-0.98,-9.555,3.2025
7551,3209302,0.479948,-0.163724,-0.8576601,-2.0125,-9.415,0.8925
7552,3209400,0.498248,-0.108824,-0.869372,-3.43,-9.2925,-1.1725
7553,3209497,0.499468,-0.077104,-0.872788,-3.2375,-9.625,-2.0475
7554,3209594,0.484096,-0.071248,-0.863028,-1.785,-10.57,-1.96
7555,3209692,0.486536,-0.06832001,-0.86498,-1.8025,-11.6375,-1.645
7556,3209789,0.481412,-0.07515201,-0.869372,-1.295,-13.1425,-1.3825
7557,3209886,0.462136,-0.08881599,-0.8810841,-0.9975,-13.9825,-1.2775
7558,3209984,0.465308,-0.09442801,-0.885476,-1.1375,-13.4925,-1.505
7559,3210081,0.465796,-0.081984,-0.8852321,-1.68,-12.215,-1.9775
7560,3210179,0.479216,-0.075884,-0.87718,-1.26,-11.2,-2.1875
7561,3210276,0.485072,-0.08662001,-0.8759601,-0.56,-10.6575,-2.1875
7562,3210373,0.48068,-0.083936,-0.8842561,-0.2625,-10.0275,-2.17
7563,3210471,0.4758,-0.08466801,-0.886452,0.0,-8.96,-2.17
7564,3210568,0.467992,-0.083936,-0.88328,0.7175,-7.77,-2.24
7565,3210666,0.47214,-0.07686,-0.882304,1.085,-6.9125,-2.275
7566,3210763,0.465552,-0.07490801,-0.8820601,1.47,-6.265,-2.03
7567,3210860,0.469212,-0.072956,-0.8852321,1.82,-5.7575,-1.5925
7568,3210958,0.472384,-0.081496,-0.876692,2.1525,-5.285,-1.3125
7569,3211055,0.463356,-0.080276,-0.877668,2.45,-5.4075,-1.155
7570,3211152,0.460428,-0.082228,-0.879376,2.3275,-5.355,-1.225
7571,3211250,0.467504,-0.080276,-0.8810841,2.5375,-5.11,-1.365
7572,3211347,0.467748,-0.07978801,-0.877424,2.7125,-4.9,-1.225
7573,3211445,0.468968,-0.07832401,-0.876204,2.8,-4.585,-1.1025
7574,3211542,0.461648,-0.08906,-0.881328,2.975,-4.5325,-0.8400001
7575,3211639,0.456768,-0.078812,-0.8764481,3.01,-4.4625,-0.7175
7576,3211737,0.451156,-0.077348,-0.876692,3.0275,-4.7425,-0.735
7577,3211834,0.4594521,-0.076616,-0.8786441,3.15,-4.9875,-0.735
7578,3211932,0.466772,-0.07442,-0.8769361,3.325,-5.0225,-0.56
7579,3212029,0.468968,-0.081496,-0.877424,3.3775,-5.2675,-0.3675
7580,3212127,0.463844,-0.084912,-0.8827921,3.395,-5.2675,-0.14
7581,3212224,0.46116,-0.088328,-0.877424,3.5175,-5.005,0.035
7582,3212321,0.459696,-0.085156,-0.876692,3.465,-4.8825,0.1575
7583,3212419,0.459696,-0.086864,-0.8764481,3.675,-4.935,0.105
7584,3212516,0.46238,-0.08418,-0.8740081,3.7625,-4.9875,0.0875
7585,3212613,0.463356,-0.08003201,-0.880352,3.9725,-5.1625,0.175
7586,3212711,0.468724,-0.088328,-0.873764,4.305,-5.0575,0.3675
7587,3212808,0.4636,-0.09028,-0.8759601,4.4975,-5.1275,0.49
7588,3212906,0.462136,-0.09320801,-0.8764481,4.6375,-5.18,0.5425
7589,3213003,0.465308,-0.105408,-0.872056,4.69,-5.285,0.525
7590,3213100,0.458476,-0.108824,-0.874252,4.62,-5.285,0.3675
7591,3213198,0.45872,-0.10736,-0.873032,4.5325,-5.39,0.0525
7592,3213295,0.457988,-0.09613601,-0.873276,4.235,-5.565,-0.3675
7593,3213393,0.44286,-0.091744,-0.874252,4.27,-6.265,-0.63
7594,3213490,0.447496,-0.085888,-0.875716,4.025,-6.8775,-0.805
7595,3213587,0.444812,-0.080764,-0.873764,4.095,-7.42,-0.945
7596,3213685,0.446032,-0.0793,-0.872056,4.2875,-8.05,-1.05
7597,3213782,0.453108,-0.08564401,-0.871568,4.1125,-8.5225,-0.7875
7598,3213880,0.446032,-0.107116,-0.866444,4.1475,-9.275,-0.665
7599,3213977,0.447496,-0.1098,-0.8786441,3.43,-9.7825,-0.9625
7600,3214074,0.455792,-0.10126,-0.875716,3.1325,-9.9925,-1.5225
7601,3214172,0.4575,-0.099552,-0.873276,2.7825,-10.4475,-1.89
7602,3214269,0.453352,-0.092964,-0.879864,2.695,-10.7975,-2.135
7603,3214367,0.454816,-0.087352,-0.889624,2.94,-10.815,-2.135
7604,3214464,0.454816,-0.082716,-0.8903561,3.57,-10.2025,-1.9425
7605,3214561,0.45994,-0.0976,-0.883768,4.3925,-9.415,-1.61
7606,3214659,0.460184,-0.084912,-0.89426,4.06,-8.5225,-1.68
7607,3214756,0.465308,-0.08296,-0.8764481,3.99,-7.1225,-1.645
7608,3214854,0.436272,-0.109068,-0.8786441,4.305,-6.93,-1.225
7609,3214951,0.39406,-0.096868,-0.864736,3.29,-6.8425,-1.9425
7610,3215049,0.361364,-0.10126,-0.90036,1.925,-6.3,-3.325
7611,3215146,0.324276,-0.113704,-0.975512,0.98,-4.0075,-4.7425
7612,3215243,0.338916,0.070028,-0.98942,-3.08,4.13,-5.6
7613,3215341,0.43554,0.102236,-0.996008,-7.0175,18.83,-2.31
7614,3215438,0.470676,0.076372,-1.053592,-1.5575,33.88,7.0
7615,3215536,0.496296,0.043676,-1.113372,5.6,55.3875,18.165
7616,3215633,0.318176,-0.158112,-1.288808,16.5025,86.03,27.44
7617,3215730,0.2928,0.07198,-1.279292,25.025,128.7825,29.96
7618,3215828,0.393084,0.174948,-1.3725,30.6775,176.645,31.85
7619,3215925,0.311832,-0.04148,-1.275632,64.645,213.92,38.2025
7620,3216023,0.244244,-0.06124401,-1.302228,82.5475,255.815,41.1425
7621,3216120,0.224236,0.041724,-1.304424,106.155,297.955,43.155
7622,3216218,0.332816,-0.092232,-1.186816,137.935,328.1775,48.475
7623,3216315,0.466772,-0.02806,-1.13704,150.22,345.695,53.9175
7624,3216412,0.6646561,-0.129808,-1.02236,158.8475,352.4325,59.29
7625,3216510,0.724436,-0.361852,-0.855708,167.3525,351.82,61.145
7626,3216607,0.850096,-0.311832,-0.798368,153.65,354.375,54.5125
7627,3216705,0.952332,-0.133956,-0.794708,134.575,351.7325,46.9525
7628,3216802,1.06628,-0.152744,-0.818132,133.6475,341.53,47.8275
7629,3216899,1.13094,-0.153476,-0.823744,139.545,323.61,52.1675
7630,3216997,1.229272,-0.199348,-0.8893801,143.15,297.9375,53.5325
7631,3217094,1.179008,-0.316956,-0.744444,148.47,261.03,51.1525
7632,3217191,0.992348,-0.266204,-0.6753921,133.035,222.7925,37.17
7633,3217289,0.856196,-0.288896,-0.637816,120.2075,179.4275,22.505
7634,3217386,0.662704,-0.291336,-0.42212,106.085,124.6,7.9975
7635,3217484,0.903288,0.102724,-1.607228,80.4125,72.4675,-8.6975
7636,3217581,0.815448,1.021872,-2.383392,-109.8475,-44.94,-131.3375
7637,3217678,-0.174216,1.042124,-1.2871,-34.755,-196.105,-158.0075
7638,3217776,-0.433588,0.8559521,-0.91622,-10.22,-183.505,-183.33
7639,3217873,-0.289384,0.207888,-0.713944,59.85,-171.0275,-178.8675
7640,3217971,-0.110776,-0.468724,-0.7666481,84.9625,-155.0325,-153.86
7641,3218068,0.058316,-0.812032,-0.8596121,54.8975,-155.4525,-124.775
7642,3218165,0.112972,-0.889136,-0.9440361,-2.2225,-168.14,-91.21
7643,3218263,0.175192,-0.74298,-0.984784,-56.525,-183.5575,-54.8275
7644,3218360,0.241316,-0.576572,-0.992348,-92.015,-197.89,-16.8875
7645,3218458,0.286456,-0.467992,-0.946232,-107.275,-211.3475,18.97
7646,3218555,0.34892,-0.414556,-0.889624,-113.3825,-221.1125,46.585
7647,3218652,0.452376,-0.390644,-0.83814,-120.3125,-226.9925,62.825
7648,3218750,0.55266,-0.328668,-0.816424,-130.6725,-231.49,67.41001
7649,3218847,0.657336,-0.266936,-0.8195961,-138.9325,-233.59,62.93
7650,3218944,0.730536,-0.263032,-0.8047121,-140.91,-235.3225,52.465
7651,3219042,0.805444,-0.259616,-0.83082,-138.74,-235.27,37.2575
7652,3219139,0.906216,-0.25132,-0.8935281,-131.74,-233.695,19.915
7653,3219237,1.000888,-0.292068,-0.9674601,-117.005,-233.3625,4.6725
7654,3219334,1.111908,-0.394548,-1.001376,-100.415,-233.5375,-6.65
7655,3219431,1.198528,-0.508252,-0.9911281,-88.655,-234.01,-14.49
7656,3219529,1.3237,-0.586332,-0.9911281,-83.30001,-231.385,-17.815
7657,3219626,1.451556,-0.670268,-0.99796,-81.1475,-226.0825,-16.1
7658,3219724,1.583804,-0.6729521,-0.993812,-83.2825,-220.4825,-10.325
7659,3219821,1.7202,-0.6124401,-0.942084,-86.7475,-215.11,-1.96
7660,3219918,1.91418,-0.478728,-0.866444,-87.4125,-209.16,5.775
7661,3220016,2.03496,-0.533384,-0.630984,-78.47,-204.89,11.0425
7662,3220113,2.076928,-0.579256,-0.360632,-73.675,-199.01,11.235
7663,3220211,2.14354,-0.555588,-0.08759601,-76.475,-186.375,7.245
7664,3220308,2.124508,-0.448716,0.177144,-73.97251,-171.8675,3.8325
7665,3220405,2.057896,-0.272548,0.383812,-59.71,-153.9825,5.8625
7666,3220503,2.001532,-0.157868,0.510448,-32.1125,-131.775,17.535
7667,3220600,1.816824,-0.244976,0.807884,1.82,-106.12,36.8375
7668,3220698,1.924184,-0.36722,0.86742,10.9025,-68.46,52.185
7669,3220795,1.789984,-0.134932,0.8108121,-2.555,-38.6575,51.6775
7670,3220892,1.604056,0.486292,0.595116,-0.4375,-7.56,33.005
7671,3220990,0.82838,0.5058121,-0.493124,57.47,12.5125,5.075
7672,3221087,-0.309636,-0.852536,-1.603568,121.8,19.845,-8.6275
7673,3221185,-1.06628,-1.125328,-1.636996,84.2275,15.5225,-43.5575
7674,3221282,-0.306952,-0.684908,-0.479216,10.08,49.7875,-56.7875
7675,3221379,0.68686,-0.71614,-0.364292,7.175,95.97,-18.8125
7676,3221477,0.982588,-0.8235001,-1.293932,16.2575,120.0325,12.5125
7677,3221574,0.9254921,0.024156,-1.397388,-20.125,94.1325,7.63
7678,3221672,0.6117081,0.541436,-0.8713241,-24.4825,64.5925,-1.925
7679,3221769,0.5736441,0.486536,-0.888648,-3.815,65.29251,-10.3425
7680,3221866,0.640744,0.215452,-1.064084,12.2675,67.8125,-21.98
7681,3221964,0.488244,-0.21228,-0.90768,25.3225,57.75,-23.7475
7682,3222061,0.307684,-0.422852,-0.7978801,23.5725,52.6575,-18.655
7683,3222159,1.30906,-0.5124001,-1.896368,19.5475,51.0475,-7.5775
7684,3222256,0.629032,-0.072956,-0.721264,14.1225,5.215,2.4325
7685,3222353,0.329156,0.14518,-0.892796,-3.57,-16.695,5.7575
7686,3222451,0.60146,-0.042944,-1.05164,4.13,8.575,4.76
7687,3222548,0.310124,-0.149816,-0.8418,12.4075,-9.275,7.035
7688,3222646,0.546072,-0.103212,-0.931348,1.7325,-1.3825,5.6175
7689,3222743,0.544608,-0.035868,-0.9079241,-0.9625,-5.005,4.1475
7690,3222840,0.55144,-0.125416,-0.8913321,0.4025,-9.52,4.06
7691,3222938,0.54656,-0.144448,-0.879376,0.1575,-10.7625,3.395
7692,3223035,0.553148,-0.11468,-0.8847441,-0.9625,-9.8525,1.4875
7693,3223133,0.522892,-0.066856,-0.8888921,-1.19,-9.38,0.455
7694,3223230,0.489708,-0.049288,-0.8857201,-0.7875,-8.61,0.6475
7695,3223327,0.487756,-0.0732,-0.893284,-0.0875,-8.015,0.91
7696,3223425,0.508984,-0.066856,-0.874984,0.28,-6.7375,1.05
7697,3223522,0.51484,-0.027328,-0.87718,-0.385,-5.1275,1.6975
7698,3223620,0.498004,-0.034404,-0.875228,-0.28,-4.34,2.975
7699,3223717,0.477996,-0.03294,-0.885476,-0.595,-4.445,4.0075
7700,3223814,0.488976,-0.053192,-0.866688,-0.385,-4.6725,4.55
7701,3223912,0.464576,-0.06636801,-0.87108,0.0,-6.16,4.655
7702,3224009,0.471408,-0.071248,-0.8759601,0.6125,-7.8925,4.2525
7703,3224107,0.473848,-0.067832,-0.873764,0.9275,-8.96,4.06
7704,3224204,0.472872,-0.07856801,-0.8671761,1.05,-9.975,4.0425
7705,3224301,0.463356,-0.098576,-0.86498,0.735,-11.305,3.605
7706,3224399,0.452132,-0.09882,-0.868884,0.4725,-12.6175,2.73
7707,3224496,0.452132,-0.10248,-0.87108,0.3675,-13.51,1.435
7708,3224594,0.458476,-0.107848,-0.872056,0.4725,-13.93,0.0175
7709,3224691,0.452376,-0.100284,-0.8827921,-0.1925,-13.475,-1.3125
7710,3224788,0.459208,-0.076616,-0.887672,-0.9625,-11.9875,-2.5025
7711,3224886,0.456524,-0.0732,-0.8862081,-0.7,-10.465,-3.15
7712,3224983,0.452864,-0.063684,-0.8906,-0.1925,-9.485,-3.3425
7713,3225081,0.453108,-0.05368,-0.885964,0.21,-8.8025,-3.2025
7714,3225178,0.452864,-0.060512,-0.887672,0.4375,-8.47,-2.66
7715,3225276,0.457744,-0.076372,-0.883768,0.9625,-7.665,-2.24
7716,3225373,0.443836,-0.072956,-0.887672,0.8575,-7.1575,-2.5025
7717,3225470,0.448228,-0.07686,-0.888404,0.6825,-6.4225,-2.73
7718,3225568,0.450668,-0.06954,-0.887916,0.56,-5.5475,-3.0275
7719,3225665,0.455792,-0.06880801,-0.8845,0.6825,-5.0575,-3.1325
7720,3225762,0.45262,-0.06661201,-0.888404,0.7,-4.76,-3.185
7721,3225860,0.456768,-0.064904,-0.8869401,0.8400001,-4.655,-3.15
7722,3225957,0.457988,-0.060268,-0.8866961,0.98,-4.4975,-3.0275
7723,3226054,0.456524,-0.06270801,-0.886452,1.4175,-4.3925,-2.835
7724,3226152,0.452132,-0.058316,-0.8906,1.6975,-4.305,-2.6075
7725,3226249,0.459208,-0.057584,-0.8857201,1.995,-4.1475,-2.3275
7726,3226347,0.45872,-0.06270801,-0.884012,2.345,-4.06,-2.0475
7727,3226444,0.457012,-0.058316,-0.883768,2.5025,-3.92,-1.82
7728,3226541,0.454816,-0.060024,-0.8869401,2.7475,-3.745,-1.435
7729,3226639,0.453108,-0.055144,-0.8874281,2.9575,-3.605,-1.155
7730,3226736,0.4594521,-0.058316,-0.884988,3.29,-3.6225,-0.875
7731,3226834,0.461892,-0.06588,-0.884012,3.4825,-3.6575,-0.49
7732,3226931,0.45384,-0.071736,-0.880352,3.7275,-3.78,-0.14
7733,3227028,0.4514,-0.069296,-0.885964,3.4125,-3.885,-0.14
7734,3227126,0.445544,-0.077836,-0.881816,3.78,-3.9025,-0.2625
7735,3227223,0.443836,-0.07686,-0.8808401,3.7275,-3.8675,-0.5075
7736,3227321,0.4392,-0.073444,-0.8866961,3.6225,-4.13,-0.875
7737,3227418,0.456768,-0.069296,-0.884012,3.605,-3.9725,-1.1025
7738,3227515,0.457988,-0.076372,-0.881572,3.955,-4.025,-1.0675
7739,3227613,0.454816,-0.07490801,-0.873032,4.06,-4.305,-1.015
7740,3227710,0.42334,-0.077836,-0.873276,3.9725,-5.1975,-1.2775
7741,3227808,0.423096,-0.067588,-0.8791321,3.0625,-6.125,-1.785
7742,3227905,0.430904,-0.07856801,-0.87718,2.835,-7.0175,-2.1525
7743,3228002,0.429196,-0.07832401,-0.8769361,2.7475,-7.735,-2.59
7744,3228100,0.432612,-0.08637601,-0.875472,2.8175,-8.6625,-3.4475
7745,3228197,0.44408,-0.091012,-0.871568,2.6075,-9.625,-4.375
7746,3228294,0.437736,-0.09320801,-0.8725441,2.0825,-10.4825,-5.565
7747,3228392,0.433588,-0.09150001,-0.866932,1.2075,-11.095,-7.105
7748,3228489,0.418704,-0.08906,-0.8713241,-0.1925,-11.7075,-8.89
7749,3228587,0.419436,-0.0854,-0.883524,-2.3625,-11.8475,-10.7275
7750,3228684,0.441396,-0.08100801,-0.885964,-4.235,-11.5675,-12.005
7751,3228781,0.447008,-0.06661201,-0.8874281,-5.5125,-11.13,-12.3375
7752,3228879,0.437492,-0.064172,-0.893284,-6.335,-10.815,-12.075
7753,3228976,0.45384,-0.043676,-0.897188,-6.8775,-9.7825,-11.41
7754,3229074,0.453108,-0.03538,-0.8930401,-6.685,-8.6275,-10.3075
7755,3229171,0.441152,-0.049044,-0.8940161,-6.055,-7.8925,-8.8375
7756,3229268,0.441884,-0.050508,-0.9037761,-5.6875,-7.1925,-7.7
7757,3229366,0.450668,-0.029036,-0.900848,-4.515,-6.475,-6.4575
7758,3229463,0.4594521,-0.043676,-0.887916,-2.7825,-6.265,-5.04
7759,3229560,0.448472,-0.036356,-0.886452,-2.1875,-6.405,-4.165
7760,3229658,0.442616,-0.045384,-0.887916,-1.54,-6.5975,-3.255
7761,3229755,0.433588,-0.048068,-0.8957241,-1.505,-6.3875,-2.87
7762,3229853,0.433344,-0.048068,-0.887184,-1.8025,-5.845,-2.975
7763,3229950,0.42944,-0.050996,-0.8957241,-2.5375,-5.0575,-3.115
7764,3230047,0.429196,-0.048068,-0.903044,-3.0975,-4.2175,-3.29
7765,3230145,0.447252,-0.043432,-0.8967,-3.3775,-3.045,-3.5175
7766,3230242,0.439688,-0.045384,-0.893284,-3.185,-2.1525,-3.535
7767,3230340,0.43554,-0.042944,-0.892308,-2.9575,-1.33,-3.4125
7768,3230437,0.444324,-0.050264,-0.9042641,-2.66,-0.2275,-3.395
7769,3230534,0.443836,-0.024644,-0.913536,-2.3625,1.3475,-3.5175
7770,3230632,0.448716,0.006832001,-0.904508,-1.9775,3.4125,-3.36
7771,3230729,0.431636,0.010004,-0.931836,-1.3475,5.18,-2.03
7772,3230826,0.45628,-0.004636001,-0.9145121,-0.1575,7.21,-0.14
7773,3230924,0.43676,-0.019276,-0.9269561,0.0525,10.9375,1.54
7774,3231021,0.410408,0.013664,-0.949648,0.0525,16.765,3.3425
7775,3231119,0.414312,-0.034892,-0.9589201,1.6625,25.1125,6.195
7776,3231216,0.373564,-0.138348,-0.981612,5.7225,35.6825,7.525
7777,3231313,0.381616,-0.148596,-0.954528,4.69,49.525,3.64
7778,3231411,0.40016,-0.173728,-0.9525761,1.6625,66.01,-3.605
7779,3231508,0.377224,-0.135664,-0.9679481,2.2225,82.0225,-11.095
7780,3231606,0.398208,-0.110776,-0.970632,1.12,100.415,-17.6925
7781,3231703,0.408212,-0.077592,-0.98576,1.3125,119.77,-22.47
7782,3231800,0.39528,-0.048556,-1.00406,2.8875,140.56,-25.8475
7783,3231898,0.407968,-0.022204,-1.0248,5.8625,163.2575,-27.6325
7784,3231995,0.40382,0.012688,-1.070672,10.4475,188.055,-28.0875
7785,3232092,0.406748,0.049776,-1.10288,18.3925,213.6225,-26.355
7786,3232190,0.397232,0.09906401,-1.146068,27.51,241.29,-21.9625
7787,3232287,0.397476,0.155916,-1.193404,40.635,270.3575,-13.0025
7788,3232385,0.4213881,0.22814,-1.187304,55.79,300.1075,0.28
7789,3232482,0.485072,0.241804,-1.188036,74.025,331.3275,17.045
7790,3232579,0.6082921,0.249856,-1.220488,95.55,363.0375,34.5625
7791,3232677,0.746152,0.142252,-1.208776,119.77,395.99,49.2975
7792,3232774,1.087508,-0.054168,-1.125328,132.3,421.855,55.545
7793,3232872,1.304424,-0.375028,-0.844484,137.2525,431.7425,49.8575
7794,3232969,1.73972,-0.384788,-1.009428,125.58,421.435,40.5125
7795,3233066,2.007632,-0.300608,-1.316624,120.6975,383.18,34.3525
7796,3233164,1.94102,-0.18544,-1.48596,130.5675,320.145,34.02
7797,3233261,1.454972,-0.0061,-1.138992,129.955,250.53,28.4025
7798,3233359,0.9284201,-0.174948,-0.9967401,130.3225,195.8075,22.6275
7799,3233456,0.426024,-0.025864,-0.936228,102.9,142.1875,14.0525
7800,3233553,0.984784,-0.782752,-2.623488,63.0875,46.9175,23.3275
7801,3233651,0.55998,-1.036756,-2.48148,-16.1525,-64.82,53.2875
7802,3233748,-0.531676,0.54534,-1.582096,-140.735,-184.87,27.1775
7803,3233846,-0.38918,1.022604,-1.216584,-137.69,-206.8675,20.2475
7804,3233943,-0.429196,1.048712,-0.984296,-52.045,-204.8725,19.3725
7805,3234040,-0.344772,0.61976,-0.8723001,28.245,-200.62,17.6225
7806,3234138,-0.151768,0.235704,-0.8725441,53.865,-201.2675,11.69
7807,3234235,-0.048312,0.101748,-0.877424,33.6,-212.5375,-2.4325
7808,3234333,0.028304,0.14274,-0.889868,-0.4375,-227.6575,-14.07
7809,3234430,0.08881599,0.210572,-0.875472,-25.7425,-242.34,-20.23
7810,3234527,0.155428,0.183976,-0.812276,-36.75,-253.7325,-19.74
7811,3234625,0.22814,0.119072,-0.754692,-44.415,-260.89,-15.96
7812,3234722,0.31232,0.030012,-0.720288,-55.0725,-263.6725,-11.655
7813,3234820,0.426756,-0.03904,-0.72102,-72.06501,-263.3225,-8.96
7814,3234917,0.559248,-0.06466001,-0.748592,-93.065,-261.8525,-9.205
7815,3235014,0.6771,-0.053436,-0.782264,-112.8575,-259.9625,-12.74
7816,3235112,0.769332,-0.035136,-0.796904,-126.1575,-257.985,-18.095
7817,3235209,0.875716,-0.00122,-0.82228,-131.2325,-252.525,-23.485
7818,3235306,1.072868,0.018056,-0.903288,-125.58,-242.235,-25.8475
7819,3235404,1.398852,-0.08637601,-1.037488,-112.98,-232.68,-22.4175
7820,3235501,1.67994,-0.23302,-1.0431,-105.7525,-232.75,-18.655
7821,3235599,1.802672,-0.301584,-0.8281361,-108.5875,-241.255,-20.2475
7822,3235696,1.870504,-0.301584,-0.532896,-115.92,-241.325,-25.305
7823,3235793,1.97274,-0.1952,-0.376736,-118.58,-224.5425,-29.12
7824,3235891,2.124752,-0.136396,-0.339404,-110.32,-199.5525,-31.4475
7825,3235988,2.298724,-0.132004,-0.34892,-92.61001,-178.0625,-35.385
7826,3236086,2.479284,-0.224968,-0.292312,-74.06,-164.1675,-41.1775
7827,3236183,2.550532,-0.250588,-0.14274,-60.1475,-158.13,-47.18
7828,3236280,2.518812,-0.239852,0.09784401,-46.0425,-154.4725,-49.2975
7829,3236378,2.382416,-0.282064,0.407236,-25.34,-147.42,-43.61
7830,3236475,2.013976,-0.162992,0.9398881,5.25,-131.145,-32.06
7831,3236572,2.276276,-0.413336,0.888404,47.635,-91.175,-12.67
7832,3236670,2.064484,-0.654652,1.196332,67.0775,-52.3075,-2.38
7833,3236767,2.1594,0.066124,1.212192,56.4375,-2.0825,-19.39
7834,3236865,1.00406,0.4213881,-0.153232,114.4325,42.8575,-43.3825
7835,3236962,-0.297192,-2.94142,-2.011292,244.8775,76.1775,-15.785
7836,3237059,0.21594,-3.7027,-1.476688,176.75,87.67501,18.27
7837,3237157,1.735084,-1.475712,-1.058716,-39.6375,109.8825,25.4975
7838,3237254,1.00894,0.327448,-0.9577,-69.59751,67.1825,50.3825
7839,3237352,0.517524,1.36396,-1.259528,-66.08,55.37,34.7375
7840,3237449,0.538264,1.128744,-0.9311041,-18.5325,47.9325,-0.945
7841,3237546,0.335256,0.104188,-0.688812,29.8375,43.435,-17.4475
7842,3237644,0.19276,-0.176656,-0.977464,45.2025,50.96,-14.2975
7843,3237741,0.726388,-0.632448,-1.018212,74.1475,58.1,6.3525
7844,3237839,0.6695361,0.010492,-1.125816,42.805,34.23,3.78
7845,3237936,0.6563601,0.177144,-0.927932,22.505,14.1225,2.3975
7846,3238033,0.681248,0.163236,-1.035536,17.7625,3.85,5.53
7847,3238131,0.47336,0.07198,-0.920368,22.3825,-9.8175,12.32
7848,3238228,0.52826,-0.014152,-0.930616,21.805,-10.2025,16.52
7849,3238325,0.560224,-0.246196,-0.881328,23.2925,-12.145,16.9925
7850,3238423,0.5978,-0.281088,-0.8615641,17.8325,-11.585,14.0525
7851,3238520,0.510204,-0.152012,-0.9396441,7.14,-12.075,10.5
7852,3238618,0.5511961,-0.24156,-0.856196,7.77,-11.2525,7.7525
7853,3238715,0.606828,-0.1281,-0.864492,3.0625,-9.8875,4.0075
7854,3238812,0.545584,-0.096868,-0.876204,0.77,-9.0125,2.0125
7855,3238910,0.53192,-0.11224,-0.8513161,2.17,-8.3825,1.54
7856,3239007,0.561444,-0.098088,-0.8657121,0.2275,-7.035,0.8925
7857,3239104,0.501908,-0.109312,-0.8574161,0.595,-7.35,0.2625
7858,3239202,0.483364,-0.085156,-0.864736,-0.2975,-8.0325,-1.1025
7859,3239299,0.481168,-0.048556,-0.869128,-0.0875,-8.2075,-1.9425
7860,3239397,0.468724,-0.039772,-0.874252,0.315,-8.54,-1.6975
7861,3239494,0.4743361,-0.053436,-0.8679081,1.33,-9.5375,-0.945
7862,3239591,0.48434,-0.06075601,-0.862296,1.575,-10.78,-0.385
7863,3239689,0.471896,-0.087108,-0.871568,1.6625,-12.18,-0.2625
7864,3239786,0.47092,-0.089792,-0.876204,1.4875,-12.845,-0.8575
7865,3239883,0.47336,-0.09345201,-0.874252,1.295,-12.3725,-1.4
7866,3239981,0.467504,-0.090768,-0.875228,0.9975,-11.3575,-1.995
7867,3240078,0.460672,-0.083204,-0.8810841,0.4725,-10.395,-2.45
7868,3240176,0.460184,-0.0732,-0.8845,0.175,-9.2575,-2.8875
7869,3240273,0.46604,-0.06636801,-0.8810841,0.21,-8.155,-3.0275
7870,3240370,0.465552,-0.060024,-0.8820601,0.455,-7.6825,-2.905
7871,3240468,0.45872,-0.0671,-0.878888,0.8225,-7.49,-2.835
7872,3240565,0.457988,-0.062464,-0.8810841,1.2775,-7.315,-2.7475
7873,3240663,0.460672,-0.071492,-0.8805961,1.5225,-7.14,-2.59
7874,3240760,0.462868,-0.06466001,-0.883036,1.68,-6.8425,-2.485
7875,3240857,0.471896,-0.07198,-0.8769361,2.0125,-6.3175,-2.03
7876,3240955,0.469212,-0.07198,-0.874252,2.135,-6.1425,-1.8375
7877,3241052,0.461648,-0.071248,-0.878888,2.0475,-5.915,-1.68
7878,3241150,0.459208,-0.07832401,-0.881328,1.9775,-5.5125,-1.6275
7879,3241247,0.46116,-0.070028,-0.881572,2.0125,-5.215,-1.82
7880,3241344,0.461892,-0.06636801,-0.880352,2.1525,-5.04,-1.7325
7881,3241442,0.46604,-0.068564,-0.8810841,2.2575,-4.9175,-1.575
7882,3241539,0.469944,-0.067344,-0.87474,2.3625,-4.7075,-1.4175
7883,3241637,0.465552,-0.06954,-0.878888,2.3275,-4.725,-1.225
7884,3241734,0.46482,-0.066124,-0.87718,2.415,-4.69,-1.0325
7885,3241831,0.460672,-0.06588,-0.881328,2.5375,-4.7425,-0.6125
7886,3241929,0.466528,-0.070028,-0.87718,2.695,-4.6725,-0.35
7887,3242026,0.466772,-0.078812,-0.873276,2.94,-4.7425,-0.21
7888,3242124,0.462624,-0.08759601,-0.875472,3.045,-5.075,-0.175
7889,3242221,0.460184,-0.082228,-0.876692,2.975,-5.1625,-0.5775
7890,3242319,0.450912,-0.08296,-0.8744961,3.115,-5.4775,-0.9975
7891,3242416,0.449936,-0.081496,-0.8808401,2.87,-5.6525,-1.3825
7892,3242513,0.45628,-0.075396,-0.87718,2.695,-5.7225,-1.715
7893,3242611,0.465308,-0.072468,-0.875472,2.5025,-5.88,-1.82
7894,3242708,0.463844,-0.067832,-0.8791321,2.555,-6.055,-1.6975
7895,3242806,0.464576,-0.0732,-0.875472,2.6075,-5.9675,-1.33
7896,3242903,0.466528,-0.07417601,-0.8764481,2.66,-5.9325,-1.1375
7897,3243000,0.461892,-0.079056,-0.878156,2.5725,-5.95,-1.0675
7898,3243098,0.4594521,-0.079544,-0.8759601,2.4325,-6.02,-1.225
7899,3243195,0.453596,-0.07978801,-0.879376,2.4675,-6.09,-1.575
7900,3243293,0.458476,-0.077836,-0.879376,2.5375,-6.2475,-1.645
7901,3243390,0.45384,-0.070516,-0.8805961,2.5375,-6.2125,-1.6975
7902,3243487,0.462624,-0.072468,-0.874984,2.6075,-6.23,-1.54
7903,3243585,0.45872,-0.081984,-0.875228,2.6775,-6.4575,-1.365
7904,3243682,0.463112,-0.081984,-0.8764481,2.73,-6.755,-1.3825
7905,3243780,0.459696,-0.08954801,-0.875716,2.7475,-7.0,-1.435
7906,3243877,0.461892,-0.08759601,-0.879376,2.7475,-7.1575,-1.6625
7907,3243974,0.45994,-0.085156,-0.8784,2.87,-7.0175,-1.925
7908,3244072,0.456524,-0.080276,-0.874984,2.905,-7.0175,-2.1875
7909,3244169,0.44896,-0.08174001,-0.877424,3.2375,-7.56,-2.45
7910,3244267,0.44774,-0.080764,-0.880352,3.465,-8.05,-2.8175
7911,3244364,0.4575,-0.068564,-0.881816,3.2725,-8.0675,-3.2375
7912,3244461,0.460428,-0.07076001,-0.878156,3.115,-7.84,-3.08
7913,3244559,0.460916,-0.071492,-0.87962,2.9575,-7.6475,-2.8
7914,3244656,0.463844,-0.071736,-0.8827921,2.835,-7.315,-2.415
7915,3244754,0.46116,-0.085888,-0.880352,3.08,-7.07,-2.0475
7916,3244851,0.461892,-0.077836,-0.87962,2.9575,-6.93,-2.1
7917,3244948,0.448228,-0.072956,-0.873276,3.1325,-7.14,-2.1875
7918,3245046,0.43798,-0.056608,-0.888404,2.9225,-7.5425,-2.1
7919,3245143,0.445056,-0.07198,-0.8820601,2.975,-7.56,-1.6975
7920,3245241,0.44896,-0.073688,-0.8769361,2.765,-7.595,-1.68
7921,3245338,0.448472,-0.077104,-0.8759601,2.4675,-7.665,-1.5575
7922,3245435,0.449692,-0.084912,-0.8786441,2.2925,-7.245,-1.61
7923,3245533,0.446764,-0.07686,-0.882304,1.61,-6.615,-1.82
7924,3245630,0.442616,-0.077836,-0.8964561,1.0675,-5.5125,-1.89
7925,3245728,0.440908,-0.056852,-0.8842561,0.77,-3.9725,-1.785
7926,3245825,0.445788,-0.08369201,-0.887184,0.525,-1.9425,-1.505
7927,3245922,0.432368,-0.056852,-0.9079241,0.07,-0.0175,-1.575
7928,3246020,0.458964,0.009516001,-0.913048,-1.12,3.7275,-1.715
7929,3246117,0.463112,-0.0122,-0.9106081,-0.07,7.245,1.015
7930,3246215,0.436272,-0.05612,-0.943548,0.5075,10.92,4.55
7931,3246312,0.433344,0.009272001,-0.99186,0.595,19.0575,6.965
7932,3246409,0.436272,-0.0122,-0.978196,2.555,30.45,11.025
7933,3246507,0.443836,-0.064416,-0.972828,4.83,43.6625,15.4875
7934,3246604,0.330376,-0.213256,-0.988932,9.065,58.4325,16.8525
7935,3246702,0.393816,-0.09735601,-1.045052,6.895,78.645,12.8275
7936,3246799,0.405528,-0.10492,-1.018212,12.075,98.9975,7.1575
7937,3246896,0.392352,-0.07222401,-1.04798,19.0225,119.98,1.8025
7938,3246994,0.400892,-0.064416,-1.0675,27.2125,142.4675,-2.2225
7939,3247091,0.390888,-0.072468,-1.05164,37.17,166.7575,-4.62
7940,3247188,0.401136,-0.033672,-1.087264,45.4125,194.9675,-5.6
7941,3247286,0.38674,-0.01342,-1.113616,57.7325,225.0325,-3.3075
7942,3247383,0.373076,-0.01098,-1.12484,73.5175,256.1825,2.8
7943,3247481,0.405772,0.043188,-1.169736,88.23501,287.7875,11.9525
7944,3247578,0.462868,0.087352,-1.161196,105.105,314.685,24.675
7945,3247675,0.555832,0.04148,-1.065792,122.0975,335.9125,38.7625
7946,3247773,0.759572,0.00976,-1.017724,129.71,354.025,49.0525
7947,3247870,0.9403761,-0.09906401,-0.9589201,134.9425,365.645,55.5625
7948,3247968,1.09312,-0.188368,-0.715408,138.8975,368.445,56.98
7949,3248065,1.38958,-0.233996,-1.009672,136.85,367.745,56.735
7950,3248162,1.5982,-0.48678,-1.0553,144.48,345.7825,55.3875
7951,3248260,1.437404,-0.182512,-0.942084,130.515,298.69,44.2225
7952,3248357,1.213412,-0.332084,-0.8025161,140.6125,257.95,41.685
7953,3248455,0.912316,-0.322568,-0.618784,122.9725,224.0875,30.17
7954,3248552,0.792512,-0.09906401,-0.427488,97.7725,197.05,15.4525
7955,3248649,0.251808,-0.100284,-0.791292,82.635,163.9575,6.685
7956,3248747,1.899052,-0.43188,-1.816092,35.7875,95.7075,-0.4725
7957,3248844,0.582672,0.45994,-1.669692,-30.66,-3.92,-26.88
7958,3248942,0.345992,0.702964,-1.213168,-37.8175,-84.8225,-39.7075
7959,3249039,0.012688,0.6505041,-0.83814,4.7075,-115.15,-40.6525
7960,3249136,-0.073688,0.400404,-0.607804,40.0575,-122.0275,-44.555
7961,3249234,-0.020008,0.134444,-0.550708,49.2625,-117.0925,-47.565
7962,3249331,0.0854,0.0061,-0.608536,30.5725,-113.5225,-49.8225
7963,3249429,0.181048,0.00122,-0.698816,3.0975,-116.095,-47.3025
7964,3249526,0.271572,0.047092,-0.768844,-18.8125,-123.5325,-38.535
7965,3249623,0.332328,0.06954,-0.79666,-30.9225,-134.295,-24.8675
7966,3249721,0.371856,0.071736,-0.798856,-37.625,-146.6325,-10.4125
7967,3249818,0.408456,0.055632,-0.768356,-44.6425,-158.55,0.7875
7968,3249916,0.439688,0.036844,-0.743956,-55.0375,-169.6975,7.0
7969,3250013,0.49776,0.046604,-0.748104,-69.80751,-179.2875,7.4025
7970,3250110,0.5892601,0.064416,-0.778604,-85.82,-188.6325,3.185
7971,3250208,0.690764,0.05734,-0.8066641,-98.75251,-198.94,-4.2525
7972,3250305,0.7705521,0.021228,-0.8298441,-107.94,-210.3325,-14.105
7973,3250402,0.817644,-0.028304,-0.799344,-113.2775,-222.215,-25.4275
7974,3250500,0.827892,-0.108092,-0.762988,-117.0575,-230.7025,-36.505
7975,3250597,0.839848,-0.18056,-0.7422481,-120.645,-232.89,-45.395
7976,3250695,0.876692,-0.264496,-0.7473721,-123.9525,-229.46,-50.1375
7977,3250792,0.940864,-0.32086,-0.772748,-127.435,-222.5825,-50.4175
7978,3250889,1.100928,-0.332328,-0.833016,-129.955,-213.3425,-47.005
7979,3250987,1.215608,-0.36234,-0.87352,-124.74,-206.9025,-40.8625
7980,3251084,1.354688,-0.468236,-0.888404,-114.2925,-201.95,-31.3075
7981,3251182,1.50548,-0.585112,-0.885476,-109.1825,-197.4,-21.49
7982,3251279,1.629188,-0.659044,-0.8298441,-111.5625,-195.8075,-13.23
7983,3251376,1.687016,-0.674416,-0.734196,-118.5275,-194.1625,-7.14
7984,3251474,1.736792,-0.618784,-0.6456241,-123.9175,-189.2625,-3.8675
7985,3251571,1.77266,-0.57218,-0.5607121,-120.435,-179.8125,-1.96
7986,3251669,1.818044,-0.550952,-0.487756,-107.87,-167.72,-0.2625
7987,3251766,1.827316,-0.5690081,-0.388936,-90.9825,-155.5925,2.38
7988,3251864,1.796816,-0.560956,-0.282308,-75.67,-144.3575,6.3875
7989,3251961,1.727032,-0.493856,-0.163724,-63.4025,-132.9475,12.32
7990,3252058,1.62016,-0.427244,-0.05587601,-52.0975,-119.7,21.0
7991,3252156,1.546472,-0.37698,0.009028001,-43.1375,-103.4075,30.765
7992,3252253,1.463512,-0.34038,0.038308,-39.235,-87.3425,37.905
7993,3252350,1.397144,-0.25986,0.032208,-40.985,-72.905,38.99
7994,3252448,1.298568,-0.148596,0.01586,-41.2475,-60.7775,34.755
7995,3252545,1.209508,-0.070516,-0.008540001,-34.7025,-49.0,27.65
7996,3252643,1.155096,-0.044408,-0.042212,-23.205,-36.8025,18.4625
7997,3252740,1.143628,-0.050264,-0.08857201,-10.2025,-25.795,7.315
7998,3252837,1.136308,-0.0671,-0.12932,2.1875,-17.0975,-5.0925
7999,3252935,1.083848,-0.133956,-0.12566,14.805,-11.305,-16.7825
8000,3253032,1.041392,-0.197152,-0.134688,25.865,-4.795,-26.915
8001,3253130,1.018456,-0.280844,-0.117364,38.15,2.87,-33.04
8002,3253227,0.856684,-0.117852,-0.195932,50.47,9.6075,-34.265
8003,3253324,0.842288,-0.146644,-0.219844,82.5825,17.4825,-30.0475
8004,3253422,0.624152,-0.772992,-0.368196,112.945,25.7075,-15.645
8005,3253519,0.02074,-0.793244,-1.0126,86.94,27.37,-13.79
8006,3253617,-1.433988,-0.384788,-2.974848,45.57,16.8875,-13.5975
8007,3253714,-1.393484,-0.815692,-3.494812,49.245,19.6175,11.6375
8008,3253811,0.57828,-1.0858,-1.072624,25.375,43.4875,42.77
8009,3253909,2.088396,0.528992,-0.070028,-45.9375,37.9925,24.5525
8010,3254006,2.033008,1.553792,-1.491572,-51.4675,32.4275,-11.69
8011,3254104,0.111996,-0.28792,-1.043588,43.0325,-25.865,3.5525
8012,3254201,-0.114924,-0.793244,-0.544852,44.625,-24.64,5.2675
8013,3254298,0.51484,0.07515201,-0.91012,-2.485,13.1075,-0.77
8014,3254396,0.416264,0.444568,-0.8476561,-1.4525,7.8925,-2.8875
8015,3254493,0.420168,0.069052,-0.84424,20.44,7.28,-0.875
8016,3254591,0.553392,-0.225944,-0.947208,24.0275,9.975,-0.21
8017,3254688,0.477508,-0.190564,-0.894504,13.0025,2.1175,-2.24
8018,3254785,0.49044,-0.088328,-0.90158,2.2575,-0.6475,-5.74
8019,3254883,0.594384,-0.121024,-0.936716,-3.0625,0.6825,-8.68
8020,3254980,0.521916,-0.051484,-0.886452,-8.3125,-4.2,-10.5875
8021,3255077,0.459208,0.14274,-0.858148,-11.48,-6.2475,-10.08
8022,3255175,0.427244,0.133224,-0.8447281,-3.85,-5.075,-6.6675
8023,3255272,0.434564,-0.010736,-0.854244,5.88,-3.3425,-3.3075
8024,3255370,0.49166,-0.077104,-0.896944,7.035,-1.26,-3.08
8025,3255467,0.528504,-0.063196,-0.9125601,1.8725,-1.925,-4.6025
8026,3255564,0.495076,-0.019276,-0.8991401,-3.185,-4.2175,-6.3525
8027,3255662,0.508496,-0.012932,-0.894748,-6.335,-4.6725,-7.5425
8028,3255759,0.49288,-0.005124001,-0.8791321,-7.9625,-5.5475,-8.2775
8029,3255857,0.472872,0.023912,-0.86132,-8.4175,-6.2825,-8.12
8030,3255954,0.420168,0.073444,-0.80276,-4.165,-6.37,-6.23
8031,3256052,0.406504,0.192516,-0.817156,8.2775,-3.8675,-0.385
8032,3256149,0.428708,0.136884,-0.821792,23.7825,-0.4025,5.775
8033,3256246,0.49166,-0.001464,-0.913048,34.7725,0.4375,10.6925
8034,3256344,0.439444,-0.038552,-0.875472,34.1775,-2.6425,12.39
8035,3256441,0.492636,-0.011956,-0.9006041,26.9675,-3.745,11.8125
8036,3256539,0.477264,-0.034892,-0.8801081,20.72,-5.4075,10.465
8037,3256636,0.465308,-0.05246,-0.8954801,17.71,-7.7875,10.15
8038,3256733,0.465308,-0.06661201,-0.883768,15.225,-9.065,9.4675
8039,3256831,0.447984,-0.051484,-0.8906,11.3575,-10.1675,8.4175
8040,3256928,0.454328,-0.046116,-0.8893801,10.1325,-10.885,8.12
8041,3257026,0.473848,0.013908,-0.866688,8.505,-11.6725,8.365
8042,3257123,0.50142,0.063196,-0.878156,7.455,-11.7775,8.26
8043,3257220,0.5077641,-0.06075601,-0.868152,10.3425,-11.6375,7.595
8044,3257318,0.477264,-0.06832001,-0.8845,9.1175,-11.5325,5.845
8045,3257415,0.488732,-0.061488,-0.8893801,7.8575,-10.2025,4.2525
8046,3257513,0.47824,-0.060024,-0.883524,8.9075,-9.5725,3.8675
8047,3257610,0.48068,-0.030988,-0.885964,9.275,-8.4,3.78
8048,3257707,0.473604,-0.02928,-0.883036,9.59,-7.9275,3.85
8049,3257805,0.459696,-0.018544,-0.892796,8.9425,-7.8925,3.85
8050,3257902,0.460428,-0.023668,-0.883036,8.6625,-7.8225,4.06
8051,3257999,0.469212,-0.027328,-0.881572,8.435,-7.8225,4.375
8052,3258097,0.466772,-0.02196,-0.8713241,7.9975,-8.1025,4.445
8053,3258194,0.464576,-0.032696,-0.8805961,7.105,-7.98,4.2175
8054,3258292,0.461648,-0.046604,-0.8786441,6.5975,-7.945,3.64
8055,3258389,0.469944,-0.06880801,-0.877912,5.705,-7.56,2.835
8056,3258486,0.473848,-0.05978,-0.879376,4.7425,-7.0875,1.995
8057,3258584,0.460672,-0.057096,-0.879864,4.2,-6.93,1.2425
8058,3258681,0.449448,-0.044164,-0.87962,3.885,-6.9125,0.7175
8059,3258779,0.443348,-0.03416,-0.8764481,3.675,-7.105,0.3675
8060,3258876,0.423584,-0.019276,-0.873764,3.4125,-7.595,0.2625
8061,3258973,0.413336,-0.035136,-0.879376,3.0275,-7.9275,0.1225
8062,3259071,0.442128,-0.050264,-0.887672,2.275,-8.2425,-0.5075
8063,3259168,0.466284,-0.064904,-0.883036,1.575,-8.75,-1.015
8064,3259266,0.470432,-0.054412,-0.8808401,1.015,-8.7675,-1.365
8065,3259363,0.467992,-0.054656,-0.882548,0.6825,-8.8725,-1.3825
8066,3259460,0.480192,-0.05929201,-0.8784,0.7175,-8.9075,-1.295
8067,3259558,0.471896,-0.05734,-0.879864,0.7,-8.9075,-1.26
8068,3259655,0.466284,-0.047824,-0.878156,0.7175,-8.8725,-1.3125
8069,3259752,0.457744,-0.048556,-0.8827921,0.77,-8.995,-1.295
8070,3259850,0.4575,-0.05172801,-0.8805961,0.6825,-9.0825,-1.54
8071,3259947,0.460916,-0.057828,-0.882548,0.77,-8.7325,-1.82
8072,3260045,0.456768,-0.055144,-0.8827921,0.665,-8.715,-2.2575
8073,3260142,0.45506,-0.055388,-0.882548,0.42,-8.4875,-2.7475
8074,3260239,0.452376,-0.05929201,-0.879376,0.1225,-8.4525,-3.3425
8075,3260337,0.452864,-0.05587601,-0.8842561,-0.805,-8.4,-4.27
8076,3260434,0.453596,-0.050996,-0.885964,-1.7675,-8.12,-5.075
8077,3260532,0.44896,-0.04148,-0.892308,-2.5025,-7.665,-5.355
8078,3260629,0.455548,-0.040504,-0.8852321,-2.415,-7.07,-5.145
8079,3260726,0.451644,-0.033916,-0.8847441,-2.485,-6.9825,-4.8825
8080,3260824,0.44164,-0.03416,-0.8888921,-2.31,-6.9125,-4.6025
8081,3260921,0.443348,-0.030988,-0.8913321,-2.03,-6.755,-4.2
8082,3261019,0.446276,-0.034892,-0.892552,-1.645,-6.7375,-3.955
8083,3261116,0.450424,-0.034892,-0.8908441,-1.2425,-6.65,-3.535
8084,3261213,0.455548,-0.035624,-0.888404,-0.455,-6.5975,-3.0275
8085,3261311,0.457256,-0.035136,-0.8862081,0.6125,-6.65,-2.3275
8086,3261408,0.4553041,-0.03538,-0.889868,1.3475,-6.7375,-1.8725
8087,3261506,0.454328,-0.039528,-0.8874281,1.7325,-6.65,-1.645
8088,3261603,0.451644,-0.042456,-0.8874281,2.03,-6.4925,-1.6975
8089,3261700,0.447008,-0.040992,-0.889624,2.0825,-6.23,-1.855
8090,3261798,0.440176,-0.039528,-0.892796,2.2575,-6.2125,-2.03
8091,3261895,0.43554,-0.028548,-0.889624,2.1525,-6.1775,-2.0825
8092,3261993,0.440908,-0.029768,-0.8888921,2.0825,-6.405,-2.065
8093,3262090,0.439688,-0.040504,-0.885964,1.82,-6.2475,-2.03
8094,3262187,0.445056,-0.04148,-0.8842561,1.3475,-6.265,-1.925
8095,3262285,0.44652,-0.037088,-0.886452,1.0325,-6.125,-1.8725
8096,3262382,0.44408,-0.03904,-0.887916,0.7525,-6.09,-2.03
8097,3262480,0.439444,-0.032208,-0.8935281,0.455,-6.0375,-1.9425
8098,3262577,0.439444,-0.029524,-0.889624,0.5775,-5.88,-1.995
8099,3262674,0.435784,-0.031476,-0.892796,0.7175,-5.775,-1.75
8100,3262772,0.4453,-0.028548,-0.892552,1.1025,-5.74,-1.33
8101,3262869,0.446032,-0.02806,-0.8906,1.645,-5.7575,-0.8925
8102,3262967,0.452132,-0.033672,-0.8866961,2.2225,-5.7925,-0.525
8103,3263064,0.442616,-0.034648,-0.883524,2.4325,-5.915,-0.42
8104,3263161,0.435052,-0.026352,-0.9001161,2.38,-5.8625,-0.4025
8105,3263259,0.43432,0.02318,-0.909144,2.0475,-5.075,-0.49
8106,3263356,0.437248,0.002928,-0.8940161,3.0975,-4.1825,0.735
8107,3263454,0.428464,-0.023668,-0.903288,3.57,-3.5525,2.2925
8108,3263551,0.426512,-0.02074,-0.914268,3.2375,-1.505,2.6775
8109,3263648,0.435052,-0.000976,-0.91378,2.45,1.75,2.9575
8110,3263746,0.486048,-0.046116,-0.876204,2.065,6.1425,4.06
8111,3263843,0.407724,-0.037576,-0.9315921,0.245,10.7975,4.7775
8112,3263941,0.407236,-0.016592,-0.9696561,-0.805,18.375,5.495
8113,3264038,0.396012,-0.010492,-0.9952761,0.2975,29.0675,6.895
8114,3264135,0.343308,-0.13054,-1.057008,4.025,42.315,8.1725
8115,3264233,0.327692,-0.107848,-1.00528,4.9875,59.36,5.0575
8116,3264330,0.374296,-0.150304,-0.9757561,0.77,80.255,-1.7675
8117,3264427,0.368196,-0.135908,-1.003084,3.43,98.96251,-8.12
8118,3264525,0.374296,-0.11956,-1.010404,4.1125,121.0475,-15.295
8119,3264622,0.385276,-0.107604,-1.00894,7.77,143.9725,-21.4725
8120,3264720,0.386008,-0.038796,-1.037488,11.025,169.505,-26.74
8121,3264817,0.382104,0.022936,-1.091412,17.9725,197.96,-29.155
8122,3264914,0.38552,0.08808401,-1.114836,28.84,228.9525,-28.0875
8123,3265012,0.404064,0.146644,-1.169248,40.8975,260.015,-21.98
8124,3265109,0.451644,0.21106,-1.158268,57.05,286.545,-10.08
8125,3265207,0.477752,0.22082,-1.140212,73.1325,310.275,6.2475
8126,3265304,0.570472,0.230824,-1.14314,89.81,334.1975,24.64
8127,3265401,0.572912,0.144448,-1.122156,114.2575,359.485,42.7525
8128,3265499,0.719556,-0.006344,-1.05042,131.1625,383.495,52.1675
8129,3265596,0.914268,-0.080764,-1.045052,132.2475,403.69,50.89
8130,3265694,1.10776,-0.08296,-0.9535521,132.1075,419.58,45.64
8131,3265791,1.59576,-0.332572,-0.951112,143.99,420.0,44.8175
8132,3265888,1.741428,-0.319152,-1.037488,162.8025,390.81,47.88
8133,3265986,1.913936,-0.164944,-1.190232,171.2025,342.37,48.9125
8134,3266083,1.637972,0.13176,-1.241228,175.14,282.8,41.7025
8135,3266181,1.184132,0.118584,-1.077016,197.085,228.445,40.2675
8136,3266278,0.732244,0.279136,-0.8488761,199.22,186.9,30.6775
8137,3266375,0.506788,0.313052,-0.803736,196.84,135.7125,13.2125
8138,3266473,1.46278,-0.82594,-1.757776,194.6,62.125,15.1025
8139,3266570,0.788608,-0.898896,-2.197708,47.0575,-33.985,6.055
8140,3266668,0.053436,0.79056,-1.546472,-88.4275,-169.435,-38.43
8141,3266765,-0.114436,1.005768,-1.09922,-78.12,-194.8275,-39.935
8142,3266862,-0.208864,0.9237841,-0.813984,3.6925,-197.1025,-32.4275
8143,3266960,-0.125904,0.56364,-0.68198,65.065,-185.2725,-29.855
8144,3267057,0.008784,0.129076,-0.659288,87.97251,-180.53,-24.675
8145,3267155,0.103212,-0.07978801,-0.677344,62.4925,-184.0125,-25.4275
8146,3267252,0.182756,-0.018788,-0.726144,15.1025,-192.9025,-26.25
8147,3267349,0.243024,0.127368,-0.760792,-22.5925,-204.26,-22.89
8148,3267447,0.302804,0.200324,-0.75274,-39.865,-215.0925,-14.455
8149,3267544,0.343308,0.177144,-0.7141881,-44.415,-224.5425,-4.2525
8150,3267642,0.39894,0.09052401,-0.677588,-48.1425,-230.65,3.64
8151,3267739,0.483852,-0.027084,-0.69052,-58.555,-233.8,6.3175
8152,3267836,0.603168,-0.092964,-0.7522521,-76.8075,-237.2475,4.2
8153,3267934,0.745664,-0.132492,-0.828868,-95.795,-243.145,0.245
8154,3268031,0.8913321,-0.15006,-0.8996281,-110.46,-252.4025,-3.3425
8155,3268129,0.9779521,-0.164944,-0.915244,-118.16,-264.005,-6.02
8156,3268226,0.998692,-0.224724,-0.879864,-119.315,-274.575,-6.6675
8157,3268323,1.041636,-0.341112,-0.8039801,-119.665,-279.4575,-6.4925
8158,3268421,1.03822,-0.457256,-0.69906,-122.5875,-278.1625,-8.085
8159,3268518,1.11264,-0.454572,-0.675148,-130.8125,-266.8225,-10.535
8160,3268616,1.357128,-0.37576,-0.768112,-130.935,-247.0825,-12.005
8161,3268713,1.735084,-0.39284,-0.8845,-112.735,-230.685,-10.64
8162,3268810,2.00812,-0.522892,-0.8657121,-86.04751,-225.8725,-8.4175
8163,3268908,2.103036,-0.593896,-0.718824,-67.55001,-228.2525,-8.0325
8164,3269005,2.12768,-0.55144,-0.534604,-57.645,-227.115,-10.2375
8165,3269103,2.150372,-0.4743361,-0.369172,-46.1475,-218.855,-13.16
8166,3269200,2.164768,-0.48312,-0.156648,-29.19,-205.1525,-14.77
8167,3269297,2.183068,-0.506056,0.049044,-15.3825,-187.4075,-13.825
8168,3269395,2.20088,-0.486536,0.245464,-9.905,-165.8125,-9.9925
8169,3269492,2.188436,-0.453352,0.45384,-9.2925,-143.885,-1.3475
8170,3269590,2.077904,-0.440908,0.648308,-13.4925,-120.68,12.005
8171,3269687,1.937604,-0.249368,0.8256961,-24.5875,-92.2075,25.97
8172,3269784,1.828536,-0.012688,0.9284201,-22.645,-56.9975,35.385
8173,3269882,2.050576,-0.187636,0.7598161,-0.805,-6.7025,46.9875
8174,3269979,1.918328,0.019032,0.5694961,19.0225,22.435,39.515
8175,3270077,1.27734,0.264984,-0.337696,50.995,37.9925,10.01
8176,3270174,0.08174001,-0.7903161,-1.552572,100.5375,30.625,-3.045
8177,3270271,-0.948184,-1.38958,-1.870016,89.65251,20.825,-23.4675
8178,3270369,-0.090036,-1.445944,-0.745176,22.47,59.71,-25.1125
8179,3270466,1.170224,-0.919392,-0.583404,-27.9825,100.5025,9.975
8180,3270564,1.305644,0.03782,-1.345904,-51.2925,102.83,24.745
8181,3270661,0.82838,0.935496,-1.384944,-62.3175,63.1225,12.0225
8182,3270758,0.465308,0.873032,-0.784704,-23.8525,39.2875,-2.03
8183,3270856,0.413092,0.778604,-1.026508,13.1775,42.245,-11.3575
8184,3270953,1.11142,-1.228296,-1.41032,65.275,40.8275,0.2625
8185,3271050,0.248148,-0.6646561,-0.495076,17.3775,-6.545,-2.0825
8186,3271148,0.6036561,0.258152,-1.047492,-34.2475,0.315,-14.7525
8187,3271245,0.839848,0.255468,-1.02724,-31.5525,13.335,-20.1075
8188,3271343,0.50386,-0.061,-0.827892,-1.4,-9.275,-11.8475
8189,3271440,0.484584,-0.033184,-0.898408,-6.51,-3.1675,-9.765
8190,3271537,0.495808,0.06636801,-0.8869401,-7.63,-2.66,-8.19
8191,3271635,0.53192,0.08759601,-0.881328,-3.29,-2.03,-5.285
8192,3271732,0.478972,0.08369201,-0.870592,1.7675,-4.585,-2.17
8193,3271830,0.482144,0.026108,-0.878888,6.0025,-6.055,0.91
8194,3271927,0.4984921,-0.030744,-0.864736,8.1025,-7.315,2.87
8195,3272024,0.529236,-0.009028001,-0.8801081,6.4925,-8.1725,2.9225
8196,3272122,0.527284,-0.022204,-0.8786441,6.3525,-9.0825,2.59
8197,3272219,0.508008,-0.038308,-0.878156,6.7725,-9.9225,2.3275
8198,3272317,0.50264,-0.037576,-0.8718121,6.2825,-10.045,1.995
8199,3272414,0.495076,-0.03538,-0.87718,5.4425,-9.9225,1.435
8200,3272511,0.477752,-0.059536,-0.877424,4.4975,-9.555,0.21
8201,3272609,0.476044,-0.052948,-0.877912,2.7825,-8.68,-1.5575
8202,3272706,0.465064,-0.046116,-0.871568,0.6475,-7.805,-3.2725
8203,3272804,0.4453,-0.041968,-0.87474,-0.4725,-7.7,-4.725
8204,3272901,0.4553041,-0.027816,-0.8759601,-1.61,-7.315,-5.775
8205,3272998,0.47824,-0.011956,-0.87474,-2.2225,-6.9475,-6.125
8206,3273096,0.46238,-0.017812,-0.8764481,-1.82,-7.6475,-5.81
8207,3273193,0.462136,-0.015128,-0.878156,-1.5575,-7.7175,-5.4425
8208,3273291,0.471408,-0.010492,-0.878888,-1.6275,-7.385,-5.25
8209,3273388,0.487512,-0.000244,-0.8805961,-1.6625,-7.0,-5.0575
8210,3273485,0.475068,0.001952,-0.8801081,-1.295,-7.315,-4.585
8211,3273583,0.4743361,0.011468,-0.883524,-0.9625,-7.21,-3.955
8212,3273680,0.48556,-0.000976,-0.883768,-0.1225,-7.0875,-3.0975
8213,3273777,0.492636,-0.007808001,-0.879376,0.77,-7.2275,-2.1525
8214,3273875,0.49044,0.000488,-0.8764481,2.3275,-7.4025,-0.7875
8215,3273972,0.48678,-0.008784,-0.8786441,3.6575,-7.4025,0.1575
8216,3274070,0.468236,-0.013908,-0.8759601,4.3225,-7.42,0.5425
8217,3274167,0.472384,-0.022692,-0.8759601,4.3575,-7.14,0.3675
8218,3274264,0.476044,-0.034404,-0.8759601,3.78,-6.51,-0.14
8219,3274362,0.471896,-0.031964,-0.883768,2.975,-5.9325,-0.91
8220,3274459,0.469212,-0.022204,-0.878888,2.205,-5.3725,-1.68
8221,3274557,0.473116,-0.020252,-0.876692,1.505,-4.9875,-2.275
8222,3274654,0.47458,-0.020252,-0.875716,1.085,-4.7425,-2.7125
8223,3274751,0.46726,-0.011956,-0.8801081,0.49,-4.7075,-2.87
8224,3274849,0.464088,-0.015372,-0.8810841,0.56,-4.6725,-2.8875
8225,3274946,0.469944,-0.014884,-0.8769361,0.63,-4.6375,-2.8875
8226,3275044,0.474824,-0.010736,-0.8759601,0.7,-4.725,-2.8
8227,3275141,0.471408,-0.020252,-0.877912,0.525,-4.8475,-2.7475
8228,3275238,0.481656,-0.019276,-0.8845,-0.2975,-4.69,-2.905
8229,3275336,0.476288,-0.013908,-0.885476,-1.5225,-4.6725,-3.22
8230,3275433,0.4697,-0.011224,-0.8810841,-2.625,-4.515,-3.535
8231,3275531,0.471164,-0.008296001,-0.881328,-2.8875,-4.585,-3.605
8232,3275628,0.480436,-0.014396,-0.872788,-2.45,-4.795,-3.5175
8233,3275725,0.480924,-0.012688,-0.8713241,-2.275,-4.795,-3.6575
8234,3275823,0.471164,-0.020984,-0.875716,-2.2925,-4.9175,-3.815
8235,3275920,0.473116,-0.01098,-0.877668,-2.6425,-4.7425,-4.2175
8236,3276017,0.46726,-0.020008,-0.878888,-2.7125,-4.48,-4.6725
8237,3276115,0.465064,-0.003416,-0.878888,-3.1675,-4.1475,-5.285
8238,3276212,0.438956,0.000976,-0.877668,-3.1675,-4.41,-5.5125
8239,3276310,0.457012,0.000244,-0.872788,-2.625,-4.095,-5.215
8240,3276407,0.46238,0.005124001,-0.8703481,-1.8375,-4.48,-4.8125
8241,3276504,0.467016,0.002196,-0.8759601,-1.365,-4.9525,-4.48
8242,3276602,0.469212,0.000732,-0.8723001,-0.98,-5.145,-4.1125
8243,3276699,0.469944,0.000732,-0.8759601,-0.49,-5.3375,-3.85
8244,3276797,0.4758,-0.000244,-0.8679081,-0.21,-5.4075,-3.5525
8245,3276894,0.469212,0.001952,-0.871568,0.245,-5.6175,-3.465
8246,3276991,0.461404,-0.001952,-0.877424,0.5075,-5.775,-3.5
8247,3277089,0.465064,0.007808001,-0.875716,0.595,-5.6525,-3.395
8248,3277186,0.472628,0.007076001,-0.877424,0.8925,-5.705,-3.2025
8249,3277284,0.470188,0.000732,-0.879376,1.3125,-5.7925,-2.94
8250,3277381,0.469944,0.010004,-0.877912,1.645,-6.02,-2.485
8251,3277478,0.478728,-0.008052001,-0.8791321,2.0475,-6.1425,-1.995
8252,3277576,0.482144,-0.004148001,-0.875228,1.68,-6.055,-2.0825
8253,3277673,0.462624,-0.005856,-0.86742,1.54,-5.845,-2.2925
8254,3277771,0.423584,0.025132,-0.8827921,1.645,-6.1075,-2.6775
8255,3277868,0.443348,0.013908,-0.8713241,2.7475,-5.9325,-2.5025
8256,3277965,0.454572,0.011712,-0.8703481,3.36,-5.915,-2.065
8257,3278063,0.460184,0.006832001,-0.875716,3.7975,-6.2475,-1.6625
8258,3278160,0.46238,0.007564001,-0.876692,4.13,-6.23,-1.33
8259,3278257,0.467992,-0.008540001,-0.8784,4.375,-6.3175,-0.98
8260,3278355,0.470432,-0.005368,-0.882304,4.1475,-6.3875,-0.9275
8261,3278452,0.472872,-0.011712,-0.874984,3.675,-6.2125,-0.9975
8262,3278550,0.45994,-0.013664,-0.87962,3.0625,-6.0725,-1.3125
8263,3278647,0.457012,-0.009028001,-0.882548,2.485,-5.705,-1.6625
8264,3278744,0.453352,-0.008540001,-0.883036,1.9425,-5.1975,-1.995
8265,3278842,0.449448,-0.000732,-0.8857201,1.6625,-4.9525,-2.205
8266,3278939,0.461404,0.005124001,-0.8820601,1.6625,-4.585,-2.065
8267,3279036,0.46116,-0.000244,-0.881816,1.995,-4.55,-1.6275
8268,3279134,0.473604,0.003172,-0.8786441,2.0825,-4.62,-1.2775
8269,3279231,0.466284,0.006832001,-0.873276,2.135,-4.83,-0.8925
8270,3279329,0.45384,0.007808001,-0.877912,2.2575,-5.53,-0.4375
8271,3279426,0.443348,0.006344,-0.8827921,2.31,-5.6525,0.035
8272,3279523,0.433588,0.012688,-0.8827921,2.31,-5.7575,0.8225
8273,3279621,0.429684,0.0183,-0.8857201,2.4325,-5.46,1.505
8274,3279718,0.432612,0.01098,-0.8976761,2.5375,-5.075,2.52
8275,3279816,0.448472,0.006588,-0.9084121,2.73,-3.885,3.5525
8276,3279913,0.46482,0.012444,-0.894504,2.4675,-2.17,3.92
8277,3280010,0.466284,0.023424,-0.904752,1.7675,0.385,3.71
8278,3280108,0.470188,0.013664,-0.909144,2.31,3.3425,4.375
8279,3280205,0.510448,-0.005368,-0.883524,2.485,7.42,5.005
8280,3280303,0.449204,-0.009272001,-0.9298841,1.1725,12.5475,4.9525
8281,3280400,0.4392,0.025132,-0.953796,-0.175,20.265,5.7925
8282,3280497,0.334036,0.03904,-1.0248,-1.96,31.255,8.33
8283,3280595,0.360388,-0.136884,-0.9901521,-0.0525,48.0025,10.7625
8284,3280692,0.410896,-0.004148001,-1.052616,-2.3975,70.175,7.2275
8285,3280789,0.403088,-0.11224,-0.9696561,-0.49,92.6625,3.2725
8286,3280887,0.384544,-0.057828,-1.030412,-1.7325,118.335,-2.38
8287,3280984,0.402112,-0.07222401,-1.009672,1.9425,143.8325,-8.225
8288,3281082,0.4023561,-0.08881599,-1.014064,7.8575,168.5775,-15.5575
8289,3281179,0.392352,-0.062952,-1.011624,14.7,192.85,-22.9075
8290,3281276,0.420656,-0.044164,-1.011868,21.315,217.14,-28.6475
8291,3281374,0.447496,0.025864,-0.9989361,29.5575,240.2575,-30.695
8292,3281471,0.44652,0.068564,-0.992592,36.6625,260.9425,-28.7525
8293,3281569,0.4514,0.213988,-1.02236,41.8425,280.9625,-21.5425
8294,3281666,0.494344,0.2928,-1.04432,50.715,303.205,-8.4875
8295,3281763,0.566324,0.314516,-1.02236,66.5,327.915,9.275
8296,3281861,0.645868,0.310124,-1.041392,81.83001,357.35,26.775
8297,3281958,0.847412,0.09882,-1.017968,99.82,383.9675,39.5675
8298,3282055,1.130452,-0.07856801,-0.848632,104.1425,399.4375,40.215
8299,3282153,1.33712,-0.107604,-0.7332201,90.02,408.2575,35.07
8300,3282250,1.53598,-0.106384,-0.73566,87.6925,406.42,33.0925
8301,3282348,1.746796,-0.282796,-0.8903561,113.6275,387.695,44.485
8302,3282445,2.042524,-0.378444,-1.274168,129.71,348.3025,49.7175
8303,3282542,1.863428,0.249856,-1.247816,87.4125,280.28,30.6775
8304,3282640,1.291736,0.018056,-0.834236,123.515,213.9375,36.435
8305,3282737,0.822036,0.037332,-0.719312,122.815,170.7825,33.18
8306,3282834,0.493856,0.707844,-0.598532,105.2625,131.1275,23.3275
8307,3282932,1.244888,0.027328,-1.035536,144.41,70.2975,32.41
8308,3283029,1.433256,-0.983076,-2.72426,81.91751,-13.5275,43.715
8309,3283127,-0.108336,0.317688,-1.3359,-16.87,-161.98,10.8325
8310,3283224,-0.133468,0.801052,-1.051884,-69.59751,-183.435,-8.155
8311,3283321,-0.335744,0.712724,-0.727608,-15.54,-182.8575,1.8025
8312,3283419,-0.2074,0.489464,-0.701744,27.58,-163.4675,7.77
8313,3283516,-0.021228,0.232044,-0.720776,47.3725,-153.6325,15.6275
8314,3283613,0.08296,0.08881599,-0.764452,35.735,-156.8525,20.055
8315,3283711,0.1647,0.081496,-0.790804,7.98,-167.8425,21.3325
8316,3283808,0.234484,0.19642,-0.807396,-20.1775,-181.4575,22.3475
8317,3283906,0.295484,0.29036,-0.796904,-35.875,-195.4225,24.22
8318,3284003,0.353556,0.296948,-0.761036,-40.0225,-208.285,26.565
8319,3284100,0.418704,0.211304,-0.737856,-40.67,-218.435,26.6
8320,3284198,0.52704,0.08784,-0.735172,-46.865,-227.15,22.9775
8321,3284295,0.655628,-0.014396,-0.759572,-62.09,-237.0025,16.625
8322,3284393,0.7808001,-0.063684,-0.796172,-82.5825,-248.885,9.1175
8323,3284490,0.8610761,-0.06880801,-0.794952,-101.22,-261.8,2.6425
8324,3284587,0.8740081,-0.103944,-0.754936,-112.49,-272.475,-1.7675
8325,3284685,0.8476561,-0.207644,-0.695888,-119.07,-276.99,-5.2675
8326,3284782,0.87474,-0.329888,-0.664412,-126.035,-272.6325,-8.4525
8327,3284880,0.9952761,-0.39894,-0.720776,-135.52,-260.1375,-10.15
8328,3284977,1.145092,-0.409432,-0.789828,-140.9975,-246.6975,-10.2025
8329,3285074,1.283684,-0.426512,-0.86498,-136.78,-236.25,-7.2975
8330,3285172,1.479128,-0.417972,-0.937448,-125.615,-226.905,-2.905
8331,3285269,1.646024,-0.433832,-0.938912,-107.31,-222.215,0.665
8332,3285367,1.727764,-0.518256,-0.8271601,-87.6225,-222.18,1.26
8333,3285464,1.796816,-0.596336,-0.6749041,-74.9875,-220.5875,-4.62
8334,3285561,1.895392,-0.6124401,-0.528504,-67.7075,-213.9725,-15.4875
8335,3285659,2.004948,-0.598044,-0.367708,-56.8575,-203.28,-26.5125
8336,3285756,2.118896,-0.597556,-0.189588,-37.73,-189.6125,-33.0225
8337,3285853,2.17526,-0.6505041,0.044652,-12.985,-173.9325,-32.13
8338,3285951,2.144272,-0.62342,0.30866,7.665,-157.045,-23.3975
8339,3286048,2.085712,-0.57584,0.526552,21.4375,-135.2925,-8.7675
8340,3286146,2.054724,-0.582916,0.64782,26.4775,-109.235,7.525
8341,3286243,1.99592,-0.54534,0.66978,16.9575,-84.0525,19.88
8342,3286340,1.807308,-0.445544,0.7998321,-0.28,-61.705,26.425
8343,3286438,2.001532,-0.136884,0.7664041,-8.085,-31.955,26.9325
8344,3286535,1.868552,-0.197884,0.737124,19.495,1.3475,34.895
8345,3286633,1.014796,-0.132248,-0.049044,49.42,20.93,20.685
8346,3286730,-0.1159,-1.372256,-1.53964,76.3525,27.7725,6.44
8347,3286827,-1.304424,-1.728496,-1.435696,42.5425,24.0625,-14.14
8348,3286925,0.426512,-0.526552,-0.944524,-71.8375,93.38,-12.3375
8349,3287022,2.078636,0.11712,-1.0553,-88.0075,131.075,18.795
8350,3287120,1.361276,0.94306,-1.552084,-75.635,80.5,12.355
8351,3287217,0.77592,1.047248,-1.309792,-55.2825,35.2975,-10.99
8352,3287314,0.5214281,0.346236,-0.8903561,-8.925,20.2475,-25.6725
8353,3287412,0.583648,-0.189832,-1.09068,13.0725,19.075,-28.49
8354,3287509,0.277428,-0.8132521,-0.748592,39.41,10.7625,-10.3425
8355,3287607,0.492392,-0.076372,-0.9340321,-17.535,12.53,-23.9225
8356,3287704,0.83692,0.274744,-0.9972281,-30.03,12.565,-27.965
8357,3287801,0.819108,0.196908,-0.8874281,-17.5525,3.3425,-22.155
8358,3287899,0.549732,0.07808001,-0.8559521,-3.955,-6.195,-13.65
8359,3287996,0.43798,0.037332,-0.820816,1.2775,-5.3725,-7.875
8360,3288094,0.51118,0.057096,-0.858392,7.6825,0.105,-3.255
8361,3288191,0.553148,0.030988,-0.864736,11.025,2.3625,-0.8925
8362,3288288,0.453352,0.073688,-0.825452,14.4375,-0.315,1.19
8363,3288386,0.412604,0.132736,-0.8337481,20.5625,1.015,4.375
8364,3288483,0.490684,0.102968,-0.8657121,28.315,3.5525,8.015
8365,3288581,0.552904,0.018788,-0.886452,31.8325,3.0975,9.87
8366,3288678,0.513864,-0.01098,-0.877668,31.7275,0.42,10.675
8367,3288775,0.504836,-0.045628,-0.8713241,29.365,-0.525,10.64
8368,3288873,0.495076,-0.048068,-0.882304,26.53,-1.82,9.975
8369,3288970,0.483852,-0.034404,-0.87352,22.295,-3.7275,9.2225
8370,3289068,0.490196,-0.02562,-0.86742,17.535,-5.3725,8.6275
8371,3289165,0.477752,-0.02074,-0.851804,12.7925,-6.3,7.2275
8372,3289262,0.466284,-0.06636801,-0.8652241,10.9375,-7.28,5.1625
8373,3289360,0.46116,-0.12444,-0.8866961,8.4875,-7.875,1.89
8374,3289457,0.5165481,-0.144692,-0.881816,2.59,-6.93,-2.7475
8375,3289554,0.543876,-0.077104,-0.884012,-4.5325,-5.9325,-6.65
8376,3289652,0.548268,-0.053924,-0.869128,-8.1025,-5.8275,-8.54
8377,3289749,0.5058121,-0.03416,-0.877668,-8.75,-5.7925,-8.995
8378,3289847,0.51972,-0.02684,-0.8652241,-8.6625,-5.075,-9.6425
8379,3289944,0.516792,0.008296001,-0.872056,-9.73,-5.1625,-10.29
8380,3290041,0.513376,-0.006588,-0.8764481,-10.5525,-5.53,-11.1125
8381,3290139,0.522404,-0.00976,-0.881816,-12.8275,-6.09,-12.1975
8382,3290236,0.537044,-0.027328,-0.87718,-16.1875,-6.7725,-13.23
8383,3290334,0.5368,-0.000732,-0.8786441,-19.7225,-7.875,-14.21
8384,3290431,0.5248441,0.00122,-0.876692,-21.8225,-8.89,-14.91
8385,3290528,0.538996,-0.013176,-0.882304,-23.6425,-9.5375,-15.4525
8386,3290626,0.49898,0.02074,-0.868152,-25.8475,-11.1475,-16.0475
8387,3290723,0.505568,0.022448,-0.8723001,-26.11,-11.725,-16.0825
8388,3290820,0.506544,-0.000732,-0.8769361,-24.92,-12.1275,-15.96
8389,3290918,0.515572,-0.003416,-0.89182,-26.215,-12.6525,-17.01
8390,3291015,0.479216,0.00488,-0.8642481,-27.615,-14.28,-17.99
8391,3291113,0.446276,0.038308,-0.85888,-27.9475,-14.9275,-18.375
8392,3291210,0.426756,0.054412,-0.852536,-26.18,-14.4375,-18.3925
8393,3291307,0.435052,0.066856,-0.856684,-23.905,-13.475,-17.6925
8394,3291405,0.47092,0.116388,-0.8549761,-22.6975,-12.11,-16.7825
8395,3291502,0.438224,0.132004,-0.833504,-19.705,-11.8825,-15.4
8396,3291599,0.433344,0.09247601,-0.859368,-14.8925,-10.745,-13.2475
8397,3291697,0.445788,0.091012,-0.853024,-12.215,-9.6425,-12.0575
8398,3291794,0.424316,0.133956,-0.843264,-10.22,-9.3975,-10.885
8399,3291892,0.467016,0.10736,-0.860344,-6.2825,-7.42,-9.17
8400,3291989,0.486536,0.094916,-0.855708,-3.5875,-6.2825,-7.9275
8401,3292086,0.460184,0.11102,-0.8476561,-2.8525,-6.335,-6.9125
8402,3292184,0.491904,0.095648,-0.869372,-0.5075,-4.935,-5.565
8403,3292282,0.491416,0.07686,-0.86132,0.4725,-4.55,-4.8475
8404,3292379,0.467992,0.113948,-0.854488,0.07,-5.1625,-4.34
8405,3292476,0.484096,0.084912,-0.86498,1.6975,-4.6025,-3.5525
8406,3292573,0.488244,0.072712,-0.860588,2.2225,-4.305,-3.185
8407,3292671,0.449204,0.09711201,-0.85522,1.6975,-4.6375,-3.0625
8408,3292768,0.446764,0.094916,-0.8596121,3.6575,-3.78,-2.4325
8409,3292865,0.444324,0.11712,-0.84546,5.845,-2.94,-1.4175
8410,3292963,0.440176,0.123952,-0.843996,9.2225,-1.9075,-0.0875
8411,3293060,0.46848,0.08369201,-0.8723001,13.2825,-0.6475,1.4525
8412,3293158,0.4758,0.081984,-0.8642481,14.4725,-0.7175,2.2925
8413,3293255,0.486048,0.08100801,-0.871568,14.63,-0.98,2.8525
8414,3293352,0.490684,0.05124001,-0.876692,15.2075,-1.3825,3.255
8415,3293450,0.500688,0.067344,-0.87352,13.86,-2.0475,3.325
8416,3293547,0.499712,0.06270801,-0.8662001,13.09,-2.4675,3.29
8417,3293645,0.491172,0.073688,-0.860344,12.67,-2.9575,3.15
8418,3293742,0.482144,0.064904,-0.869616,13.09,-2.9225,3.2025
8419,3293839,0.487512,0.050752,-0.868152,13.405,-2.765,3.2725
8420,3293937,0.48556,0.051972,-0.868152,12.985,-2.7475,3.045
8421,3294034,0.485316,0.057584,-0.8662001,12.8625,-2.6075,2.87
8422,3294132,0.487268,0.052704,-0.863272,13.0375,-2.555,2.87
8423,3294229,0.48068,0.052948,-0.863516,13.09,-2.3625,2.87
8424,3294326,0.467016,0.052948,-0.8679081,13.2825,-2.345,2.835
8425,3294424,0.467748,0.038064,-0.8740081,14.07,-2.2225,2.8875
8426,3294521,0.465308,0.053192,-0.8718121,13.9825,-2.31,2.835
8427,3294619,0.474092,0.034892,-0.874984,13.93,-2.03,2.7125
8428,3294716,0.482876,0.045628,-0.866688,12.9675,-1.7325,2.6775
8429,3294813,0.483364,0.0366,-0.87108,12.39,-1.7675,2.7125
8430,3294911,0.5016641,0.02928,-0.8698601,11.7075,-1.82,2.6775
8431,3295008,0.502152,0.02928,-0.863028,10.115,-2.31,2.4675
8432,3295105,0.49044,0.02806,-0.866932,8.9425,-3.0625,2.205
8433,3295203,0.477752,0.03172,-0.8708361,8.0325,-3.3775,1.995
8434,3295300,0.48068,0.038796,-0.871568,7.455,-2.835,1.925
8435,3295398,0.483364,0.036112,-0.8708361,7.2975,-2.695,2.2225
8436,3295495,0.491416,0.043432,-0.863516,7.0,-2.7125,2.7125
8437,3295592,0.487512,0.035136,-0.863028,7.07,-3.045,3.5525
8438,3295690,0.485072,0.054412,-0.8559521,7.42,-3.6575,4.9
8439,3295787,0.49654,0.041724,-0.8559521,8.2075,-3.8675,6.2475
8440,3295885,0.49044,0.032452,-0.863028,8.89,-4.2175,6.6675
8441,3295982,0.468968,0.006832001,-0.879864,8.5575,-4.2525,6.335
8442,3296079,0.475312,-0.000488,-0.875716,7.7,-3.99,6.1425
8443,3296177,0.462868,0.0,-0.8725441,6.545,-3.465,5.74
8444,3296274,0.449692,0.01464,-0.8805961,5.285,-2.8175,5.18
8445,3296371,0.452132,0.023424,-0.881816,4.41,-1.4175,5.18
8446,3296469,0.469944,0.038064,-0.8759601,4.515,0.0,5.985
8447,3296566,0.489464,0.043432,-0.864492,5.1625,0.7875,7.3325
8448,3296664,0.503372,0.023668,-0.862296,6.055,0.9975,8.1375
8449,3296761,0.495808,0.020984,-0.872056,6.16,1.05,8.5925
8450,3296859,0.509228,0.02684,-0.87474,6.2475,1.505,8.8725
8451,3296956,0.53924,0.03172,-0.8625401,6.9125,2.4325,9.275
8452,3297053,0.489464,0.044408,-0.8759601,7.84,3.4125,10.3075
8453,3297151,0.479704,0.05002,-0.8903561,8.855,5.88,13.0725
8454,3297248,0.469944,0.050996,-0.903288,9.1,8.7675,15.925
8455,3297346,0.522892,0.043676,-0.907436,9.66,14.0175,18.5325
8456,3297443,0.481412,0.021472,-0.932812,12.6175,20.755,20.37
8457,3297540,0.45628,-0.09784401,-0.921344,12.67,31.045,19.5475
8458,3297638,0.4636,-0.072468,-0.9613601,8.82,45.57,14.84
8459,3297735,0.429928,-0.12322,-0.9525761,8.19,61.5125,9.5375
8460,3297833,0.42334,-0.115656,-0.970876,6.6325,80.22,2.73
8461,3297930,0.428464,-0.10126,-0.9823441,6.5625,100.205,-5.1275
8462,3298027,0.437492,-0.121756,-0.967704,9.695,120.505,-12.985
8463,3298125,0.43798,-0.096624,-0.967704,11.6375,141.47,-20.9825
8464,3298222,0.431148,-0.071004,-0.9701441,14.0,162.05,-27.3175
8465,3298320,0.442616,-0.02928,-0.995032,17.5,183.435,-31.3075
8466,3298417,0.434076,0.04392,-1.024556,22.435,205.9575,-31.955
8467,3298514,0.43798,0.121756,-1.03334,29.2425,229.74,-28.4025
8468,3298612,0.4514,0.19154,-1.040172,37.73,254.4325,-20.65
8469,3298709,0.457012,0.247416,-1.059204,47.8625,281.3125,-8.6275
8470,3298807,0.510692,0.305732,-1.10654,62.125,310.625,5.6
8471,3298904,0.6117081,0.30378,-1.088728,80.8675,344.0675,21.5075
8472,3299002,0.7366361,0.154696,-1.08946,103.74,376.4775,37.0475
8473,3299099,1.020652,-0.043188,-1.035048,116.7075,401.1,42.9275
8474,3299196,1.378844,-0.220332,-0.7998321,113.3125,412.58,38.71
8475,3299294,1.697752,-0.09613601,-0.871568,105.105,414.9075,36.4175
8476,3299391,1.99714,-0.23546,-1.003572,131.6,393.75,45.8675
8477,3299489,2.1655,-0.103944,-1.415444,146.1075,342.2825,53.34
8478,3299586,1.661884,0.168848,-1.179496,145.0225,269.5875,53.4975
8479,3299683,1.147288,0.039772,-1.002108,180.25,218.085,61.425
8480,3299781,0.642452,0.140788,-0.909632,164.955,178.815,47.2325
8481,3299878,0.328424,0.453352,-0.789828,145.04,135.0825,33.8625
8482,3299976,0.943548,-0.632936,-0.191296,148.435,72.1875,27.055
8483,3300073,2.090348,-0.6307401,-4.32612,57.4525,41.16,33.0225
8484,3300170,-0.230336,-0.10492,-1.120204,-11.34,-139.79,28.5425
8485,3300268,-0.039772,1.042368,-1.353224,-97.7725,-187.46,-0.455
8486,3300365,-0.384788,0.988444,-0.746396,-29.82,-191.205,7.6125
8487,3300463,-0.244976,0.648796,-0.693448,38.2725,-175.35,13.16
8488,3300560,-0.05587601,0.321104,-0.686372,65.3975,-162.1375,13.895
8489,3300657,0.092232,0.111752,-0.735904,54.0575,-162.75,11.48
8490,3300755,0.192028,0.063928,-0.78812,21.035,-173.2325,7.21
8491,3300852,0.291824,0.172264,-0.836188,-12.9675,-187.635,4.0425
8492,3300949,0.37942,0.241072,-0.8559521,-31.4125,-203.6825,5.145
8493,3301047,0.454328,0.161772,-0.842288,-35.8925,-220.01,10.395
8494,3301144,0.525088,0.00976,-0.798368,-41.1425,-235.6725,15.05
8495,3301242,0.579012,-0.124196,-0.7285841,-55.5625,-250.39,17.99
8496,3301339,0.633912,-0.223992,-0.6612401,-79.205,-261.87,19.5125
8497,3301436,0.68686,-0.22448,-0.615124,-107.905,-267.19,19.4425
8498,3301534,0.7134561,-0.144204,-0.613904,-130.9,-267.645,18.725
8499,3301631,0.769332,-0.15128,-0.648064,-139.8425,-263.4275,19.1275
8500,3301729,0.8893801,-0.2562,-0.71614,-139.265,-256.0425,19.8975
8501,3301826,1.021872,-0.382104,-0.77104,-140.4025,-250.4775,20.545
8502,3301923,1.090436,-0.490684,-0.722972,-146.545,-249.1125,20.23
8503,3302021,1.09678,-0.465064,-0.672464,-156.7475,-245.2975,18.7425
8504,3302118,1.218536,-0.344284,-0.712236,-162.015,-231.49,16.7825
8505,3302216,1.440088,-0.205204,-0.8025161,-149.2225,-215.1625,14.175
8506,3302313,1.73728,-0.216672,-0.877424,-121.5375,-204.1725,10.395
8507,3302410,1.908568,-0.366732,-0.816424,-91.5425,-203.2975,3.045
8508,3302508,1.892464,-0.50752,-0.652944,-77.1575,-206.745,-7.455
8509,3302605,1.906128,-0.49776,-0.5206961,-79.905,-202.8075,-18.6375
8510,3302703,1.967128,-0.460916,-0.415044,-82.3375,-192.78,-25.9
8511,3302800,2.012512,-0.416264,-0.262544,-76.965,-181.51,-28.35
8512,3302897,2.002508,-0.4392,-0.056852,-65.2575,-167.86,-27.2125
8513,3302995,1.933944,-0.4404201,0.138836,-55.475,-150.115,-24.3425
8514,3303092,1.86904,-0.3843,0.290116,-50.0675,-127.1025,-20.2125
8515,3303189,1.824876,-0.385276,0.383568,-44.8175,-101.01,-14.14
8516,3303287,1.867576,-0.386008,0.373076,-43.68,-74.97,-8.68
8517,3303384,1.82024,-0.08759601,0.4209,-39.9,-55.4225,-4.83
8518,3303482,1.9642,-0.188612,0.410164,-5.6525,-37.1875,4.6375
8519,3303579,1.75436,-0.41724,0.490928,28.2275,-21.35,13.8775
8520,3303676,1.615768,-0.145668,0.434564,33.1625,-3.325,1.1375
8521,3303774,1.079944,0.291824,0.014396,53.445,15.96,-26.04
8522,3303871,0.11956,-0.27816,-1.308084,108.4475,23.9575,-48.9125
8523,3303969,-0.771528,-1.455216,-2.07766,151.6725,24.045,-62.0375
8524,3304066,-0.517524,-2.857972,-0.607804,140.595,47.32,-40.8275
8525,3304163,1.043588,-2.20088,-0.526308,36.8375,106.3125,12.4775
8526,3304261,1.460096,-0.5206961,-1.214632,-52.5,117.8275,41.4225
8527,3304358,1.103124,1.707512,-1.939312,-91.245,78.9775,28.2975
8528,3304456,1.294664,2.089128,-1.17608,-4.375,41.615,5.81
8529,3304553,0.2928,0.003172,-0.5785241,100.695,4.9875,12.705
8530,3304650,0.6219561,-1.773148,-1.11752,123.795,21.63,24.675
8531,3304748,0.16226,-0.500688,-0.604388,20.7375,8.1025,5.7225
8532,3304845,0.531676,0.722728,-1.098976,-17.745,10.71,-2.8175
8533,3304943,0.840336,0.1525,-0.9581881,10.7625,13.93,3.9375
8534,3305040,0.502152,-0.124196,-0.8256961,24.745,-7.385,12.0575
8535,3305137,0.535092,0.087108,-0.927688,10.0625,-1.8375,13.1775
8536,3305235,0.459208,0.070516,-0.9079241,9.695,-4.025,15.6625
8537,3305332,0.449692,-0.177388,-0.8427761,15.2775,-7.1925,17.9725
8538,3305430,0.494832,-0.139324,-0.853512,10.255,-8.085,15.9425
8539,3305527,0.544852,-0.11346,-0.8662001,6.7375,-8.7675,13.545
8540,3305624,0.4933681,-0.1708,-0.834724,7.21,-10.99,11.4975
8541,3305722,0.476288,-0.187392,-0.853024,4.4275,-11.025,8.3475
8542,3305819,0.512156,-0.149572,-0.856684,0.8575,-10.115,5.1275
8543,3305917,0.542656,-0.115168,-0.853756,-1.085,-9.0825,2.3975
8544,3306014,0.533384,-0.118828,-0.8522921,-1.1025,-9.0825,0.7
8545,3306111,0.499468,-0.114192,-0.856684,-1.4,-9.45,-0.8575
8546,3306209,0.4933681,-0.077592,-0.863272,-2.345,-9.1875,-2.625
8547,3306306,0.487268,-0.06539201,-0.8591241,-1.645,-9.87,-3.6925
8548,3306404,0.483852,-0.040748,-0.863516,-1.365,-10.85,-4.235
8549,3306501,0.476288,-0.036356,-0.872788,-1.4525,-11.5325,-3.8325
8550,3306598,0.486536,-0.025376,-0.876204,-0.9625,-12.04,-3.115
8551,3306696,0.469212,-0.02928,-0.8801081,-0.7175,-12.6525,-2.2575
8552,3306793,0.479948,-0.037576,-0.87718,-0.28,-12.5475,-1.5925
8553,3306891,0.501908,-0.055632,-0.8725441,0.1575,-12.005,-1.1725
8554,3306988,0.498004,-0.054168,-0.87474,0.4725,-11.41,-0.8575
8555,3307085,0.519232,-0.08564401,-0.8508281,1.05,-10.255,-0.525
8556,3307183,0.476776,-0.063684,-0.878156,-0.2625,-9.87,-0.5075
8557,3307280,0.474824,-0.050264,-0.881572,0.42,-8.8025,-0.5075
8558,3307378,0.482144,-0.056852,-0.87718,0.7525,-8.2775,-0.105
8559,3307475,0.480924,-0.060268,-0.875228,1.155,-7.9275,0.14
8560,3307572,0.477508,-0.06270801,-0.876692,1.2425,-7.805,0.0875
8561,3307670,0.487024,-0.06466001,-0.873764,1.505,-7.5425,-0.105
8562,3307767,0.484584,-0.06466001,-0.874252,1.6625,-7.1925,-0.315
8563,3307865,0.480192,-0.063196,-0.874984,1.715,-6.825,-0.5075
8564,3307962,0.47092,-0.062464,-0.875228,1.8725,-6.4925,-0.63
8565,3308060,0.468236,-0.07490801,-0.873032,2.0825,-6.1775,-0.7
8566,3308157,0.471164,-0.06636801,-0.878156,1.9075,-5.7925,-1.0675
8567,3308254,0.471408,-0.06588,-0.875472,2.0125,-5.4425,-1.4
8568,3308352,0.4758,-0.061,-0.8740081,1.995,-4.9175,-1.4875
8569,3308449,0.471652,-0.055388,-0.875716,2.24,-4.655,-1.33
8570,3308547,0.473848,-0.05587601,-0.873032,2.3275,-4.6725,-1.19
8571,3308644,0.469944,-0.05929201,-0.8708361,2.45,-5.145,-1.0325
8572,3308741,0.4697,-0.065148,-0.8725441,2.4675,-5.4075,-1.085
8573,3308839,0.4697,-0.060268,-0.873764,2.31,-5.6175,-1.0675
8574,3308936,0.466284,-0.063196,-0.873764,2.3275,-5.6,-0.9975
8575,3309034,0.467016,-0.06563601,-0.8740081,2.31,-5.88,-1.05
8576,3309131,0.468236,-0.064172,-0.8759601,2.3275,-6.265,-0.98
8577,3309228,0.466772,-0.061732,-0.86864,2.4675,-6.3875,-1.05
8578,3309326,0.46238,-0.06466001,-0.8744961,2.4675,-6.72,-1.085
8579,3309423,0.468968,-0.06563601,-0.870592,2.4325,-7.0,-1.0675
8580,3309520,0.462868,-0.070516,-0.87352,2.625,-7.42,-1.085
8581,3309618,0.46726,-0.06880801,-0.874252,2.59,-7.5425,-1.1725
8582,3309715,0.467992,-0.0671,-0.87352,2.625,-7.6475,-1.225
8583,3309813,0.46848,-0.060268,-0.8769361,2.6775,-7.84,-1.365
8584,3309910,0.469212,-0.062464,-0.870592,2.8175,-7.9975,-1.2775
8585,3310008,0.460184,-0.06563601,-0.875472,2.9575,-8.3475,-1.3125
8586,3310105,0.465552,-0.064416,-0.8744961,2.905,-8.5925,-1.3825
8587,3310202,0.468968,-0.071492,-0.8679081,3.22,-8.7325,-1.33
8588,3310300,0.4575,-0.073932,-0.8723001,3.0975,-9.0475,-1.54
8589,3310397,0.451644,-0.083448,-0.8725441,3.2725,-9.45,-2.0125
8590,3310494,0.45628,-0.076372,-0.873032,2.9925,-9.66,-2.6075
8591,3310592,0.449692,-0.08808401,-0.870104,2.555,-9.8,-3.395
8592,3310689,0.452864,-0.081252,-0.8764481,2.1525,-10.115,-4.27
8593,3310787,0.467504,-0.053436,-0.8862081,1.645,-10.0275,-4.7075
8594,3310884,0.458476,-0.072468,-0.8725441,1.9425,-9.835,-4.27
8595,3310981,0.464088,-0.06539201,-0.8759601,1.855,-9.6775,-4.2525
8596,3311079,0.458476,-0.0671,-0.877424,1.8725,-9.8525,-4.235
8597,3311176,0.454816,-0.061488,-0.877668,1.4875,-9.7125,-4.41
8598,3311274,0.452132,-0.063196,-0.8808401,1.1375,-9.275,-4.515
8599,3311371,0.4514,-0.054412,-0.882304,0.945,-8.89,-4.41
8600,3311468,0.44164,-0.05368,-0.882304,0.8225,-8.505,-4.0425
8601,3311566,0.4453,-0.052948,-0.887672,0.665,-7.8575,-3.9025
8602,3311663,0.445056,-0.047092,-0.893772,0.455,-6.8075,-3.8675
8603,3311761,0.448228,-0.036844,-0.90158,0.2625,-4.9875,-3.185
8604,3311858,0.456768,-0.03172,-0.897432,0.6475,-2.905,-1.9075
8605,3311955,0.450912,-0.044408,-0.8874281,1.19,-0.7875,-0.525
8606,3312053,0.462136,-0.070516,-0.893772,1.1725,1.82,0.175
8607,3312150,0.445056,-0.042456,-0.915976,-0.07,5.3025,-0.28
8608,3312248,0.446764,0.04026,-0.936228,-2.2225,11.1125,-0.3325
8609,3312345,0.425536,0.031232,-0.98332,-1.54,19.5825,3.5
8610,3312442,0.399672,-0.019032,-1.026264,0.4025,32.1125,8.8025
8611,3312540,0.411872,-0.001952,-1.06994,1.3475,50.8375,11.935
8612,3312637,0.266936,-0.263276,-0.9530641,9.1525,73.745,12.46
8613,3312735,0.384788,-0.028792,-1.181448,0.7175,105.9275,6.9125
8614,3312832,0.3294,-0.155428,-1.074576,13.3175,134.54,1.7325
8615,3312929,0.35014,-0.052948,-1.149728,17.1325,166.915,-5.635
8616,3313027,0.353556,-0.06075601,-1.125816,29.5575,199.4475,-10.99
8617,3313124,0.335988,0.004148001,-1.149484,42.0175,234.255,-14.2275
8618,3313222,0.32208,0.050508,-1.158024,56.91,270.725,-12.81
8619,3313319,0.355508,0.091988,-1.210972,75.1975,304.43,-5.0575
8620,3313416,0.435052,0.123952,-1.187548,92.89001,331.0475,8.12
8621,3313514,0.510692,0.071004,-1.082628,111.6325,350.3325,23.3975
8622,3313611,0.70028,0.096624,-1.054568,119.49,368.3575,35.5775
8623,3313709,0.840336,0.036844,-1.098732,131.25,385.245,46.83
8624,3313806,1.1346,-0.210816,-1.059204,151.375,394.6075,54.4075
8625,3313903,1.39202,-0.309148,-1.09678,153.3875,393.3825,50.96
8626,3314001,1.662616,-0.190564,-1.181936,152.6,377.58,45.045
8627,3314098,1.7507,-0.21228,-1.349564,165.7075,339.08,47.3025
8628,3314196,1.436184,-0.28304,-1.402756,187.6175,285.11,49.105
8629,3314293,1.13216,-0.055144,-1.229516,178.9725,236.6875,33.81
8630,3314391,0.63806,0.08466801,-0.671244,150.99,189.4025,11.7775
8631,3314488,0.3599,0.245708,-0.624396,132.86,145.565,-5.8275
8632,3314585,1.826828,-0.951112,-2.252852,98.1225,80.85,-6.23
8633,3314683,0.42334,-0.136152,-1.995676,-23.415,-20.7725,-20.72
8634,3314780,-0.052704,1.04798,-1.576728,-102.585,-135.45,-49.2275
8635,3314878,-0.410164,0.9757561,-0.980148,-46.2,-154.525,-39.7075
8636,3314975,-0.416508,0.6231761,-0.793976,23.73,-150.7975,-32.2875
8637,3315073,-0.187148,0.224968,-0.80154,46.9175,-140.105,-28.35
8638,3315170,-0.02196,0.032696,-0.8888921,28.35,-144.3575,-25.7775
8639,3315267,0.070516,0.072712,-0.9589201,-10.01,-160.1775,-22.5225
8640,3315365,0.123464,0.24888,-0.9633121,-41.7725,-179.55,-16.2575
8641,3315462,0.163968,0.326472,-0.907192,-52.9375,-195.8775,-6.965
8642,3315560,0.21106,0.305488,-0.8378961,-52.1675,-206.9025,1.12
8643,3315657,0.268888,0.204228,-0.783972,-53.2175,-213.255,4.375
8644,3315754,0.356484,0.110288,-0.77104,-62.79,-216.335,1.7325
8645,3315852,0.503128,0.061,-0.81252,-80.08,-217.385,-5.285
8646,3315949,0.662216,-0.023912,-0.86864,-96.6175,-220.3425,-12.32
8647,3316047,0.8147161,-0.137616,-0.908168,-112.56,-226.5375,-18.935
8648,3316144,0.911096,-0.213744,-0.887184,-128.8875,-235.62,-24.92
8649,3316241,0.9059721,-0.27206,-0.8276481,-142.6425,-243.2325,-29.5225
8650,3316339,0.945012,-0.293044,-0.8210601,-152.2325,-242.2525,-32.83
8651,3316436,1.0553,-0.354288,-0.841312,-151.5325,-234.395,-34.0025
8652,3316534,1.236104,-0.43798,-0.93696,-143.045,-226.5025,-31.3425
8653,3316631,1.42984,-0.552416,-1.017236,-131.25,-223.51,-25.3225
8654,3316728,1.555988,-0.598288,-1.012112,-119.805,-227.5175,-20.1775
8655,3316826,1.64456,-0.630984,-0.902556,-107.485,-232.96,-18.3925
8656,3316923,1.730448,-0.619028,-0.7666481,-92.54001,-233.835,-21.805
8657,3317021,1.820972,-0.570716,-0.646844,-73.36,-228.0775,-27.4575
8658,3317118,1.947608,-0.528016,-0.5690081,-48.16,-217.455,-32.34
8659,3317215,2.081808,-0.632204,-0.4933681,-19.8275,-206.2025,-33.425
8660,3317313,2.18136,-0.787144,-0.375272,-1.8725,-197.505,-29.4875
8661,3317410,2.216252,-0.764696,-0.23058,-3.01,-191.45,-20.51
8662,3317508,2.146468,-0.685884,-0.022448,-9.3975,-184.975,-5.1625
8663,3317605,2.034472,-0.628788,0.207156,-15.0325,-174.1775,12.6525
8664,3317703,1.926136,-0.53314,0.4026,-23.4325,-156.87,28.28
8665,3317800,1.80194,-0.422364,0.543144,-32.4275,-133.4725,40.3725
8666,3317897,1.736304,-0.309148,0.5838921,-39.865,-104.4575,48.3175
8667,3317995,1.708,-0.114924,0.474824,-41.895,-74.0075,52.045
8668,3318092,1.696532,0.11346,0.641232,-17.3075,-42.56,51.66
8669,3318190,1.720932,-0.177876,0.52216,21.3325,-6.4225,51.4325
8670,3318287,1.350296,0.010004,0.255468,46.2175,14.665,30.6425
8671,3318384,0.7088201,-0.258152,-0.9779521,63.56,20.685,0.9975
8672,3318482,-0.6944241,-1.000644,-1.770708,82.215,4.585,-14.4025
8673,3318579,-1.471076,-1.114836,-1.040904,44.0125,18.1475,-34.86
8674,3318677,-0.110532,-0.61366,-0.259372,-10.955,91.84001,-17.9375
8675,3318774,1.616988,-0.638792,-0.827892,-10.045,160.7725,28.6125
8676,3318871,1.181692,0.319884,-1.61772,-20.72,132.195,33.5475
8677,3318969,0.944768,1.00162,-1.288076,-25.445,90.0375,9.3975
8678,3319066,0.8086161,0.553148,-0.9989361,13.4575,71.3475,-7.245
8679,3319164,0.725412,-0.189344,-1.080188,35.91,64.4525,-18.5675
8680,3319261,0.505324,-0.594384,-0.915244,31.1675,52.57,-18.3925
8681,3319358,0.8569281,-0.309636,-1.363228,25.025,45.7275,-6.195
8682,3319456,0.7666481,0.13542,-0.993568,31.395,25.2525,-1.8375
8683,3319553,0.636596,0.0366,-0.875228,17.7975,4.6025,-3.99
8684,3319651,0.625372,-0.258884,-0.976488,26.11,7.945,-0.5425
8685,3319748,0.401136,-0.054412,-0.82472,19.53,0.49,2.0125
8686,3319845,0.499712,0.108336,-0.97234,13.44,5.9675,3.8675
8687,3319943,0.479948,-0.018544,-0.896944,16.87,0.49,7.1225
8688,3320040,0.483364,-0.0244,-0.87962,13.1425,-3.6225,8.5225
8689,3320138,0.478728,0.06270801,-0.8857201,8.9775,-4.865,8.6975
8690,3320235,0.525088,-0.025864,-0.877668,8.6975,-6.9125,8.6975
8691,3320332,0.556564,-0.120048,-0.8642481,8.3475,-9.8,7.63
8692,3320430,0.489708,-0.139568,-0.8671761,5.355,-11.515,5.39
8693,3320527,0.506544,-0.162748,-0.868884,2.765,-11.3225,2.73
8694,3320625,0.5246,-0.140544,-0.8569281,0.4025,-11.06,-0.735
8695,3320722,0.528748,-0.128588,-0.872788,-2.4675,-10.395,-4.41
8696,3320820,0.506544,-0.104432,-0.87108,-3.57,-10.01,-7.35
8697,3320917,0.5023961,-0.06075601,-0.878888,-5.355,-8.54,-9.065
8698,3321014,0.507032,-0.032208,-0.8759601,-5.3725,-7.4725,-9.695
8699,3321112,0.504104,-0.01952,-0.871568,-5.0925,-7.21,-9.59
8700,3321209,0.496784,-0.003172,-0.8764481,-5.215,-7.35,-9.2225
8701,3321307,0.50508,0.006344,-0.878888,-5.6875,-7.385,-8.68
8702,3321404,0.503128,-0.008052001,-0.875472,-5.775,-7.595,-7.8925
8703,3321501,0.504348,-0.013908,-0.875228,-5.915,-7.735,-6.965
8704,3321599,0.496052,-0.035136,-0.8723001,-5.1275,-7.735,-5.985
8705,3321696,0.493856,-0.031964,-0.8764481,-4.55,-7.385,-5.4075
8706,3321794,0.487512,-0.034892,-0.873764,-3.3775,-6.965,-4.8475
8707,3321891,0.475556,-0.026108,-0.876204,-1.5925,-6.545,-4.025
8708,3321988,0.488,-0.022936,-0.873764,-0.07,-6.0375,-3.395
8709,3322086,0.489952,-0.023912,-0.87108,0.8400001,-5.705,-2.94
8710,3322183,0.487512,-0.024644,-0.87108,1.295,-5.81,-2.5375
8711,3322280,0.488244,-0.040748,-0.877424,1.4875,-5.635,-2.4325
8712,3322378,0.481656,-0.039772,-0.875472,0.735,-5.25,-2.73
8713,3322475,0.479948,-0.03904,-0.8708361,-0.2625,-4.8825,-3.36
8714,3322573,0.469456,-0.038796,-0.8759601,-0.9975,-4.585,-3.8325
8715,3322670,0.471896,-0.031232,-0.874252,-1.645,-4.4625,-4.2875
8716,3322767,0.473116,-0.024156,-0.876204,-2.2575,-4.375,-4.6025
8717,3322865,0.48068,-0.019276,-0.868884,-2.3975,-4.48,-4.6375
8718,3322962,0.486048,-0.01708,-0.8708361,-2.5025,-4.725,-4.5325
8719,3323060,0.487268,-0.01586,-0.8698601,-2.3275,-5.0225,-4.2525
8720,3323157,0.482388,-0.023668,-0.868152,-1.785,-5.285,-4.0075
8721,3323254,0.482388,-0.017812,-0.868396,-0.9975,-5.4075,-3.535
8722,3323352,0.478728,-0.023424,-0.8698601,0.0175,-5.6525,-2.8525
8723,3323449,0.475312,-0.0122,-0.872788,0.8225,-5.8275,-2.3975
8724,3323547,0.477752,-0.016836,-0.870592,1.54,-5.95,-2.135
8725,3323644,0.476288,-0.019276,-0.871568,1.8375,-5.985,-1.925
8726,3323741,0.480924,-0.02806,-0.8698601,2.0125,-5.95,-1.855
8727,3323839,0.478728,-0.034648,-0.8718121,1.645,-5.915,-2.03
8728,3323936,0.471408,-0.026352,-0.872788,1.1375,-5.95,-2.3625
8729,3324034,0.46848,-0.02806,-0.870592,0.8400001,-5.7575,-2.7125
8730,3324131,0.467016,-0.019276,-0.870592,0.8400001,-5.74,-2.87
8731,3324228,0.462868,-0.018788,-0.8698601,0.7875,-5.8975,-2.9925
8732,3324326,0.46726,-0.014396,-0.86864,0.8925,-5.565,-3.045
8733,3324423,0.46604,-0.019764,-0.8718121,0.9275,-5.705,-2.975
8734,3324521,0.471896,-0.027328,-0.868396,0.9625,-5.635,-3.0275
8735,3324618,0.463844,-0.031476,-0.877668,0.6825,-5.67,-3.1675
8736,3324715,0.462868,-0.024644,-0.8740081,0.2275,-5.3725,-3.535
8737,3324813,0.47336,-0.016592,-0.875228,-0.21,-5.0225,-3.675
8738,3324910,0.47702,-0.016348,-0.8718121,-0.1225,-5.11,-3.5525
8739,3325008,0.47824,-0.013908,-0.8679081,-0.1225,-5.425,-3.4125
8740,3325105,0.483364,-0.01586,-0.86864,0.07,-5.5475,-3.185
8741,3325202,0.476532,-0.01708,-0.8740081,0.14,-5.5475,-3.2025
8742,3325300,0.467504,-0.022448,-0.876204,0.07,-5.635,-3.2025
8743,3325397,0.477752,-0.018788,-0.876204,-0.0525,-5.4425,-3.185
8744,3325494,0.4743361,-0.015616,-0.872056,0.1575,-5.4425,-2.87
8745,3325592,0.476044,-0.011468,-0.873032,0.42,-5.53,-2.66
8746,3325689,0.4758,-0.011956,-0.8713241,0.8400001,-5.775,-2.38
8747,3325787,0.476044,-0.013176,-0.8723001,0.8925,-5.7925,-2.1525
8748,3325884,0.481168,-0.015128,-0.8698601,1.225,-5.67,-2.0825
8749,3325981,0.473604,-0.011712,-0.875716,1.2075,-5.705,-2.03
8750,3326079,0.463112,-0.013908,-0.87474,1.2075,-5.8625,-2.03
8751,3326176,0.461404,-0.010736,-0.8786441,1.1375,-5.6875,-1.9075
8752,3326274,0.46116,-0.009272001,-0.8801081,1.3825,-5.6875,-1.5925
8753,3326371,0.476532,-0.008540001,-0.875228,1.7675,-5.495,-1.2425
8754,3326468,0.480436,-0.010248,-0.87474,2.1175,-5.7575,-0.735
8755,3326566,0.484096,-0.017812,-0.8740081,2.415,-6.1075,-0.35
8756,3326663,0.485804,-0.019764,-0.872056,2.485,-6.23,-0.1925
8757,3326761,0.481412,-0.021472,-0.8725441,2.59,-6.37,-0.21
8758,3326858,0.471408,-0.020252,-0.87108,2.695,-6.755,-0.21
8759,3326955,0.467992,-0.010248,-0.876692,2.8,-6.965,-0.035
8760,3327053,0.463844,-0.011468,-0.872056,2.9225,-6.895,0.1575
8761,3327150,0.455792,-0.008052001,-0.883524,2.4325,-6.4925,0.28
8762,3327248,0.45994,-0.00976,-0.8847441,2.4325,-6.0025,0.595
8763,3327345,0.45018,-0.0183,-0.8805961,2.3975,-5.18,0.98
8764,3327442,0.45018,-0.010004,-0.888404,1.9425,-4.3575,0.945
8765,3327540,0.465064,-0.01586,-0.8852321,1.995,-3.185,1.1725
8766,3327637,0.463112,-0.012688,-0.889624,1.4875,-1.6975,1.2775
8767,3327735,0.479216,-0.01708,-0.8845,1.47,-0.175,1.4875
8768,3327832,0.482632,-0.02196,-0.873764,1.3825,0.7875,1.4175
8769,3327929,0.471896,-0.012932,-0.87718,1.155,1.2775,1.295
8770,3328027,0.477752,-0.020984,-0.8784,1.2775,2.2225,1.3475
8771,3328124,0.490684,-0.014884,-0.874252,1.1025,3.6925,1.295
8772,3328222,0.476288,0.007320001,-0.889868,0.5075,5.565,1.3475
8773,3328319,0.479216,0.02562,-0.898164,0.595,8.2775,2.485
8774,3328416,0.466528,0.006832001,-0.90158,0.9975,11.9,5.005
8775,3328514,0.45384,-0.002196,-0.926224,0.6825,16.975,7.0875
8776,3328611,0.435784,-0.066856,-0.947208,2.6425,24.5,7.735
8777,3328709,0.42456,-0.062952,-0.9547721,2.6425,35.7,5.7575
8778,3328806,0.426268,-0.08759601,-0.9684361,0.5775,50.68,2.38
8779,3328903,0.416508,-0.105896,-0.980148,0.7525,67.9175,-1.6275
8780,3329001,0.407968,-0.117852,-0.986248,-0.3325,88.1475,-7.2975
8781,3329098,0.406504,-0.08369201,-0.996008,-1.3825,109.865,-13.4925
8782,3329196,0.412604,-0.053436,-1.005524,-0.7,132.16,-18.4975
8783,3329293,0.407968,-0.06075601,-0.9972281,2.59,153.7025,-22.2425
8784,3329391,0.41358,-0.05246,-0.996496,5.46,175.9275,-26.005
8785,3329488,0.394304,-0.01586,-1.04188,9.7125,199.5,-29.33
8786,3329585,0.39528,0.064904,-1.069208,17.885,225.365,-30.1
8787,3329683,0.3904,0.115412,-1.067012,27.195,251.9125,-26.9325
8788,3329780,0.411384,0.163724,-1.085556,39.2875,278.7575,-19.215
8789,3329878,0.451644,0.209596,-1.064328,50.575,306.915,-8.19
8790,3329975,0.568032,0.2318,-1.122888,62.3875,338.4675,4.13
8791,3330072,0.7283401,0.252052,-1.118496,75.0925,371.2975,16.4675
8792,3330170,0.859856,0.005368,-1.03212,97.79,398.965,26.81
8793,3330267,1.094584,-0.030012,-0.9018241,96.1625,416.9025,25.165
8794,3330365,1.379088,-0.171776,-0.775188,98.315,426.8075,23.5375
8795,3330462,1.88612,-0.272304,-0.972828,108.6925,424.62,26.3375
8796,3330559,2.161596,-0.225212,-1.14802,119.0875,389.69,27.58
8797,3330657,2.032764,0.002196,-1.22,108.8325,325.675,27.1775
8798,3330754,1.640656,0.172508,-1.121424,117.075,255.7625,31.3075
8799,3330852,1.076528,0.177388,-0.997716,131.04,198.94,33.46
8800,3330949,0.537288,0.300608,-0.743224,120.82,147.7175,26.145
8801,3331046,0.04636,0.554368,-0.7761641,122.6925,96.84501,22.8375
8802,3331144,2.262612,-0.614148,-2.54858,122.955,55.2825,42.2975
8803,3331241,0.310612,-0.505568,-1.58478,49.98,-54.04,46.2525
8804,3331339,0.08808401,0.652944,-1.231224,-52.745,-156.555,9.765
8805,3331436,-0.187636,0.896212,-0.785924,-50.8025,-168.0,10.29
8806,3331533,-0.197396,0.731756,-0.61122,7.6475,-163.9925,20.5275
8807,3331631,-0.1037,0.519232,-0.563396,44.8175,-147.9625,23.135
8808,3331728,0.071248,0.314516,-0.611952,55.09,-141.1025,25.5325
8809,3331826,0.168604,0.208376,-0.658556,39.865,-146.545,22.575
8810,3331923,0.225456,0.21106,-0.681004,14.3675,-158.8125,17.0625
8811,3332020,0.273768,0.295972,-0.6993041,-9.485,-172.865,11.375
8812,3332118,0.3294,0.339404,-0.708332,-21.9625,-186.2175,7.5075
8813,3332215,0.38918,0.306464,-0.700036,-24.885,-199.115,4.795
8814,3332312,0.454328,0.226188,-0.6878361,-27.3175,-211.12,0.42
8815,3332410,0.522648,0.145424,-0.686616,-34.4225,-222.775,-6.0725
8816,3332507,0.60878,0.085888,-0.697108,-45.675,-234.15,-13.1075
8817,3332605,0.67588,0.029768,-0.706136,-57.4875,-245.5775,-18.8475
8818,3332702,0.718092,-0.039772,-0.692228,-68.4775,-255.4825,-22.505
8819,3332800,0.731268,-0.08564401,-0.662704,-78.925,-262.115,-24.0275
8820,3332897,0.734928,-0.160064,-0.62952,-88.55,-263.41,-22.4875
8821,3332994,0.797636,-0.23668,-0.637084,-99.96,-256.4975,-19.005
8822,3333092,0.930616,-0.272792,-0.6851521,-113.6275,-244.055,-14.35
8823,3333189,1.105564,-0.277428,-0.755424,-125.9825,-231.665,-8.2425
8824,3333287,1.328824,-0.310368,-0.8637601,-132.8775,-220.64,-2.135
8825,3333384,1.5738,-0.384056,-0.98332,-135.31,-214.5325,4.5325
8826,3333481,1.775588,-0.465796,-0.998448,-140.2275,-217.2625,9.625
8827,3333579,1.87392,-0.479704,-0.8845,-147.8575,-225.8375,8.8025
8828,3333676,1.84464,-0.456524,-0.693204,-151.48,-230.0025,2.275
8829,3333774,1.807064,-0.366976,-0.5553441,-147.28,-221.585,-5.565
8830,3333871,1.923208,-0.329156,-0.512644,-130.41,-201.74,-8.7675
8831,3333968,2.10206,-0.426756,-0.49654,-104.3175,-182.07,-6.7375
8832,3334066,2.200636,-0.620492,-0.398208,-83.16001,-170.8525,-3.4125
8833,3334163,2.14964,-0.6695361,-0.203496,-77.14,-167.055,-1.295
8834,3334261,2.001776,-0.537288,0.000732,-76.2825,-161.2275,0.735
8835,3334358,1.898564,-0.412116,0.194956,-63.735,-147.21,5.8625
8836,3334455,1.811456,-0.371368,0.36234,-41.09,-126.0,11.6025
8837,3334553,1.741672,-0.342576,0.460428,-20.5275,-101.3425,14.14
8838,3334650,1.677744,-0.249612,0.478972,-6.5975,-75.46,13.7025
8839,3334748,1.614792,-0.16592,0.4453,4.8825,-50.575,13.2125
8840,3334845,1.570872,-0.133224,0.380152,13.51,-27.405,12.6875
8841,3334942,1.525244,-0.111264,0.310124,16.66,-7.5425,10.0975
8842,3335040,1.433988,-0.124928,0.276452,15.6275,8.9425,4.445
8843,3335137,1.24318,0.09394001,0.1403,11.7075,23.8,-4.5675
8844,3335235,1.133136,0.249124,0.049044,32.5675,41.2125,-15.925
8845,3335332,1.047492,-0.16958,-0.08906,72.4325,60.06,-16.7475
8846,3335429,0.81374,-0.301584,-0.27084,84.6125,68.775,-26.32
8847,3335527,0.195444,-0.245952,-0.856684,75.53,74.18251,-37.905
8848,3335624,-1.555988,0.434564,-2.707424,66.885,73.6225,-42.7175
8849,3335722,-1.590148,1.470588,-6.482104,143.3075,70.455,8.225
8850,3335819,0.063684,-4.83364,0.227164,376.005,35.7175,119.63
8851,3335917,0.7361481,-0.967216,0.715652,-47.3375,9.6075,39.025
8852,3336014,2.643008,2.262612,-1.680428,-99.015,96.3375,-33.0575
8853,3336111,0.953308,0.679784,-1.539884,33.0225,17.29,0.91
8854,3336209,-0.640012,-1.411296,-0.02196,129.6575,-47.985,34.86
8855,3336306,0.78324,-0.351604,-1.262456,30.5375,25.725,13.895
8856,3336404,0.508008,0.29036,-0.742004,6.2825,9.4675,2.9925
8857,3336501,0.5777921,-0.181048,-0.9298841,19.95,-1.2425,3.43
8858,3336598,0.508008,-0.316224,-0.82594,14.525,-5.1275,2.0475
8859,3336696,0.5185,-0.022204,-0.899384,0.245,-8.6275,-2.065
8860,3336793,0.507276,-0.044408,-0.899384,-0.8400001,-8.05,-3.9025
8861,3336891,0.439932,-0.106628,-0.8625401,5.4775,-9.3275,-2.415
8862,3336988,0.490196,0.030988,-0.889136,5.7225,-5.9675,-0.4025
8863,3337085,0.548268,0.102236,-0.869372,6.8775,-5.3375,1.7675
8864,3337183,0.514596,0.031964,-0.873764,10.78,-7.7175,5.11
8865,3337280,0.442128,-0.00122,-0.877912,12.46,-9.8175,7.8225
8866,3337378,0.469456,0.004392,-0.8913321,9.66,-9.17,9.205
8867,3337475,0.5246,-0.08881599,-0.865956,9.17,-8.6275,9.6775
8868,3337572,0.524112,-0.108092,-0.860344,7.21,-8.5225,8.5225
8869,3337670,0.512888,-0.10614,-0.868884,4.795,-8.3125,6.7375
8870,3337767,0.495564,-0.115168,-0.863272,4.2175,-8.575,5.0575
8871,3337865,0.493612,-0.09711201,-0.8615641,2.9925,-8.5925,3.2025
8872,3337962,0.49654,-0.08466801,-0.8610761,1.855,-8.925,1.26
8873,3338059,0.506544,-0.08100801,-0.8532681,1.0325,-9.3975,-0.35
8874,3338157,0.49654,-0.07808001,-0.858148,0.1575,-10.22,-1.7675
8875,3338254,0.492392,-0.084912,-0.8579041,-0.5775,-10.8675,-3.15
8876,3338352,0.489708,-0.07442,-0.874984,-1.015,-10.5875,-4.165
8877,3338449,0.489464,-0.06270801,-0.869128,-0.8925,-9.9575,-4.48
8878,3338547,0.486048,-0.07442,-0.866932,-0.9275,-9.3975,-4.725
8879,3338644,0.487512,-0.060268,-0.8713241,-1.2075,-8.9425,-5.04
8880,3338741,0.481656,-0.05124001,-0.8652241,-1.5225,-8.995,-5.4425
8881,3338839,0.474824,-0.05734,-0.869616,-2.4675,-9.3625,-6.0725
8882,3338936,0.482876,-0.064904,-0.876204,-4.3575,-9.52,-7.1575
8883,3339034,0.478728,-0.071248,-0.881816,-6.6325,-8.75,-8.1025
8884,3339131,0.487268,-0.057584,-0.8842561,-8.19,-8.1375,-8.505
8885,3339228,0.495076,-0.044896,-0.8769361,-8.925,-7.595,-8.505
8886,3339326,0.5016641,-0.033672,-0.8740081,-8.9775,-7.0175,-8.05
8887,3339423,0.489464,-0.046116,-0.873764,-8.33,-6.8075,-7.4025
8888,3339521,0.49044,-0.040016,-0.87718,-8.155,-6.3175,-6.9825
8889,3339618,0.485316,-0.05612,-0.878888,-7.665,-5.9675,-6.8775
8890,3339715,0.482144,-0.052948,-0.8810841,-7.805,-5.67,-7.175
8891,3339813,0.486048,-0.044164,-0.874252,-8.3825,-5.285,-7.5775
8892,3339910,0.476288,-0.046604,-0.878888,-8.68,-5.1975,-7.9275
8893,3340008,0.474824,-0.035624,-0.881328,-9.17,-5.18,-8.3125
8894,3340105,0.47336,-0.026596,-0.876204,-9.2575,-4.935,-8.645
8895,3340202,0.476532,-0.008052001,-0.873276,-9.2225,-5.0225,-8.5575
8896,3340300,0.479216,-0.011224,-0.868152,-8.12,-5.0925,-8.1725
8897,3340397,0.487512,-0.01342,-0.8676641,-7.315,-5.0575,-7.77
8898,3340495,0.482388,-0.016348,-0.871568,-6.685,-5.3725,-7.5775
8899,3340592,0.47092,-0.024888,-0.8820601,-6.4925,-5.6,-7.56
8900,3340689,0.464088,-0.017324,-0.866932,-6.44,-5.8275,-7.665
8901,3340787,0.465552,-0.000244,-0.866688,-6.0025,-5.8975,-7.4025
8902,3340884,0.465552,0.000488,-0.869616,-5.0225,-5.845,-6.7375
8903,3340982,0.471408,-0.002684,-0.8723001,-3.92,-5.7225,-5.95
8904,3341079,0.482632,0.001464,-0.858636,-3.5875,-5.5825,-5.5475
8905,3341177,0.487024,0.010248,-0.8601,-3.1325,-5.6525,-4.935
8906,3341274,0.486048,-0.01098,-0.86498,-2.205,-5.5475,-4.375
8907,3341371,0.487024,-0.00366,-0.8723001,-1.8375,-5.5475,-4.235
8908,3341469,0.482388,-0.011224,-0.8679081,-1.89,-5.5125,-4.2875
8909,3341566,0.478972,-0.005612,-0.87108,-1.8375,-5.5125,-4.48
8910,3341664,0.468724,-0.010492,-0.8791321,-1.3825,-5.565,-4.4975
8911,3341761,0.476532,0.00366,-0.871568,-1.295,-5.4425,-4.585
8912,3341858,0.4758,-0.000488,-0.869128,-0.91,-5.635,-4.445
8913,3341956,0.468968,-0.004392,-0.869616,-0.2625,-5.6875,-4.27
8914,3342053,0.465064,-0.002928,-0.8698601,0.3675,-5.7575,-4.1475
8915,3342151,0.465308,-0.002928,-0.868884,1.1025,-5.635,-3.8675
8916,3342248,0.4594521,0.001708,-0.875716,1.575,-5.635,-3.5875
8917,3342345,0.465796,-0.004148001,-0.872056,2.03,-5.32,-3.255
8918,3342443,0.46604,0.010736,-0.8679081,2.065,-5.285,-3.045
8919,3342540,0.469212,0.000976,-0.871568,2.59,-5.215,-2.6425
8920,3342638,0.472628,0.011468,-0.8676641,2.9225,-5.32,-2.2225
8921,3342735,0.468724,0.008540001,-0.8657121,3.4475,-5.285,-1.8025
8922,3342832,0.47336,0.007320001,-0.8652241,4.1475,-5.215,-1.3475
8923,3342930,0.479216,0.005612,-0.8679081,4.865,-5.285,-0.7175
8924,3343027,0.483608,-0.008052001,-0.868396,5.425,-5.7225,-0.2625
8925,3343125,0.47702,-0.007320001,-0.873276,5.3375,-6.0725,-0.1575
8926,3343222,0.478728,-0.011956,-0.87108,4.795,-6.1425,-0.1925
8927,3343319,0.479704,-0.018544,-0.873032,4.3925,-6.2125,-0.455
8928,3343417,0.47214,-0.011712,-0.877424,3.955,-6.1775,-0.735
8929,3343514,0.476776,-0.012932,-0.8769361,3.7975,-5.95,-0.945
8930,3343612,0.47824,-0.00976,-0.87352,3.3775,-5.285,-1.2775
8931,3343709,0.471896,-0.006588,-0.87474,3.22,-5.0225,-1.435
8932,3343806,0.464088,-0.007564001,-0.877424,3.29,-4.655,-1.4
8933,3343904,0.467504,-0.006588,-0.87718,3.4825,-4.305,-1.3475
8934,3344001,0.465552,-0.005124001,-0.8810841,3.6925,-3.9025,-1.33
8935,3344099,0.471896,-0.007808001,-0.880352,3.78,-3.43,-1.1725
8936,3344196,0.477752,-0.008540001,-0.875228,3.675,-3.01,-1.085
8937,3344293,0.476288,-0.008540001,-0.8744961,3.5175,-2.94,-0.8400001
8938,3344391,0.479216,-0.010736,-0.873032,3.5875,-2.8875,-0.7525
8939,3344488,0.481412,-0.01098,-0.870592,3.605,-2.6775,-0.595
8940,3344586,0.479704,-0.008784,-0.8718121,3.395,-2.3625,-0.4025
8941,3344683,0.47336,-0.012932,-0.8723001,3.4125,-2.5725,-0.315
8942,3344780,0.46604,-0.007320001,-0.8808401,3.325,-2.765,-0.35
8943,3344878,0.469212,-0.00366,-0.878888,3.57,-2.7125,-0.1575
8944,3344975,0.47214,-0.006832001,-0.8769361,3.8325,-2.5375,0.1925
8945,3345073,0.47092,-0.009272001,-0.88328,4.0425,-2.5025,0.525
8946,3345170,0.466284,-0.016836,-0.877912,4.2875,-2.3275,1.05
8947,3345267,0.476532,-0.012688,-0.87352,4.34,-1.96,1.3125
8948,3345365,0.480924,-0.005856,-0.87718,4.5675,-1.575,1.785
8949,3345462,0.47946,-0.000244,-0.8718121,5.215,-1.2775,2.625
8950,3345560,0.48434,0.019276,-0.8744961,6.125,-0.9625,3.78
8951,3345657,0.484096,0.009028001,-0.8769361,7.21,-0.56,5.2675
8952,3345755,0.474824,0.027572,-0.8827921,7.875,0.2975,6.4225
8953,3345852,0.4697,0.011956,-0.8930401,9.275,1.5575,8.855
8954,3345949,0.478484,-0.004636001,-0.892796,10.5875,3.5,11.0425
8955,3346047,0.478972,0.00488,-0.909144,10.57,6.335,12.1275
8956,3346144,0.465796,0.040748,-0.936716,9.66,11.41,13.0725
8957,3346242,0.431148,-0.0244,-0.96258,10.7625,19.1625,14.9975
8958,3346339,0.401624,-0.12078,-0.98088,13.8075,30.975,15.4875
8959,3346436,0.417484,-0.10126,-0.988444,10.7625,47.2325,11.9175
8960,3346534,0.392352,-0.131516,-0.9757561,9.1,66.0975,6.825
8961,3346631,0.3904,-0.153476,-0.9813681,8.4875,87.64,1.4
8962,3346729,0.394792,-0.142252,-0.988444,7.9625,111.3,-5.8275
8963,3346826,0.404552,-0.127856,-0.988444,9.7475,134.9075,-13.8775
8964,3346923,0.409188,-0.113948,-0.993568,13.37,158.13,-21.2975
8965,3347021,0.415044,-0.048312,-1.007476,18.55,181.3175,-26.88
8966,3347118,0.433832,0.009516001,-1.036024,24.85,204.2775,-29.1725
8967,3347216,0.448472,0.057828,-1.030412,34.37,225.715,-27.125
8968,3347313,0.463844,0.132492,-1.049444,42.63,247.765,-20.93
8969,3347411,0.509472,0.227408,-1.07848,52.7625,269.15,-10.2375
8970,3347508,0.489464,0.17934,-0.9779521,69.685,291.0425,4.4625
8971,3347605,0.532408,0.173484,-0.965264,81.515,316.855,17.22
8972,3347703,0.61,0.195932,-1.037488,89.285,346.2025,27.86
8973,3347800,0.7183361,0.072956,-0.959408,106.6275,372.19,37.415
8974,3347898,1.070916,-0.247172,-0.81984,111.8425,393.26,37.2925
8975,3347995,1.438868,-0.52216,-0.691252,101.7975,398.58,25.62
8976,3348092,1.844152,-0.43188,-0.7503,75.21501,393.1025,5.8625
8977,3348190,2.112064,-0.36844,-1.0736,63.595,362.1275,-0.77
8978,3348287,2.001776,-0.205204,-1.087264,60.4275,302.3125,-0.035
8979,3348385,1.582096,-0.13298,-1.016992,74.41,239.645,8.855
8980,3348482,1.061156,-0.206912,-0.9089001,84.7875,193.0775,13.335
8981,3348579,0.565836,-0.140056,-0.6307401,68.2675,160.9825,4.48
8982,3348677,0.461648,0.199348,-0.9757561,47.9675,125.5275,-6.335
8983,3348774,1.821948,-0.446764,-1.8483,67.13,73.115,22.6275
8984,3348872,0.451888,-0.498248,-1.553792,25.1825,-6.0725,43.155
8985,3348969,0.104188,0.430904,-1.174616,-45.6575,-98.68251,19.95
8986,3349066,-0.09442801,0.673684,-0.792268,-35.6125,-116.48,18.0775
8987,3349164,-0.13908,0.6802721,-0.669048,15.1725,-118.685,18.585
8988,3349261,-0.048312,0.461404,-0.639768,59.9375,-111.8775,17.64
8989,3349359,0.05929201,0.259128,-0.65148,79.7125,-113.6275,15.3125
8990,3349456,0.140056,0.16104,-0.687592,73.185,-121.52,9.17
8991,3349553,0.205204,0.149328,-0.724436,55.44,-133.7,4.2175
8992,3349651,0.266204,0.204228,-0.758352,36.9075,-147.5425,1.505
8993,3349748,0.324276,0.22204,-0.773968,26.005,-161.77,2.0825
8994,3349846,0.38796,0.172996,-0.791048,20.335,-175.0525,4.9525
8995,3349943,0.491172,0.077348,-0.809348,12.9325,-188.1775,7.805
8996,3350040,0.57828,0.001464,-0.809836,-0.175,-203.63,10.745
8997,3350138,0.58804,-0.062464,-0.758108,-16.5375,-221.0075,15.8375
8998,3350235,0.577548,-0.104188,-0.6649,-35.7,-234.535,23.135
8999,3350333,0.568764,-0.111752,-0.5694961,-56.8225,-239.8725,31.22
9000,3350430,0.629032,-0.08418,-0.52948,-77.0875,-236.3375,39.305
9001,3350527,0.768844,-0.016836,-0.552904,-93.8175,-226.4675,46.1125
9002,3350625,0.881572,0.022936,-0.579988,-102.34,-216.3175,51.975
9003,3350722,0.980148,0.03294,-0.61366,-107.275,-206.3075,54.985
9004,3350820,1.422032,-0.250344,-0.767868,-113.7675,-185.3775,51.17
9005,3350917,1.504992,0.105652,-0.77714,-143.8675,-191.7125,33.425
9006,3351014,1.448872,0.065148,-0.822036,-141.925,-205.8525,23.59
9007,3351112,1.170468,-0.053192,-0.915976,-134.2425,-201.6,15.3125
9008,3351209,1.31028,0.342332,-0.4941,-136.9375,-197.8375,0.6125
9009,3351306,1.473028,0.111752,-0.778116,-121.52,-177.24,-4.095
9010,3351404,1.53354,-0.239852,-0.711504,-97.6675,-166.6525,-7.42
9011,3351501,1.61406,-0.195688,-0.89182,-109.6375,-168.0875,-19.5825
9012,3351599,1.513044,-0.293776,-0.8188641,-104.4925,-168.9625,-27.055
9013,3351696,1.506212,-0.282552,-0.753472,-113.12,-168.6475,-38.7975
9014,3351793,1.424228,-0.356484,-0.6588,-106.6275,-166.25,-42.6475
9015,3351891,1.39446,-0.440908,-0.590236,-98.7,-159.53,-47.32
9016,3351988,1.37494,-0.6036561,-0.519232,-87.95501,-151.1825,-51.66
9017,3352086,1.403732,-0.6456241,-0.500444,-80.0975,-141.785,-54.9675
9018,3352183,1.445212,-0.67222,-0.484584,-67.0775,-131.3725,-52.57
9019,3352280,1.472784,-0.743956,-0.432856,-47.46,-122.605,-43.5925
9020,3352378,1.496208,-0.77226,-0.374784,-31.2375,-114.5025,-31.99
9021,3352475,1.490108,-0.725412,-0.292068,-19.8975,-107.3275,-19.6525
9022,3352573,1.44326,-0.623664,-0.201544,-11.27,-100.8,-7.4375
9023,3352670,1.371768,-0.495564,-0.118828,-3.8675,-92.1375,3.5875
9024,3352767,1.267824,-0.361852,-0.050264,1.9075,-81.165,13.125
9025,3352865,1.187548,-0.252052,-0.02196,5.04,-66.85,20.51
9026,3352962,1.12484,-0.164944,-0.028304,4.76,-51.3975,24.815
9027,3353060,1.069452,-0.09638,-0.050996,0.875,-37.03,25.1125
9028,3353157,1.04554,-0.043676,-0.094916,-4.585,-23.905,22.1025
9029,3353254,1.040172,-0.005856,-0.159576,-9.275,-12.7225,16.695
9030,3353352,0.998692,0.003416,-0.188124,-9.94,-4.7425,10.5175
9031,3353449,0.9589201,-0.005612,-0.200324,-6.4225,2.38,4.445
9032,3353547,0.9315921,-0.049776,-0.204716,-0.98,10.2375,-1.225
9033,3353644,0.870104,0.185928,-0.365268,4.0775,17.885,-8.085
9034,3353742,0.36234,0.50874,-0.6373281,36.225,22.61,-18.27
9035,3353839,0.72224,-0.068076,-1.148264,88.655,19.6175,-24.465
9036,3353936,-0.737124,-0.783728,-0.10858,100.45,10.5175,-29.8725
9037,3354034,0.193248,-0.129564,-1.497672,21.175,20.4925,-59.8325
9038,3354131,-0.874252,-0.168116,-1.77876,35.315,39.7425,-52.2725
9039,3354229,-0.396012,-1.524268,-1.786568,77.8925,51.555,-14.3325
9040,3354326,0.357704,-2.117432,-0.386496,62.5275,73.29,27.825
9041,3354423,1.546228,-0.711748,-0.919392,-50.225,108.885,44.135
9042,3354521,1.798036,1.332972,-2.267004,-80.57,85.19,39.06
9043,3354618,1.30052,1.54574,-1.211948,-17.01,17.2375,17.465
9044,3354716,0.202032,0.869372,-0.56974,26.88,-28.5075,-1.1025
9045,3354813,0.296704,-0.49166,-0.887916,79.0475,4.5325,5.1275
9046,3354910,0.446276,-0.6612401,-0.928664,57.54,13.825,6.3875
9047,3355008,0.416996,-0.128832,-0.7937321,31.1325,6.3875,8.6975
9048,3355105,0.538752,0.360388,-0.9125601,20.4575,10.5525,5.2675
9049,3355203,0.477996,0.08442401,-0.856684,37.5025,6.7375,7.2275
9050,3355300,0.518744,-0.192272,-0.8725441,44.52,6.58,8.995
9051,3355397,0.5165481,-0.202764,-0.874984,39.34,5.6,9.4675
9052,3355495,0.508008,-0.054412,-0.9028,30.905,4.515,9.415
9053,3355592,0.470188,-0.144692,-0.911584,25.9525,2.66,8.8725
9054,3355690,0.377224,-0.135176,-0.836188,17.255,-0.805,8.0675
9055,3355787,0.418948,-0.07564,-0.8857201,11.1825,-2.03,7.6475
9056,3355884,0.416508,-0.083204,-0.865956,7.5425,-4.865,6.65
9057,3355982,0.458232,-0.09882,-0.87474,4.1825,-7.035,5.2325
9058,3356079,0.535092,-0.124196,-0.871568,3.36,-7.35,4.0775
9059,3356177,0.579256,-0.09345201,-0.8957241,2.45,-7.0525,3.92
9060,3356274,0.6117081,-0.09418401,-0.8805961,2.7125,-6.7025,3.605
9061,3356372,0.547048,-0.044652,-0.8847441,1.155,-7.2625,3.0625
9062,3356469,0.499712,-0.032696,-0.878156,1.6275,-7.385,3.01
9063,3356566,0.489952,-0.036844,-0.870104,2.17,-6.8775,3.535
9064,3356664,0.4933681,-0.046604,-0.8601,2.065,-6.9825,3.3775
9065,3356761,0.47946,-0.047336,-0.8708361,1.82,-7.5775,2.8875
9066,3356859,0.477752,-0.05856,-0.8723001,1.995,-8.33,2.6425
9067,3356956,0.49776,-0.07417601,-0.8740081,2.485,-8.4,2.59
9068,3357054,0.50142,-0.083448,-0.87108,2.8,-8.155,2.205
9069,3357151,0.488976,-0.08003201,-0.8708361,2.59,-7.9275,1.4525
9070,3357248,0.480924,-0.07515201,-0.8769361,2.31,-7.1575,0.77
9071,3357346,0.485316,-0.059536,-0.876204,2.555,-6.5975,0.21
9072,3357443,0.479948,-0.058316,-0.869372,2.8525,-6.195,0.07
9073,3357541,0.466772,-0.058316,-0.8698601,3.255,-6.44,-0.1225
9074,3357638,0.4636,-0.055388,-0.87108,2.8525,-6.6675,-0.6125
9075,3357735,0.472872,-0.06832001,-0.869128,2.6775,-7.0,-1.1725
9076,3357833,0.491416,-0.06880801,-0.870104,2.345,-7.07,-1.645
9077,3357930,0.48922,-0.061,-0.873032,1.995,-7.0525,-1.8025
9078,3358028,0.483364,-0.071736,-0.869616,2.345,-7.1225,-1.82
9079,3358125,0.476288,-0.072468,-0.870104,2.485,-7.1575,-1.96
9080,3358223,0.485804,-0.069784,-0.871568,2.205,-6.7025,-2.1525
9081,3358320,0.481412,-0.066124,-0.871568,2.2925,-6.405,-2.275
9082,3358417,0.47824,-0.05734,-0.873276,2.135,-6.195,-2.2925
9083,3358515,0.485804,-0.060512,-0.874984,2.415,-5.9325,-2.3625
9084,3358612,0.491172,-0.058316,-0.876204,2.4325,-5.74,-2.135
9085,3358710,0.488244,-0.061488,-0.87474,2.5025,-5.53,-1.8025
9086,3358807,0.481412,-0.05612,-0.874252,2.275,-5.355,-1.715
9087,3358905,0.469212,-0.055144,-0.874984,2.17,-5.1275,-1.505
9088,3359002,0.479216,-0.048556,-0.875228,2.3275,-4.97,-1.19
9089,3359099,0.474824,-0.05636401,-0.8698601,2.485,-4.795,-0.8925
9090,3359197,0.471408,-0.04636,-0.8740081,2.5025,-4.935,-0.6825
9091,3359294,0.469212,-0.060512,-0.86498,2.835,-4.9175,-0.49
9092,3359392,0.461892,-0.0549,-0.872056,2.8525,-5.215,-0.5775
9093,3359489,0.457744,-0.060512,-0.871568,3.0975,-5.39,-0.7
9094,3359587,0.468968,-0.06270801,-0.871568,3.5,-5.775,-0.56
9095,3359684,0.471164,-0.056852,-0.870104,3.71,-6.02,-0.4025
9096,3359781,0.46848,-0.061732,-0.865956,3.85,-6.3525,-0.1225
9097,3359879,0.468724,-0.06636801,-0.866932,3.815,-6.5975,-0.0175
9098,3359976,0.4743361,-0.06539201,-0.8679081,3.675,-6.895,-0.07
9099,3360074,0.451156,-0.06636801,-0.8662001,3.605,-7.455,-0.0525
9100,3360171,0.446764,-0.06222,-0.87108,3.2725,-8.0325,-0.14
9101,3360268,0.448472,-0.071736,-0.868884,3.29,-8.645,-0.2275
9102,3360366,0.4453,-0.060024,-0.87108,2.7475,-9.2575,-0.595
9103,3360463,0.45262,-0.07564,-0.865956,2.415,-10.22,-0.875
9104,3360561,0.462624,-0.08100801,-0.868152,1.75,-10.8675,-1.4875
9105,3360658,0.460672,-0.080276,-0.862784,0.6825,-11.5675,-2.485
9106,3360755,0.445056,-0.076372,-0.8718121,-0.315,-12.2675,-3.64
9107,3360853,0.445788,-0.081984,-0.866932,-1.0325,-12.7925,-5.0225
9108,3360950,0.440664,-0.077348,-0.8810841,-2.17,-13.6325,-6.79
9109,3361048,0.450912,-0.062464,-0.8827921,-2.94,-13.8775,-8.0675
9110,3361145,0.461892,-0.072468,-0.874984,-3.0975,-13.5275,-8.96
9111,3361242,0.481656,-0.051972,-0.888404,-3.64,-13.125,-9.5025
9112,3361340,0.491416,-0.055144,-0.8805961,-3.115,-12.075,-8.505
9113,3361437,0.470676,-0.065148,-0.877912,-2.065,-11.3575,-7.665
9114,3361535,0.47214,-0.054412,-0.885476,-2.66,-10.605,-7.3675
9115,3361632,0.491416,-0.081984,-0.875472,-2.45,-9.415,-6.965
9116,3361729,0.468724,-0.044652,-0.8964561,-2.45,-8.4175,-5.985
9117,3361827,0.480192,-0.038308,-0.892796,-1.26,-6.7725,-4.3925
9118,3361924,0.473116,-0.040748,-0.883524,0.07,-5.7225,-2.9925
9119,3362022,0.460916,-0.044164,-0.883768,0.63,-5.4075,-2.0825
9120,3362119,0.454328,-0.038308,-0.8852321,0.98,-5.635,-1.5925
9121,3362217,0.4575,-0.04636,-0.883524,1.4875,-5.67,-1.0675
9122,3362314,0.457988,-0.054412,-0.87962,1.8025,-5.845,-0.6825
9123,3362411,0.449448,-0.049044,-0.881572,1.6975,-5.9675,-0.595
9124,3362509,0.457012,-0.050996,-0.8820601,1.5925,-5.81,-0.4725
9125,3362606,0.458476,-0.050508,-0.884012,1.75,-5.705,-0.2275
9126,3362704,0.45262,-0.052704,-0.8874281,1.82,-5.6175,-0.1225
9127,3362801,0.459696,-0.0488,-0.884012,1.96,-5.32,0.0175
9128,3362898,0.456036,-0.05124001,-0.883036,2.17,-5.04,0.28
9129,3362996,0.455792,-0.050508,-0.8820601,2.135,-4.7775,0.385
9130,3363093,0.451156,-0.04514,-0.8842561,1.9425,-4.48,0.35
9131,3363191,0.445056,-0.049776,-0.8869401,1.8025,-3.9025,0.56
9132,3363288,0.444812,-0.066124,-0.8954801,1.4175,-2.835,0.4725
9133,3363385,0.434076,-0.048068,-0.9059721,0.2625,-0.4375,-0.28
9134,3363483,0.456524,-0.020984,-0.9023121,-1.1025,3.36,-0.98
9135,3363580,0.410652,-0.024888,-0.93696,-1.6625,7.56,-0.105
9136,3363678,0.431636,-0.027328,-0.9501361,-1.61,12.4775,1.4525
9137,3363775,0.419192,-0.00244,-0.9860041,-1.1375,20.7375,2.765
9138,3363872,0.414312,0.000732,-1.004792,-0.105,33.0225,5.285
9139,3363970,0.37088,-0.13298,-1.04798,3.5175,48.65,7.7175
9140,3364067,0.36844,-0.11102,-0.9921041,3.675,67.9525,5.25
9141,3364165,0.39284,-0.160796,-0.978196,-0.77,90.545,-0.7525
9142,3364262,0.393572,-0.115168,-1.006744,4.375,110.9675,-6.8425
9143,3364359,0.396988,-0.106872,-0.99552,7.105,133.1575,-13.615
9144,3364457,0.4148,-0.07076001,-0.9823441,12.4075,153.8775,-19.075
9145,3364554,0.433344,-0.035624,-0.9803921,17.7625,175.2975,-22.7325
9146,3364652,0.442372,0.015128,-0.992348,25.235,196.7,-23.6075
9147,3364749,0.454572,0.081496,-1.0187,34.2825,218.995,-20.965
9148,3364847,0.48068,0.100772,-1.04554,46.2525,241.15,-14.2625
9149,3364944,0.499468,0.129076,-1.0919,58.135,261.7825,-3.8675
9150,3365041,0.52338,0.150548,-1.103856,70.07,281.3825,9.9225
9151,3365139,0.597312,0.158356,-1.16144,80.185,301.7525,24.6225
9152,3365236,0.654652,0.164456,-1.037732,95.9175,325.15,38.85
9153,3365334,0.635376,0.03416,-1.073844,119.84,353.85,52.8325
9154,3365431,0.771528,-0.070516,-1.058228,134.82,381.15,59.465
9155,3365529,1.059448,-0.257664,-0.913536,136.5175,401.5375,54.985
9156,3365626,1.430328,-0.342576,-1.01504,129.9725,412.615,43.6975
9157,3365723,1.76656,-0.434808,-1.0675,134.5225,399.4725,37.695
9158,3365821,1.921256,-0.31964,-1.238056,142.7475,358.2775,37.975
9159,3365918,1.804624,-0.064172,-1.294664,157.6925,301.0875,41.6325
9160,3366016,1.350296,0.205204,-1.42496,174.09,245.2275,42.1925
9161,3366113,0.62586,0.222284,-0.763476,202.37,198.38,36.7675
9162,3366210,0.561932,0.198616,-0.523868,198.66,165.3575,17.4125
9163,3366308,0.71492,-0.9228081,-0.11346,187.4775,116.445,-4.515
9164,3366405,2.664968,-1.439356,-4.335636,40.6175,66.255,-8.33
9165,3366503,-0.09638,0.209352,-1.55794,-97.6325,-138.5825,-25.095
9166,3366600,-0.077104,1.06872,-1.54574,-149.5725,-210.175,-41.02
9167,3366697,-0.513376,1.0187,-0.8476561,-54.3375,-207.55,-28.805
9168,3366795,-0.368928,0.53802,-0.741028,29.435,-185.8675,-21.49
9169,3366892,-0.170312,0.019032,-0.749568,60.5675,-168.0875,-13.72
9170,3366990,0.00976,-0.20496,-0.850584,34.7725,-167.6675,-13.195
9171,3367087,0.132736,-0.1647,-0.955748,-14.77,-179.1125,-12.355
9172,3367185,0.20862,0.015616,-0.997472,-54.39,-197.6275,-6.7725
9173,3367282,0.225944,0.092232,-0.96014,-69.1775,-216.405,4.55
9174,3367379,0.239608,0.015128,-0.870592,-70.98001,-231.2275,16.7125
9175,3367477,0.282308,-0.10004,-0.7956841,-77.40251,-240.1875,24.1325
9176,3367574,0.35258,-0.18056,-0.7639641,-94.4825,-245.35,25.55
9177,3367672,0.47458,-0.183244,-0.782752,-116.5325,-248.885,22.715
9178,3367769,0.5702281,-0.131272,-0.8091041,-133.21,-253.0675,18.935
9179,3367866,0.660264,-0.126148,-0.836188,-138.775,-256.76,15.7675
9180,3367964,0.7476161,-0.218624,-0.8425321,-136.2725,-258.335,11.6725
9181,3368061,0.8178881,-0.359412,-0.844484,-134.575,-258.37,6.055
9182,3368159,0.8913321,-0.442616,-0.875716,-140.1575,-255.6225,0.175
9183,3368256,1.08336,-0.455548,-0.941596,-148.155,-248.7975,-5.11
9184,3368353,1.239276,-0.398696,-1.032364,-147.735,-244.4575,-7.245
9185,3368451,1.494256,-0.336964,-1.127524,-137.585,-241.36,-5.3375
9186,3368548,1.704584,-0.268888,-1.135332,-117.6525,-244.16,-5.0925
9187,3368646,1.866356,-0.312076,-0.9674601,-95.165,-250.81,-11.48
9188,3368743,1.891,-0.474092,-0.673196,-78.8025,-254.8,-26.285
9189,3368841,2.021052,-0.583648,-0.476288,-79.3975,-246.015,-44.3625
9190,3368938,2.264564,-0.6902761,-0.357948,-86.765,-229.1275,-59.9725
9191,3369035,2.51442,-0.731024,-0.232044,-89.075,-214.62,-68.8625
9192,3369133,2.640568,-0.7515201,0.028548,-79.2925,-203.175,-65.3275
9193,3369230,2.57786,-0.590968,0.32208,-60.5325,-189.1575,-48.6325
9194,3369328,2.5315,-0.571204,0.677344,-29.9425,-167.1775,-24.0975
9195,3369425,2.240896,-0.552416,1.291004,1.47,-137.935,-1.33
9196,3369523,2.5559,-0.4758,1.250012,12.495,-87.045,10.4825
9197,3369620,2.484652,-0.261324,1.439112,12.95,-44.94,8.5925
9198,3369717,2.540772,0.134444,1.692628,15.295,3.3425,-6.5975
9199,3369815,1.38592,0.800808,0.8642481,47.4775,53.8825,-30.9925
9200,3369912,-0.027816,-0.986248,-2.376316,126.385,96.2675,-25.6025
9201,3370010,0.02562,-2.320928,-2.043256,149.3275,103.075,-4.9875
9202,3370107,1.262456,-1.327604,-0.720044,29.9775,113.26,10.0625
9203,3370204,0.9674601,-0.015372,-0.6980841,-20.265,91.035,20.405
9204,3370302,1.205848,1.767536,-2.235772,-32.2175,85.645,5.145
9205,3370399,0.679784,0.400648,-1.05042,62.195,37.6775,-4.795
9206,3370497,0.327692,-1.492304,-0.720776,125.055,-5.5125,17.045
9207,3370594,0.508252,-0.8430201,-0.877912,23.59,19.1625,-1.785
9208,3370692,0.581452,0.46482,-0.9911281,-32.69,1.4175,-11.9875
9209,3370789,0.8364321,0.317444,-1.008696,-16.7125,2.2575,-10.15
9210,3370886,0.51362,-0.042944,-0.866688,16.3975,-13.09,2.205
9211,3370984,0.5124001,0.05246,-0.923052,9.3625,-9.275,6.16
9212,3371081,0.537776,0.012444,-0.89426,11.0425,-7.28,8.5225
9213,3371179,0.480436,-0.010004,-0.8906,12.635,-9.7825,10.5875
9214,3371276,0.542656,-0.126148,-0.9098761,11.48,-10.605,11.2
9215,3371374,0.50874,-0.149328,-0.858636,9.485,-11.795,8.995
9216,3371471,0.52704,-0.050264,-0.8791321,3.045,-11.9875,5.6875
9217,3371568,0.502152,-0.109068,-0.8769361,3.465,-12.495,4.1825
9218,3371666,0.5246,-0.124928,-0.854488,3.115,-11.9875,2.24
9219,3371763,0.510936,-0.119804,-0.8615641,0.595,-11.305,-0.56
9220,3371861,0.47092,-0.154208,-0.868884,-0.7,-11.48,-3.6225
9221,3371958,0.487512,-0.09882,-0.8759601,-3.0275,-9.6075,-6.545
9222,3372056,0.487024,-0.061976,-0.878156,-4.0775,-8.4,-8.12
9223,3372153,0.490196,-0.039284,-0.868152,-3.5875,-7.9975,-8.1025
9224,3372250,0.4819,-0.013664,-0.878156,-3.675,-8.2075,-7.5425
9225,3372348,0.47336,-0.025132,-0.876204,-2.8,-8.575,-6.615
9226,3372445,0.46726,-0.03782,-0.879864,-2.17,-8.4525,-6.0375
9227,3372543,0.469944,-0.037088,-0.881572,-2.0475,-8.2775,-5.705
9228,3372640,0.465796,-0.029524,-0.882548,-1.8375,-8.05,-5.4075
9229,3372737,0.465796,-0.024644,-0.884012,-1.5225,-7.595,-4.9175
9230,3372835,0.46482,-0.027572,-0.882548,-0.98,-7.455,-4.3225
9231,3372932,0.46482,-0.025132,-0.883524,-0.5775,-7.175,-3.6225
9232,3373030,0.466284,-0.02684,-0.8805961,0.035,-6.9825,-2.975
9233,3373127,0.461404,-0.031476,-0.883524,0.7,-6.8425,-2.345
9234,3373224,0.458964,-0.036112,-0.8845,1.26,-6.65,-1.9425
9235,3373322,0.460916,-0.033672,-0.8820601,1.3125,-6.2125,-1.6625
9236,3373419,0.460916,-0.040504,-0.8801081,1.5925,-5.9675,-1.47
9237,3373517,0.457256,-0.038796,-0.885476,1.6275,-5.8975,-1.4525
9238,3373614,0.458964,-0.040748,-0.882304,1.54,-5.635,-1.435
9239,3373711,0.461404,-0.041724,-0.884988,1.5225,-5.5125,-1.4525
9240,3373809,0.467016,-0.04636,-0.876692,1.4875,-5.4425,-1.435
9241,3373906,0.465308,-0.045384,-0.879376,1.2075,-5.495,-1.6625
9242,3374004,0.461404,-0.049776,-0.8808401,0.9975,-5.6175,-1.9425
9243,3374101,0.45872,-0.053436,-0.8810841,0.3325,-5.425,-2.2925
9244,3374199,0.458232,-0.050996,-0.884988,-0.2625,-5.11,-2.6425
9245,3374296,0.457256,-0.044408,-0.882548,-0.805,-4.8125,-2.9925
9246,3374393,0.458964,-0.049776,-0.8820601,-0.7525,-4.585,-3.2375
9247,3374491,0.464088,-0.028792,-0.8847441,0.42,-4.4975,-2.8525
9248,3374588,0.468236,-0.026352,-0.880352,1.645,-4.5325,-2.205
9249,3374686,0.468236,-0.03416,-0.876692,2.4325,-4.935,-1.4175
9250,3374783,0.46482,-0.040748,-0.875472,2.8,-5.3375,-1.015
9251,3374880,0.455548,-0.051484,-0.875716,2.905,-5.6,-1.12
9252,3374978,0.45994,-0.04392,-0.875472,2.625,-5.5125,-1.26
9253,3375075,0.456524,-0.045384,-0.882304,2.555,-5.6175,-1.435
9254,3375173,0.45628,-0.041724,-0.882548,2.24,-5.5825,-1.61
9255,3375270,0.454816,-0.041968,-0.881816,2.0825,-5.39,-1.75
9256,3375367,0.458476,-0.038308,-0.8842561,2.0475,-5.25,-1.82
9257,3375465,0.461892,-0.03782,-0.881816,2.415,-5.3725,-1.75
9258,3375562,0.465064,-0.037088,-0.875472,2.835,-5.5825,-1.4525
9259,3375660,0.45994,-0.043188,-0.8740081,3.15,-6.0375,-1.19
9260,3375757,0.452376,-0.034892,-0.8842561,3.0625,-6.65,-1.1375
9261,3375855,0.452132,-0.037576,-0.879864,3.0975,-6.9825,-0.9625
9262,3375952,0.44896,-0.041236,-0.882548,2.9225,-6.965,-0.875
9263,3376049,0.457012,-0.036844,-0.8808401,2.905,-7.14,-0.665
9264,3376147,0.455548,-0.044164,-0.878156,3.0275,-7.28,-0.3325
9265,3376244,0.45506,-0.043676,-0.881328,3.01,-7.595,-0.245
9266,3376342,0.454572,-0.045628,-0.8810841,2.94,-7.63,-0.1225
9267,3376439,0.45384,-0.04758,-0.8808401,3.08,-7.7,-0.1575
9268,3376537,0.457012,-0.045628,-0.8845,3.22,-7.56,-0.105
9269,3376634,0.45872,-0.044408,-0.8801081,3.36,-7.4725,0.0525
9270,3376731,0.454328,-0.039284,-0.879864,3.4125,-7.63,-0.0175
9271,3376829,0.451156,-0.048556,-0.8874281,3.3775,-7.7525,-0.0175
9272,3376926,0.454572,-0.0427,-0.8847441,3.255,-7.7,-0.0175
9273,3377024,0.455792,-0.045872,-0.8801081,3.15,-7.63,-0.0175
9274,3377121,0.451156,-0.050752,-0.881328,3.08,-7.7,0.0175
9275,3377218,0.452864,-0.05002,-0.884988,2.87,-7.63,-0.1225
9276,3377316,0.448472,-0.046604,-0.8866961,2.6075,-7.5775,-0.3675
9277,3377413,0.44774,-0.04392,-0.88328,2.31,-7.1575,-0.525
9278,3377511,0.447008,-0.041236,-0.884988,2.2225,-7.035,-0.49
9279,3377608,0.44774,-0.048312,-0.884988,1.9425,-6.8775,-0.35
9280,3377705,0.437736,-0.05172801,-0.88816,1.3125,-6.3525,-0.595
9281,3377803,0.437736,-0.049776,-0.8954801,0.56,-5.425,-0.945
9282,3377900,0.4392,-0.048312,-0.9001161,-0.1575,-4.2,-1.4175
9283,3377998,0.443104,-0.0427,-0.898896,-0.1575,-3.185,-1.505
9284,3378095,0.456036,-0.034892,-0.8908441,0.0175,-2.24,-1.0675
9285,3378192,0.4553041,-0.039772,-0.8874281,0.56,-1.96,-0.5775
9286,3378290,0.458476,-0.037576,-0.883524,0.7,-1.6975,-0.21
9287,3378387,0.457012,-0.042212,-0.8820601,0.77,-1.575,0.0525
9288,3378485,0.454328,-0.037332,-0.884988,0.7,-1.085,0.315
9289,3378582,0.448472,-0.037576,-0.892552,0.49,-0.4725,0.4375
9290,3378680,0.44896,-0.037576,-0.89182,0.35,0.28,0.8225
9291,3378777,0.454816,-0.035136,-0.8827921,0.175,1.54,1.0325
9292,3378874,0.455548,-0.037576,-0.8820601,0.245,2.59,1.5575
9293,3378972,0.453596,-0.034892,-0.8903561,0.49,3.78,2.2225
9294,3379069,0.452864,-0.033428,-0.906948,1.1025,5.3725,2.8525
9295,3379167,0.455792,-0.023668,-0.908168,1.715,8.225,3.22
9296,3379264,0.453352,0.008784,-0.9250041,2.0475,12.495,3.5875
9297,3379361,0.441884,0.001952,-0.9391561,2.9925,18.8475,5.74
9298,3379459,0.41358,-0.05124001,-0.9577,4.445,27.265,8.085
9299,3379556,0.37576,-0.098332,-0.954528,4.97,39.0425,7.8925
9300,3379654,0.396256,-0.055388,-1.00772,1.365,56.0525,5.2675
9301,3379751,0.382348,-0.08466801,-1.01382,3.185,75.25,3.71
9302,3379848,0.381128,-0.091012,-1.033096,4.165,98.28,0.77
9303,3379946,0.376248,-0.08906,-1.04066,8.05,123.445,-3.395
9304,3380043,0.3904,-0.05587601,-1.06994,12.145,151.655,-8.19
9305,3380141,0.380152,-0.035624,-1.077748,20.7375,180.5475,-11.6375
9306,3380238,0.412604,-0.0305,-1.055056,30.5025,210.385,-13.4925
9307,3380336,0.420168,0.052216,-1.101416,39.5675,238.5425,-12.32
9308,3380433,0.432124,0.1037,-1.130452,54.0925,262.71,-6.2475
9309,3380530,0.456524,0.127124,-1.109468,69.9125,283.4125,4.795
9310,3380628,0.472628,0.13908,-1.051152,83.9825,302.4,18.48
9311,3380725,0.549488,0.12078,-0.992348,94.6225,323.68,31.01
9312,3380823,0.6588,0.124928,-0.9779521,102.3925,346.22,41.4925
9313,3380920,0.8244761,0.047092,-0.945744,111.5975,367.885,49.8225
9314,3381017,1.102148,-0.0793,-1.031388,118.0375,385.91,54.67
9315,3381115,1.314428,-0.357216,-0.683932,123.795,389.5675,53.9875
9316,3381212,1.78608,-0.452132,-0.9120721,111.58,378.1575,44.905
9317,3381310,1.895392,-0.295972,-1.1529,100.45,336.735,38.675
9318,3381407,1.717028,-0.247904,-1.101416,102.0075,277.935,38.4475
9319,3381504,1.316136,-0.111996,-0.947452,111.02,225.5925,40.4075
9320,3381602,0.834236,-0.106872,-0.743468,102.2,186.305,35.7525
9321,3381699,0.411384,0.0549,-0.297192,83.615,157.57,23.625
9322,3381797,0.274012,0.101504,-1.100928,66.885,128.8525,15.6975
9323,3381894,1.509872,-0.988444,-1.83122,42.49,76.1425,35.2275
9324,3381992,0.33062,0.465552,-1.46766,-38.675,-20.2125,13.1775
9325,3382089,0.174948,0.710528,-1.17608,-51.8,-76.125,4.8475
9326,3382186,-0.083204,0.6470881,-0.8447281,2.0125,-100.3975,10.85
9327,3382284,-0.103212,0.457256,-0.713212,39.3925,-103.46,6.335
9328,3382381,-0.00366,0.280356,-0.7046721,51.4325,-103.6,-0.5775
9329,3382479,0.076372,0.21594,-0.75884,41.2475,-109.375,-9.9225
9330,3382576,0.155184,0.243024,-0.827892,23.5725,-119.4375,-17.78
9331,3382674,0.245952,0.294264,-0.90036,11.0075,-131.6175,-21.9625
9332,3382771,0.315492,0.252784,-0.930128,7.42,-145.7575,-20.65
9333,3382868,0.365268,0.188856,-0.9391561,4.1825,-160.9125,-16.9575
9334,3382966,0.435784,0.099796,-0.951844,-3.92,-175.5425,-13.44
9335,3383063,0.51118,0.046848,-0.98332,-18.935,-190.085,-11.235
9336,3383161,0.589504,0.019764,-0.993568,-37.2925,-205.065,-9.1525
9337,3383258,0.64904,0.011956,-0.974536,-54.53,-220.2375,-6.09
9338,3383356,0.668316,-0.016348,-0.90402,-68.985,-233.7475,-2.135
9339,3383453,0.680028,-0.036112,-0.819108,-83.58001,-242.6375,-0.0525
9340,3383550,0.700036,-0.051972,-0.762744,-97.405,-245.28,-1.2425
9341,3383648,0.73444,-0.090768,-0.754204,-106.7675,-242.8125,-4.585
9342,3383745,0.78934,-0.155916,-0.779336,-113.12,-237.3525,-8.925
9343,3383843,0.873764,-0.222528,-0.841556,-117.8625,-230.4575,-13.1425
9344,3383940,0.962092,-0.31476,-0.9237841,-121.17,-224.2625,-16.065
9345,3384038,1.027484,-0.421632,-0.984296,-124.0575,-220.6575,-17.045
9346,3384135,1.162172,-0.484828,-1.07848,-130.3925,-219.0825,-17.5175
9347,3384232,1.260992,-0.54168,-1.147044,-133.035,-221.9525,-19.7925
9348,3384330,1.381772,-0.578768,-1.166564,-132.02,-228.2,-21.245
9349,3384427,1.475224,-0.614148,-1.06262,-126.21,-235.55,-23.24
9350,3384525,1.53842,-0.683932,-0.877912,-116.1825,-240.17,-28.8575
9351,3384622,1.649928,-0.737612,-0.726876,-105.21,-235.5675,-38.3075
9352,3384719,1.857328,-0.8095921,-0.617076,-91.63,-224.4375,-48.3175
9353,3384817,2.07156,-0.9882001,-0.478484,-74.235,-212.1,-54.7225
9354,3384914,2.25822,-1.094584,-0.288164,-61.8975,-199.675,-55.44
9355,3385012,2.306044,-0.9330561,-0.014396,-53.935,-187.635,-47.985
9356,3385109,2.21796,-0.6588,0.295728,-33.8975,-171.185,-30.5025
9357,3385206,2.123532,-0.476044,0.542168,-0.3325,-146.7375,-5.39
9358,3385304,2.141344,-0.440664,0.679296,24.9725,-117.2325,16.6075
9359,3385401,2.196488,-0.369172,0.735172,25.4975,-90.9825,25.865
9360,3385499,1.98738,-0.207156,1.16632,22.19,-69.23,27.79
9361,3385596,2.194536,-0.021716,1.10898,25.795,-30.9225,24.815
9362,3385694,2.1716,0.07222401,1.126304,37.2925,10.2725,17.3075
9363,3385791,1.281976,0.332572,0.08369201,58.1525,36.925,4.2
9364,3385888,0.051484,-0.196908,-1.961028,74.18251,39.83,-13.895
9365,3385986,-1.183644,-0.693692,-2.33508,79.485,28.0,-37.1525
9366,3386083,-0.03416,-1.413004,-0.61122,49.35,64.5225,-31.0275
9367,3386181,1.248548,-1.283928,-0.50142,-4.3575,104.335,-3.1325
9368,3386278,1.33712,-0.6605081,-1.484984,-39.935,100.2925,14.385
9369,3386375,0.951112,0.454328,-1.47864,-80.22,60.8475,9.2925
9370,3386473,0.433344,1.006988,-0.8215481,-72.765,29.47,-6.195
9371,3386570,0.266448,0.629032,-0.6566041,-38.7275,32.9,-24.0275
9372,3386668,0.6326921,0.565836,-1.457412,-3.955,42.805,-32.515
9373,3386765,0.6707561,-0.8940161,-0.779092,64.19,27.58,-9.1175
9374,3386863,0.5363121,-0.25376,-0.847412,6.23,10.8675,-12.2675
9375,3386960,0.69784,0.23912,-0.985516,-13.755,16.3275,-12.285
9376,3387057,0.724436,0.202276,-0.9403761,-2.8525,10.605,-9.5025
9377,3387155,0.613904,0.028548,-0.8893801,12.565,3.99,-4.6375
9378,3387252,0.492148,-0.015128,-0.8679081,14.455,1.2775,-1.3475
9379,3387350,0.477996,-0.031232,-0.848632,15.015,1.715,0.945
9380,3387447,0.468724,-0.013908,-0.856196,17.6575,3.4125,3.0625
9381,3387544,0.467504,-0.00366,-0.85888,24.465,5.53,6.2825
9382,3387642,0.466284,-0.037332,-0.858392,30.6425,6.2125,10.15
9383,3387739,0.527772,0.06270801,-0.91622,30.0125,4.9,13.545
9384,3387837,0.597312,-0.023912,-0.9089001,28.28,0.91,14.4025
9385,3387934,0.5214281,-0.081252,-0.90036,23.7825,-6.4925,13.0375
9386,3388031,0.519476,-0.05124001,-0.872788,19.18,-7.2625,11.5325
9387,3388129,0.513132,-0.040992,-0.889136,16.3625,-8.9775,10.7625
9388,3388226,0.500932,-0.06954,-0.8579041,15.8375,-10.22,10.325
9389,3388324,0.468236,-0.019764,-0.877668,12.3025,-11.585,9.4675
9390,3388421,0.444812,-0.038064,-0.86864,10.4475,-12.6525,9.0125
9391,3388518,0.468236,-0.026352,-0.869372,8.82,-12.95,8.5925
9392,3388616,0.470676,-0.04026,-0.878156,7.5075,-13.5275,7.9975
9393,3388713,0.482632,-0.09345201,-0.873032,7.4375,-13.86,7.21
9394,3388811,0.482144,-0.067832,-0.8847441,5.8975,-13.4925,6.125
9395,3388908,0.505568,-0.09516001,-0.87718,5.3725,-12.7225,5.285
9396,3389005,0.49654,-0.07027201,-0.883036,4.55,-11.7075,4.5325
9397,3389103,0.499224,-0.047824,-0.8713241,3.85,-10.5525,4.13
9398,3389200,0.48678,-0.049776,-0.8725441,3.675,-9.52,3.8675
9399,3389298,0.475556,-0.049532,-0.874252,3.15,-8.75,3.4825
9400,3389395,0.484584,-0.050996,-0.870592,3.01,-8.26,2.9225
9401,3389492,0.485804,-0.050508,-0.875228,2.7125,-7.84,2.3625
9402,3389590,0.48922,-0.049776,-0.8637601,2.4675,-7.6475,1.6975
9403,3389687,0.489708,-0.058804,-0.866932,2.2925,-7.4725,1.1025
9404,3389785,0.479216,-0.074664,-0.8652241,2.0825,-7.5425,0.035
9405,3389882,0.47092,-0.071248,-0.8725441,1.4875,-7.735,-1.225
9406,3389979,0.47214,-0.063684,-0.87718,1.5925,-7.455,-1.8025
9407,3390077,0.473604,-0.05587601,-0.877424,1.715,-7.105,-2.065
9408,3390174,0.479948,-0.054412,-0.8764481,1.9075,-6.72,-1.995
9409,3390272,0.474824,-0.033428,-0.883036,1.89,-6.3,-1.6975
9410,3390369,0.481412,-0.039772,-0.87474,2.345,-5.81,-1.0325
9411,3390466,0.480436,-0.036844,-0.87718,2.6775,-5.6875,-0.4725
9412,3390564,0.480436,-0.042944,-0.873764,3.01,-5.5475,-0.0525
9413,3390661,0.471896,-0.055388,-0.875716,3.4125,-5.46,0.315
9414,3390759,0.4697,-0.04758,-0.8764481,3.5,-5.6175,0.315
9415,3390856,0.45872,-0.057584,-0.876204,3.535,-5.53,0.455
9416,3390953,0.465308,-0.048312,-0.8784,3.3775,-5.4775,0.5425
9417,3391051,0.460916,-0.051972,-0.872788,3.29,-5.565,0.7
9418,3391148,0.464088,-0.044896,-0.878156,3.0275,-5.915,0.8225
9419,3391246,0.470676,-0.056852,-0.870592,2.8525,-6.1425,0.9625
9420,3391343,0.470432,-0.06466001,-0.870592,2.87,-6.615,0.8400001
9421,3391440,0.46726,-0.06344,-0.8708361,2.9575,-7.105,0.56
9422,3391538,0.469456,-0.065148,-0.8698601,2.8525,-7.3325,0.2625
9423,3391635,0.461648,-0.06588,-0.87108,2.8,-7.49,0.0175
9424,3391731,0.454328,-0.066856,-0.8723001,2.3975,-7.8575,-0.455
9425,3391828,0.45628,-0.067832,-0.8744961,1.925,-8.295,-0.945
9426,3391926,0.461404,-0.054412,-0.878888,1.54,-8.3125,-1.33
9427,3392023,0.450424,-0.055388,-0.879864,1.47,-8.5225,-1.435
9428,3392120,0.46848,-0.05246,-0.87474,1.2075,-8.54,-1.225
9429,3392218,0.4697,-0.051484,-0.873764,1.2775,-8.6275,-0.98
9430,3392315,0.467504,-0.05587601,-0.8769361,1.4525,-8.785,-0.805
9431,3392413,0.469212,-0.064904,-0.8769361,1.61,-8.785,-0.7875
9432,3392510,0.46116,-0.066856,-0.875472,1.75,-8.6275,-0.875
9433,3392607,0.449448,-0.062464,-0.882304,1.575,-8.4525,-1.2075
9434,3392705,0.4514,-0.057584,-0.8808401,1.6275,-8.33,-1.295
9435,3392802,0.4553041,-0.06124401,-0.8764481,1.5225,-8.155,-1.33
9436,3392900,0.465064,-0.057584,-0.877424,1.4875,-8.0675,-1.3475
9437,3392997,0.466772,-0.05978,-0.8791321,1.61,-7.9625,-1.26
9438,3393094,0.465064,-0.06270801,-0.8786441,1.9425,-8.015,-1.19
9439,3393192,0.461404,-0.061,-0.8784,1.995,-7.9625,-1.12
9440,3393289,0.455548,-0.065148,-0.8810841,1.9425,-7.7,-1.295
9441,3393387,0.463112,-0.06588,-0.8786441,2.0825,-7.4375,-1.4525
9442,3393484,0.45872,-0.06588,-0.8805961,2.2225,-7.455,-1.6975
9443,3393581,0.455792,-0.061,-0.879376,2.2575,-7.665,-1.9075
9444,3393679,0.454572,-0.057828,-0.8769361,2.24,-7.595,-2.0825
9445,3393776,0.447008,-0.069296,-0.875228,2.2575,-7.9275,-2.2925
9446,3393874,0.449448,-0.061976,-0.8852321,1.9425,-8.015,-2.66
9447,3393971,0.449692,-0.05929201,-0.8827921,1.855,-7.77,-3.0275
9448,3394068,0.454816,-0.057828,-0.8842561,1.855,-7.4025,-3.0975
9449,3394166,0.4575,-0.054168,-0.881572,1.855,-7.0,-2.9925
9450,3394263,0.456036,-0.0549,-0.881328,1.9425,-6.79,-2.8
9451,3394361,0.45628,-0.051972,-0.886452,1.96,-6.58,-2.7125
9452,3394458,0.452132,-0.05368,-0.887916,2.03,-6.3525,-2.3975
9453,3394555,0.45262,-0.054656,-0.889868,2.275,-5.9325,-2.24
9454,3394653,0.4514,-0.05246,-0.889624,2.38,-5.4075,-1.9425
9455,3394750,0.456524,-0.04636,-0.892308,2.4675,-4.8825,-1.645
9456,3394848,0.4553041,-0.049532,-0.8908441,2.8175,-4.2525,-1.12
9457,3394945,0.44652,-0.043676,-0.8976761,2.8175,-3.78,-0.8925
9458,3395043,0.448228,0.009272001,-0.913048,2.135,-2.59,-0.805
9459,3395140,0.457012,-0.00366,-0.9010921,2.5025,-0.42,0.8225
9460,3395237,0.445544,-0.049532,-0.908656,3.5,1.75,2.835
9461,3395335,0.436272,-0.055632,-0.92598,3.0625,5.39,3.57
9462,3395432,0.438224,-0.02928,-0.9274441,1.9425,11.2875,3.815
9463,3395530,0.427732,-0.032452,-0.96014,1.8025,18.8125,5.1275
9464,3395627,0.42456,-0.012932,-0.966484,1.9075,27.86,7.0
9465,3395724,0.430416,-0.036112,-0.994544,3.535,40.5825,8.505
9466,3395822,0.288896,-0.14518,-1.01382,6.79,56.0175,8.365
9467,3395919,0.373076,-0.108092,-1.042612,7.4375,78.6625,3.6575
9468,3396017,0.3782,-0.11346,-1.041148,12.1275,100.38,-1.715
9469,3396114,0.376492,-0.1159,-1.041392,17.01,123.6725,-7.2625
9470,3396211,0.369416,-0.104676,-1.055788,22.435,149.2225,-12.635
9471,3396309,0.360876,-0.069296,-1.08702,28.56,177.5025,-16.9925
9472,3396406,0.366244,-0.008540001,-1.078724,37.065,208.7925,-18.445
9473,3396504,0.374296,0.0122,-1.1407,47.3375,242.305,-15.855
9474,3396601,0.384788,0.155916,-1.19804,60.305,274.8025,-7.2975
9475,3396698,0.444324,0.10858,-1.146312,81.935,302.925,6.37
9476,3396796,0.5016641,0.183,-1.131428,95.795,327.88,22.3475
9477,3396893,0.600972,0.16226,-1.071404,109.48,347.865,39.0075
9478,3396991,0.731024,0.032208,-1.059448,127.5925,367.7625,53.7075
9479,3397088,0.791048,-0.162992,-0.9803921,141.2075,385.3675,62.3525
9480,3397185,0.8615641,-0.22814,-0.725656,140.8575,399.3675,58.8175
9481,3397283,1.236348,-0.226432,-0.8405801,123.235,411.46,46.9175
9482,3397380,1.567456,-0.267912,-0.868884,124.67,404.67,40.915
9483,3397478,1.717028,-0.282796,-0.943548,135.0125,372.0325,43.61
9484,3397575,1.685064,-0.197396,-0.9237841,146.65,318.78,47.8975
9485,3397672,1.352248,0.005856,-0.9589201,155.2775,267.0325,50.225
9486,3397770,1.046516,0.002684,-0.9037761,166.5125,225.3475,49.9975
9487,3397867,0.720776,0.138836,-0.482388,166.775,189.0,42.6125
9488,3397965,0.59048,0.164212,-0.44164,156.7475,148.96,26.4425
9489,3398062,1.557452,-0.682224,-2.243336,132.3525,78.0675,16.17
9490,3398159,0.7856801,-0.417728,-2.074732,-9.6075,-50.435,-12.6175
9491,3398257,0.11346,0.974292,-1.514752,-110.8975,-196.4375,-54.9675
9492,3398354,-0.173972,0.9799041,-0.948184,-73.185,-214.27,-58.73
9493,3398452,-0.220088,0.820572,-0.710772,3.395,-208.145,-56.9625
9494,3398549,-0.018544,0.38552,-0.670268,54.0225,-189.21,-53.5675
9495,3398646,0.1159,-0.047336,-0.68808,63.2625,-183.6275,-46.62
9496,3398744,0.230336,-0.2074,-0.768356,26.67,-188.2825,-43.715
9497,3398841,0.288408,-0.132004,-0.831308,-22.925,-200.0775,-38.5875
9498,3398939,0.344772,-0.005124001,-0.8637601,-60.1125,-213.15,-28.77
9499,3399036,0.410164,0.085156,-0.856196,-77.525,-224.28,-15.68
9500,3399133,0.461892,0.08369201,-0.832528,-81.60251,-233.31,-3.1325
9501,3399231,0.548024,0.041724,-0.830576,-84.0525,-239.085,4.375
9502,3399328,0.648308,-0.000732,-0.866932,-90.1075,-244.1075,5.3375
9503,3399426,0.747128,-0.035868,-0.898164,-98.385,-251.0725,1.225
9504,3399523,0.824232,-0.0793,-0.9098761,-106.435,-259.805,-6.16
9505,3399620,0.87474,-0.128344,-0.89792,-113.3125,-268.1525,-14.7875
9506,3399718,0.8930401,-0.182756,-0.8559521,-118.4575,-274.8025,-23.1875
9507,3399815,0.878156,-0.241804,-0.795928,-122.6225,-276.57,-30.9575
9508,3399913,0.830088,-0.311832,-0.73566,-125.5275,-271.8625,-37.2575
9509,3400010,0.903532,-0.354044,-0.76738,-130.62,-258.3,-42.7875
9510,3400107,1.045296,-0.351848,-0.8610761,-131.0225,-241.4125,-47.845
9511,3400205,1.289296,-0.361364,-1.000888,-120.505,-227.2375,-46.83
9512,3400302,1.607228,-0.47458,-1.104344,-100.6425,-218.715,-39.76
9513,3400400,1.825364,-0.624884,-1.056032,-80.90251,-221.515,-31.4825
9514,3400497,1.894172,-0.688812,-0.868396,-71.92501,-228.2175,-23.7125
9515,3400594,1.873676,-0.71614,-0.568764,-69.9475,-228.8125,-18.4625
9516,3400692,1.937604,-0.701012,-0.37576,-70.8575,-214.8475,-16.415
9517,3400789,2.094496,-0.6885681,-0.263764,-67.375,-192.395,-14.735
9518,3400887,2.216984,-0.562664,-0.167872,-58.5025,-173.425,-11.2875
9519,3400984,2.190144,-0.467992,0.009272001,-37.0475,-160.51,-5.005
9520,3401081,2.074488,-0.430172,0.240584,-8.9425,-148.295,2.6075
9521,3401179,1.944924,-0.379664,0.45384,12.6,-130.5325,10.4475
9522,3401276,1.860012,-0.258884,0.554368,21.98,-105.8225,18.6375
9523,3401373,1.785836,-0.155672,0.565104,21.56,-78.27751,24.9025
9524,3401471,1.748992,0.189588,0.547048,13.265,-52.5875,25.515
9525,3401568,1.627236,0.4594521,0.622688,25.8125,-27.51,22.5575
9526,3401666,1.705316,0.238388,0.406992,56.595,8.295,17.1675
9527,3401763,1.181448,0.395768,0.149816,78.015,23.7825,-11.8125
9528,3401861,0.858148,0.02684,-0.678076,81.60251,32.6025,-49.945
9529,3401958,-0.267912,-0.421632,-1.036024,83.59751,25.48,-80.78
9530,3402055,-0.9125601,-0.080276,-1.891,49.2275,34.79,-117.2675
9531,3402153,-0.314272,-1.722884,-1.074332,89.46,80.43,-88.6375
9532,3402250,0.875472,-2.609092,-0.394548,99.38251,116.655,-15.61
9533,3402347,1.29076,-1.27978,-1.018212,-5.565,127.0675,19.32
9534,3402445,1.003328,0.034648,-1.386652,-49.9975,100.2925,33.915
9535,3402542,0.76982,1.03578,-1.153632,-60.9875,71.6275,20.79
9536,3402640,1.352736,1.600884,-1.736304,-21.2275,52.57,0.6825
9537,3402737,0.75396,-0.549,-0.9181721,74.445,12.46,3.5
9538,3402834,0.39894,-1.232932,-0.658068,64.3125,-16.8,5.9325
9539,3402932,0.696864,-0.21594,-1.037976,-17.0275,9.87,-9.065
9540,3403029,0.576084,0.394304,-0.886452,-35.4375,-0.8225,-14.665
9541,3403127,0.6539201,0.01098,-0.920368,-7.385,-1.33,-11.76
9542,3403224,0.46848,-0.134444,-0.835212,5.0225,-3.5875,-6.9125
9543,3403321,0.43188,0.107604,-0.859856,2.5025,-1.3125,-3.99
9544,3403419,0.465552,0.110776,-0.877424,8.82,1.3825,-0.49
9545,3403516,0.447984,0.015616,-0.877668,16.765,-0.6825,3.8325
9546,3403614,0.453352,0.06563601,-0.875716,16.5025,-1.9775,6.79
9547,3403711,0.502884,0.069784,-0.8847441,14.84,-3.325,8.75
9548,3403808,0.515572,-0.04392,-0.8657121,16.0825,-6.6325,10.2725
9549,3403906,0.492392,-0.075884,-0.865468,13.2475,-9.66,9.835
9550,3404003,0.499468,-0.091988,-0.868884,10.2025,-10.325,8.61
9551,3404100,0.49776,-0.11834,-0.865956,9.5375,-10.6925,7.63
9552,3404198,0.468724,-0.093696,-0.8759601,8.4525,-10.3775,6.615
9553,3404295,0.465552,-0.09320801,-0.873764,7.3675,-9.9575,5.495
9554,3404393,0.466284,-0.08857201,-0.86742,5.88,-10.0625,4.55
9555,3404490,0.50142,-0.085888,-0.868884,4.095,-10.36,3.22
9556,3404587,0.50874,-0.089792,-0.86132,3.2025,-10.78,1.785
9557,3404685,0.512644,-0.086132,-0.864736,2.0125,-11.3925,0.3325
9558,3404782,0.499468,-0.07027201,-0.866444,0.805,-11.795,-0.8225
9559,3404880,0.487756,-0.060512,-0.875228,0.8225,-12.2325,-1.225
9560,3404977,0.484828,-0.05002,-0.877668,1.295,-12.215,-0.7875
9561,3405074,0.484096,-0.058804,-0.877912,1.505,-11.9525,0.0
9562,3405172,0.471652,-0.041724,-0.885476,1.4525,-11.9,0.7525
9563,3405269,0.47824,-0.046604,-0.877424,1.4,-10.815,1.4525
9564,3405366,0.494588,-0.054412,-0.873276,0.9975,-9.8175,2.03
9565,3405464,0.507276,-0.073444,-0.8676641,0.945,-9.555,2.1525
9566,3405561,0.503372,-0.082472,-0.864736,0.7525,-9.45,1.89
9567,3405659,0.488488,-0.077348,-0.877424,0.7525,-9.3275,1.4
9568,3405756,0.481656,-0.0671,-0.8784,1.26,-8.3475,1.155
9569,3405853,0.47946,-0.06636801,-0.875228,1.3125,-7.4375,1.1375
9570,3405951,0.4758,-0.060268,-0.881328,1.3125,-6.72,0.875
9571,3406048,0.47214,-0.06563601,-0.872056,1.365,-6.09,0.77
9572,3406146,0.471652,-0.061976,-0.872788,1.33,-5.81,0.595
9573,3406243,0.471896,-0.067832,-0.868396,1.3825,-5.845,0.2625
9574,3406340,0.475556,-0.07515201,-0.872056,1.3125,-6.0025,-0.14
9575,3406438,0.4758,-0.07222401,-0.8725441,1.715,-6.0725,-0.6125
9576,3406535,0.467748,-0.073688,-0.874984,1.8725,-5.9675,-0.9625
9577,3406633,0.465308,-0.06636801,-0.875716,1.6975,-5.74,-1.2775
9578,3406730,0.468236,-0.064172,-0.876204,1.4525,-5.565,-1.5225
9579,3406827,0.468968,-0.06661201,-0.876692,1.505,-5.5475,-1.8375
9580,3406925,0.468724,-0.059536,-0.875716,1.6275,-5.6175,-1.82
9581,3407022,0.462624,-0.058804,-0.876204,1.8025,-5.5125,-1.75
9582,3407119,0.46238,-0.062464,-0.875716,1.785,-5.495,-1.75
9583,3407217,0.463844,-0.06270801,-0.877912,1.82,-5.4425,-1.855
9584,3407314,0.467016,-0.05978,-0.877912,1.8025,-5.1275,-1.715
9585,3407412,0.464332,-0.060024,-0.876204,1.9425,-5.075,-1.47
9586,3407509,0.46848,-0.064904,-0.875472,2.0475,-4.9525,-1.33
9587,3407606,0.467992,-0.06270801,-0.877424,2.0475,-5.1625,-1.19
9588,3407704,0.460916,-0.061488,-0.869128,2.0125,-5.3375,-1.155
9589,3407801,0.46116,-0.063196,-0.870592,1.8025,-5.6,-1.2775
9590,3407899,0.45628,-0.064416,-0.878156,1.785,-6.1425,-1.3825
9591,3407996,0.457744,-0.05978,-0.875228,1.9775,-6.5275,-1.435
9592,3408093,0.463112,-0.05929201,-0.87352,2.0475,-6.7725,-1.365
9593,3408191,0.461648,-0.06124401,-0.8679081,1.925,-7.0525,-1.1725
9594,3408288,0.462868,-0.061488,-0.8718121,1.505,-7.4725,-1.365
9595,3408385,0.464088,-0.069296,-0.8740081,1.295,-7.77,-1.6625
9596,3408483,0.463112,-0.08052,-0.8708361,1.19,-7.8925,-2.45
9597,3408580,0.454572,-0.08296,-0.868884,0.6475,-7.8925,-3.745
9598,3408678,0.456036,-0.08857201,-0.868152,-0.0875,-7.7525,-5.1975
9599,3408775,0.458476,-0.089792,-0.8759601,-1.505,-7.4725,-7.0
9600,3408872,0.462136,-0.078812,-0.885964,-2.7125,-7.0175,-8.225
9601,3408970,0.465064,-0.066124,-0.88328,-3.395,-6.195,-8.61
9602,3409067,0.467016,-0.059536,-0.8857201,-3.955,-5.0225,-8.1375
9603,3409165,0.471164,-0.058072,-0.884988,-3.6925,-4.3925,-7.49
9604,3409262,0.464576,-0.049776,-0.8888921,-2.905,-3.9725,-6.5975
9605,3409359,0.470676,-0.031964,-0.8810841,-1.3825,-3.6575,-5.3375
9606,3409457,0.47336,-0.033428,-0.877424,-0.1925,-3.6225,-3.92
9607,3409554,0.473848,-0.042944,-0.8764481,0.7175,-4.1125,-2.8525
9608,3409651,0.46848,-0.044164,-0.87718,1.155,-4.655,-2.1525
9609,3409749,0.467992,-0.046848,-0.8784,1.4525,-4.9525,-1.855
9610,3409846,0.46604,-0.054168,-0.880352,1.7325,-5.1275,-1.47
9611,3409944,0.462868,-0.052948,-0.8820601,1.925,-5.2325,-1.3825
9612,3410041,0.465552,-0.051484,-0.8786441,2.065,-5.215,-1.33
9613,3410138,0.467016,-0.054168,-0.875716,2.31,-5.2675,-1.3825
9614,3410236,0.463844,-0.05368,-0.876204,2.3275,-5.425,-1.3475
9615,3410333,0.461404,-0.050508,-0.8791321,2.3625,-5.5475,-1.365
9616,3410431,0.46116,-0.053436,-0.875472,2.3975,-5.6525,-1.2425
9617,3410528,0.463356,-0.055388,-0.875716,2.3975,-5.67,-1.1025
9618,3410625,0.466528,-0.057096,-0.877668,2.59,-6.0025,-0.8925
9619,3410723,0.463844,-0.056608,-0.880352,2.8175,-6.0725,-0.8225
9620,3410820,0.46726,-0.058072,-0.878156,3.0275,-5.74,-0.7175
9621,3410917,0.466772,-0.054168,-0.8769361,3.255,-5.7925,-0.665
9622,3411015,0.46482,-0.049532,-0.873764,3.465,-5.95,-0.56
9623,3411112,0.461404,-0.05172801,-0.8740081,3.5875,-6.3,-0.21
9624,3411209,0.454572,-0.05002,-0.8810841,3.5,-6.4225,0.0175
9625,3411307,0.456768,-0.047336,-0.8888921,3.29,-6.2125,0.1925
9626,3411404,0.456524,-0.050508,-0.8845,3.15,-5.635,0.42
9627,3411502,0.459208,-0.054412,-0.887672,3.2725,-4.97,0.77
9628,3411599,0.452376,-0.040748,-0.8888921,3.3075,-4.095,0.77
9629,3411696,0.4636,-0.008052001,-0.8913321,2.8875,-2.6425,0.7875
9630,3411794,0.456524,-0.010736,-0.891088,3.045,-1.1025,1.995
9631,3411891,0.450912,-0.049044,-0.9023121,3.6225,0.805,4.0075
9632,3411988,0.438224,-0.040992,-0.921588,2.66,4.5675,4.3925
9633,3412086,0.439444,0.016592,-0.950868,1.2775,10.99,4.4975
9634,3412183,0.434564,-0.007808001,-0.964044,1.9775,19.81,7.6475
9635,3412281,0.415532,-0.06466001,-0.982588,2.7125,30.975,11.69
9636,3412378,0.41236,-0.10858,-0.9869801,2.8175,44.87,12.775
9637,3412475,0.345748,-0.202032,-0.9618481,3.29,61.425,10.255
9638,3412573,0.397964,-0.165188,-0.9696561,1.5225,81.91751,2.87
9639,3412670,0.400648,-0.149084,-0.983808,3.885,100.6775,-4.8825
9640,3412768,0.4213881,-0.099308,-0.987224,7.1925,119.63,-11.5325
9641,3412865,0.41602,-0.079544,-0.984296,11.515,138.775,-16.38
9642,3412962,0.43554,-0.068564,-0.975024,16.695,158.69,-19.6525
9643,3413060,0.446764,-0.011468,-1.02846,21.3675,181.615,-21.245
9644,3413157,0.416264,-0.006832001,-1.037488,30.73,205.5375,-19.845
9645,3413255,0.448716,0.071492,-1.04432,41.0725,230.1425,-14.91
9646,3413352,0.487512,0.08954801,-1.067256,53.13,253.365,-6.72
9647,3413449,0.49898,0.138104,-1.035536,62.58,274.3475,5.11
9648,3413547,0.47946,0.147864,-1.020408,72.0475,294.5775,18.8125
9649,3413644,0.5206961,0.108824,-1.01138,83.4225,318.815,30.975
9650,3413742,0.574864,0.0366,-0.985272,93.6775,346.3425,40.355
9651,3413839,0.649284,-0.06222,-0.920612,97.9125,374.7975,43.8375
9652,3413936,0.848388,-0.2562,-0.812032,95.2525,402.36,37.5025
9653,3414034,0.9767321,-0.502884,-0.676856,87.90251,423.4475,22.505
9654,3414131,1.297348,-0.416752,-0.5978,67.97,434.6125,-0.9275
9655,3414229,1.741184,-0.366488,-0.7605481,48.055,428.5925,-17.0975
9656,3414326,1.921744,-0.495808,-0.911096,53.6025,396.025,-16.6075
9657,3414423,1.883436,-0.167384,-0.9967401,49.525,343.1925,-12.775
9658,3414521,1.674816,-0.000488,-1.090192,71.71501,287.7525,2.0825
9659,3414618,1.389336,0.08442401,-1.219268,111.7025,237.0375,21.0175
9660,3414716,0.883036,0.258396,-0.8652241,146.3,182.595,28.875
9661,3414813,0.559004,0.34404,-0.882304,177.275,125.3175,24.3075
9662,3414910,1.462292,-0.035868,0.511668,197.82,51.135,14.0525
9663,3415008,2.151836,-1.175592,-3.720756,57.1375,-23.5725,12.5125
9664,3415105,-0.35258,0.174704,-1.03822,-37.7125,-247.765,-10.3775
9665,3415203,-0.1281,1.029436,-1.20292,-129.3775,-259.91,-43.68
9666,3415300,-0.388448,1.028216,-0.7141881,-48.7025,-247.765,-38.6575
9667,3415397,-0.091012,0.7046721,-0.7617681,27.51,-218.925,-30.485
9668,3415495,0.107848,0.182024,-0.798368,73.5525,-204.2075,-15.2075
9669,3415592,0.263276,-0.189588,-0.863272,62.8075,-208.285,-2.8175
9670,3415689,0.346724,-0.187148,-0.920612,11.97,-224.63,2.8175
9671,3415787,0.390888,-0.0427,-0.9372041,-36.61,-245.07,10.3425
9672,3415884,0.41236,0.082716,-0.891576,-66.92,-264.2325,20.0375
9673,3415981,0.40626,0.14884,-0.801784,-80.2375,-279.2125,29.47
9674,3416079,0.432124,0.141276,-0.71614,-84.7175,-287.035,35.2275
9675,3416176,0.488244,0.104432,-0.6753921,-88.8825,-289.205,35.105
9676,3416274,0.560468,0.063196,-0.69296,-95.13,-288.4,28.875
9677,3416371,0.692228,0.007320001,-0.77104,-102.8475,-286.16,17.99
9678,3416468,0.851072,-0.04026,-0.8769361,-109.55,-286.6325,4.8475
9679,3416566,0.9813681,-0.102968,-0.957456,-112.175,-292.355,-7.175
9680,3416663,1.046028,-0.177388,-1.002596,-113.1725,-300.8075,-16.135
9681,3416760,1.090924,-0.252296,-0.97234,-114.1,-308.5775,-22.68
9682,3416858,1.014796,-0.357948,-0.8869401,-114.9925,-312.375,-28.0525
9683,3416955,1.031876,-0.41968,-0.8317961,-122.115,-302.75,-32.9875
9684,3417053,1.21024,-0.41358,-0.8652241,-130.9525,-281.015,-37.135
9685,3417150,1.671644,-0.406016,-1.005524,-129.85,-256.655,-37.5725
9686,3417247,2.110356,-0.556808,-1.091168,-112.805,-243.11,-32.5325
9687,3417345,2.380464,-0.6558721,-0.951356,-98.7875,-244.16,-26.6525
9688,3417442,2.487092,-0.658312,-0.662948,-91.3325,-245.1575,-23.0125
9689,3417539,2.452688,-0.715408,-0.264984,-80.29,-234.7975,-19.2325
9690,3417637,2.478064,-0.540704,0.0061,-74.55,-210.1575,-13.265
9691,3417734,2.509052,-0.382104,0.264984,-58.065,-179.76,-3.815
9692,3417832,2.494168,-0.278648,0.537044,-29.995,-152.1625,7.84
9693,3417929,2.424872,-0.245952,0.7761641,-6.72,-125.6325,20.9825
9694,3418026,2.33386,-0.304268,0.9372041,0.28,-98.1225,35.3325
9695,3418124,2.247972,-0.302072,1.005524,-16.1,-68.6875,45.5875
9696,3418221,2.1411,0.06661201,0.8625401,-42.245,-39.585,48.23
9697,3418319,2.013976,0.45384,0.79544,-26.2325,-9.8525,43.1025
9698,3418416,1.794132,0.397476,0.34038,31.6925,21.105,33.4775
9699,3418513,0.967216,-0.283284,-0.067588,84.63,32.4625,13.9475
9700,3418611,-0.754936,-0.013664,-1.36274,74.235,37.695,-19.53
9701,3418708,-2.32288,-0.176656,-3.679276,74.7075,40.635,-54.6525
9702,3418806,-1.148996,-1.968836,-1.587708,129.675,74.06,-42.245
9703,3418903,1.2444,-2.451224,0.522892,56.35,112.735,-7.595
9704,3419000,1.44936,-0.554856,-0.698816,-53.6375,133.0875,20.16
9705,3419098,1.046272,-0.090768,-1.817556,-44.24,128.4325,51.2925
9706,3419195,0.78446,0.8100801,-1.197064,-48.65,86.1,36.1725
9707,3419293,0.7705521,1.62138,-1.322724,-44.52,65.8875,5.145
9708,3419390,1.189988,0.5655921,-1.331996,38.9725,57.12,-5.6875
9709,3419487,0.8030041,-0.783484,-1.059692,75.495,18.865,-0.98
9710,3419585,0.624152,-0.753716,-0.9433041,36.855,7.5775,-5.565
9711,3419682,0.709064,0.0366,-1.072624,-28.0,8.2775,-21.77
9712,3419780,0.6422081,0.020496,-0.966728,-30.94,-1.9775,-26.985
9713,3419877,0.52216,-0.241072,-0.9269561,-26.2675,-7.2625,-27.125
9714,3419974,0.533872,-0.05172801,-0.883036,-38.15,-8.645,-28.035
9715,3420072,0.519232,0.259372,-0.850584,-46.025,-8.9425,-27.8425
9716,3420169,0.411628,0.2867,-0.803492,-33.425,-10.815,-23.7125
9717,3420267,0.416752,0.223016,-0.787144,-18.3575,-8.645,-17.7275
9718,3420364,0.462624,0.204716,-0.8271601,-9.1175,-4.5325,-12.3375
9719,3420461,0.468968,0.122976,-0.8725441,-0.8925,-3.4825,-8.5925
9720,3420559,0.460428,0.051972,-0.862296,3.08,-3.8325,-6.44
9721,3420656,0.449204,0.11712,-0.8430201,3.29,-4.095,-5.355
9722,3420754,0.4331,0.13542,-0.843264,6.475,-2.59,-3.8325
9723,3420851,0.458232,0.039528,-0.87352,12.215,-0.4375,-2.275
9724,3420948,0.477508,-0.002196,-0.888648,12.9325,0.07,-2.0125
9725,3421046,0.452376,0.042944,-0.86742,10.08,-1.015,-2.5375
9726,3421143,0.432124,0.085156,-0.8601,9.9925,-1.33,-2.275
9727,3421241,0.492636,0.051484,-0.8845,12.5125,0.0175,-1.75
9728,3421338,0.480192,0.033672,-0.87108,13.0025,-0.735,-1.2425
9729,3421435,0.472628,0.06880801,-0.8676641,12.8975,-1.4,-0.455
9730,3421533,0.480192,0.063684,-0.864492,14.6125,-0.525,0.49
9731,3421630,0.467748,0.06075601,-0.865468,16.38,-0.1925,1.645
9732,3421728,0.473116,0.046604,-0.8725441,17.955,0.525,2.59
9733,3421825,0.491172,0.051484,-0.866444,19.2675,0.9275,3.885
9734,3421922,0.478972,0.061732,-0.85522,21.455,0.315,6.23
9735,3422020,0.466772,0.091256,-0.839604,25.9175,-0.2275,9.6425
9736,3422117,0.45872,0.116876,-0.843264,33.6175,0.4025,13.895
9737,3422215,0.486536,0.022448,-0.871568,41.335,1.96,17.0975
9738,3422312,0.498004,-0.014152,-0.893284,41.86,0.8400001,17.955
9739,3422409,0.480436,-0.069784,-0.9010921,37.73,-1.1725,16.695
9740,3422507,0.497028,-0.073932,-0.898652,30.275,-3.01,14.21
9741,3422604,0.5124001,-0.086132,-0.889868,22.82,-4.1825,11.305
9742,3422701,0.51118,-0.08466801,-0.878156,15.505,-5.5825,8.2075
9743,3422799,0.50996,-0.054412,-0.887672,10.2025,-6.2125,4.865
9744,3422896,0.488976,-0.07442,-0.89182,7.5425,-6.5975,2.3625
9745,3422994,0.466772,-0.041968,-0.883768,4.34,-7.1575,0.0
9746,3423091,0.452864,-0.02562,-0.8842561,1.2775,-7.595,-1.715
9747,3423188,0.477264,-0.016104,-0.876204,-0.5075,-7.49,-2.5025
9748,3423286,0.458964,-0.001952,-0.8786441,-1.5925,-8.1725,-2.5025
9749,3423383,0.47946,-0.008784,-0.877424,-2.415,-8.6625,-2.0125
9750,3423481,0.507032,-0.009028001,-0.8662001,-3.29,-8.2425,-1.54
9751,3423578,0.498004,-0.000976,-0.864004,-3.745,-8.68,-1.085
9752,3423675,0.566812,-0.05124001,-0.8466801,-3.3775,-8.1375,-1.1725
9753,3423773,0.48068,-0.00366,-0.87962,-4.4625,-8.1375,-2.03
9754,3423870,0.483364,-0.008540001,-0.872788,-4.725,-7.5075,-2.835
9755,3423968,0.49166,0.0,-0.8662001,-5.11,-6.3875,-2.9925
9756,3424065,0.497028,0.011224,-0.861808,-4.585,-5.8275,-2.87
9757,3424162,0.493124,-0.003416,-0.862784,-3.2025,-5.7225,-2.38
9758,3424260,0.487268,-0.024156,-0.8744961,-2.1525,-5.5825,-2.2575
9759,3424357,0.484096,-0.020252,-0.87962,-1.715,-5.53,-2.66
9760,3424454,0.472628,-0.018788,-0.8810841,-1.68,-5.6175,-3.1675
9761,3424552,0.476288,-0.013176,-0.87962,-2.1525,-5.1275,-3.5875
9762,3424649,0.476776,-0.008784,-0.8759601,-2.3275,-4.9175,-3.8675
9763,3424746,0.479704,0.003172,-0.8723001,-2.485,-4.8125,-3.99
9764,3424844,0.4758,0.008296001,-0.868884,-2.3275,-4.9175,-3.7625
9765,3424941,0.487512,0.011956,-0.8657121,-1.995,-4.97,-3.43
9766,3425039,0.488732,0.009516001,-0.8625401,-1.435,-5.425,-2.87
9767,3425136,0.484096,-0.00122,-0.866688,-0.735,-5.7925,-2.5375
9768,3425233,0.490684,-0.007564001,-0.866444,-0.175,-5.9325,-2.4325
9769,3425331,0.486536,-0.013176,-0.865468,0.3325,-6.5625,-2.6075
9770,3425428,0.472628,-0.008540001,-0.872056,0.4025,-7.0,-3.1675
9771,3425526,0.476532,-0.007320001,-0.87962,0.4025,-6.93,-3.535
9772,3425623,0.485072,0.008296001,-0.872056,0.1925,-6.615,-3.71
9773,3425720,0.491172,0.008540001,-0.864492,0.3675,-6.615,-3.7625
9774,3425818,0.490196,0.0061,-0.866932,0.7525,-6.5625,-3.675
9775,3425915,0.493612,-0.0061,-0.86742,1.26,-6.8075,-3.5525
9776,3426013,0.506544,-0.026352,-0.861808,1.365,-6.895,-3.85
9777,3426110,0.489464,0.005368,-0.8642481,0.4375,-7.21,-4.5325
9778,3426207,0.45506,0.025376,-0.863516,1.5225,-6.7725,-4.76
9779,3426305,0.440664,0.028304,-0.8744961,2.73,-6.3525,-4.34
9780,3426402,0.465552,0.037576,-0.8596121,3.92,-5.04,-3.255
9781,3426500,0.44164,0.02806,-0.866444,5.3025,-5.0575,-2.1
9782,3426597,0.459696,0.027328,-0.868152,6.3175,-4.76,-0.9275
9783,3426694,0.467016,0.013908,-0.864736,6.9475,-4.5325,-0.07
9784,3426792,0.4697,-0.000976,-0.8718121,6.8775,-4.6375,0.245
9785,3426889,0.47214,-0.006832001,-0.879376,6.6675,-4.7775,0.2275
9786,3426987,0.478484,-0.0122,-0.883036,6.125,-4.7075,0.0875
9787,3427084,0.486536,-0.019032,-0.8847441,5.11,-4.8475,-0.2275
9788,3427181,0.480436,-0.023668,-0.882304,3.885,-4.9525,-0.5775
9789,3427279,0.4819,-0.02074,-0.87962,2.975,-4.865,-0.7875
9790,3427376,0.484096,-0.012932,-0.8764481,2.3275,-4.7775,-0.805
9791,3427474,0.483364,-0.019276,-0.876204,2.0475,-4.4275,-1.085
9792,3427571,0.4575,-0.005612,-0.8827921,1.75,-4.305,-1.75
9793,3427668,0.457012,0.00244,-0.868396,1.8375,-3.8325,-2.0475
9794,3427766,0.444568,0.008052001,-0.8759601,1.9775,-3.955,-2.0125
9795,3427863,0.4697,0.016836,-0.871568,2.24,-3.5525,-1.75
9796,3427961,0.474092,0.012444,-0.86864,2.2225,-3.7625,-1.2425
9797,3428058,0.4743361,0.008784,-0.868152,2.38,-4.0775,-0.6125
9798,3428155,0.473848,0.000732,-0.8662001,2.8175,-4.3925,-0.0875
9799,3428253,0.467504,0.01464,-0.8698601,3.045,-4.725,0.4375
9800,3428350,0.455792,0.001952,-0.870592,3.3425,-4.6375,0.8925
9801,3428448,0.448228,0.001952,-0.884012,3.85,-4.48,1.0675
9802,3428545,0.44164,0.035136,-0.885964,4.0775,-3.9375,1.225
9803,3428642,0.434808,0.059536,-0.898896,4.97,-3.395,2.2575
9804,3428740,0.446032,0.034648,-0.8893801,6.9825,-2.7125,4.445
9805,3428837,0.45628,0.021716,-0.889624,8.1375,-2.4325,6.8075
9806,3428935,0.454328,0.022448,-0.897432,8.82,-2.345,8.8725
9807,3429032,0.4514,0.047092,-0.904752,9.4675,-2.065,10.85
9808,3429129,0.554124,-0.018056,-0.8447281,10.465,0.7875,12.9675
9809,3429227,0.489708,-0.017812,-0.8996281,8.155,3.6225,13.0725
9810,3429324,0.463844,-0.009516001,-0.913536,7.21,9.38,13.055
9811,3429422,0.495564,-0.008784,-0.8888921,6.1775,16.45,13.6675
9812,3429519,0.382104,-0.035868,-0.96258,3.4825,24.8675,15.995
9813,3429616,0.40138,-0.05734,-1.00284,3.4125,38.535,18.2525
9814,3429714,0.392108,-0.1464,-0.9586761,7.4025,55.7375,17.1325
9815,3429811,0.443836,-0.120292,-0.97966,3.465,75.6175,10.7275
9816,3429909,0.410896,-0.1525,-0.965264,6.7025,93.8175,3.8325
9817,3430006,0.40626,-0.124196,-0.987712,6.055,114.6075,-4.8125
9818,3430104,0.390644,-0.11468,-1.017968,8.435,136.885,-13.3525
9819,3430201,0.363316,-0.101016,-1.04798,13.16,161.0875,-20.72
9820,3430298,0.377956,0.00244,-1.114836,17.9375,189.0525,-26.1625
9821,3430396,0.381372,-0.043676,-1.079456,30.1525,217.49,-27.265
9822,3430493,0.359656,0.057828,-1.116056,34.7025,247.9925,-26.1275
9823,3430591,0.361608,0.144448,-1.137772,40.3025,279.1075,-21.14
9824,3430688,0.412116,0.174216,-1.114836,54.1275,310.2575,-12.11
9825,3430785,0.500932,0.222528,-1.11996,67.655,342.055,-1.505
9826,3430883,0.6409881,0.199836,-1.073356,83.2125,371.2975,10.3775
9827,3430980,0.864492,0.051484,-0.9860041,98.1925,394.1,19.355
9828,3431077,1.192184,-0.186172,-0.854488,103.145,404.0225,21.4375
9829,3431175,1.565992,-0.363072,-0.892552,85.225,405.0025,16.3975
9830,3431272,1.75558,-0.175924,-0.782508,62.79,391.51,4.0775
9831,3431370,1.940044,-0.01098,-1.092876,42.2625,353.78,-1.785
9832,3431467,1.771928,-0.025132,-1.00162,51.6075,290.3775,11.375
9833,3431564,1.49084,-0.1342,-0.852536,67.8125,226.1175,22.89
9834,3431662,1.002596,-0.294996,-0.646112,69.125,174.1075,24.78
9835,3431759,0.494344,0.144692,-1.308328,35.525,123.27,23.975
9836,3431857,0.608048,-0.212768,-1.542568,-2.1875,13.475,23.695
9837,3431954,1.038708,-0.297436,-2.729384,-56.56,-100.695,31.465
9838,3432052,-0.881328,0.162748,-1.100684,-92.48751,-193.3225,31.08
9839,3432149,-0.682712,0.778116,-0.938424,-128.8875,-208.0575,12.705
9840,3432246,-0.45018,0.801784,-0.833992,-80.36,-184.3625,16.8175
9841,3432344,-0.246684,0.371124,-0.8810841,-15.295,-179.0425,32.2
9842,3432441,-0.020252,0.053192,-0.9357401,-1.4875,-183.5225,40.8625
9843,3432538,0.13664,0.00244,-0.9589201,-25.7775,-201.705,39.41
9844,3432636,0.20008,0.047336,-0.931348,-56.8225,-224.245,36.715
9845,3432733,0.213744,0.113948,-0.8574161,-79.1175,-244.16,34.4225
9846,3432831,0.258884,0.121512,-0.778604,-89.6,-255.9375,33.285
9847,3432928,0.328668,0.036112,-0.7266321,-94.395,-260.155,32.69
9848,3433025,0.437004,-0.057828,-0.692472,-102.4625,-260.925,30.905
9849,3433123,0.52582,-0.15006,-0.664412,-115.6225,-259.9275,27.685
9850,3433220,0.618784,-0.193492,-0.630252,-132.79,-256.2175,22.68
9851,3433318,0.701256,-0.183732,-0.61366,-150.4125,-249.4625,16.1525
9852,3433415,0.8671761,-0.149084,-0.63928,-163.17,-238.4725,9.2225
9853,3433512,1.06872,-0.121756,-0.636352,-167.2125,-228.13,0.805
9854,3433610,1.324676,-0.08052,-0.622932,-162.995,-219.135,-9.73
9855,3433707,1.609668,-0.139324,-0.6075601,-145.9325,-210.91,-19.11
9856,3433805,1.924672,-0.29402,-0.54412,-123.27,-205.3275,-24.115
9857,3433902,2.195512,-0.401624,-0.38796,-104.755,-202.615,-24.78
9858,3433999,2.325076,-0.518988,-0.08784,-89.4775,-200.41,-20.4575
9859,3434097,2.25944,-0.600728,0.332572,-79.6775,-191.4675,-11.585
9860,3434194,2.14842,-0.55632,0.60268,-78.3825,-164.115,-0.1225
9861,3434292,2.249436,-0.513864,0.620492,-76.9825,-122.15,12.25
9862,3434389,2.266028,-0.41114,0.600972,-73.09751,-87.3075,20.7025
9863,3434486,2.117676,-0.303536,0.652456,-66.4125,-63.945,25.5325
9864,3434584,1.990308,-0.24766,0.696132,-59.1675,-41.3525,30.135
9865,3434681,1.933944,0.6885681,0.355752,-56.4025,-18.0775,33.95
9866,3434779,2.795508,2.13744,-0.947452,56.42,-9.31,63.7175
9867,3434876,0.456036,-3.451868,0.01098,418.95,-46.7775,195.195
9868,3434973,0.687592,-5.561736,-2.818688,274.2075,-57.2075,131.53
9869,3435071,-1.512068,-1.342732,0.15494,-26.985,-67.655,17.395
9870,3435168,2.302872,2.72914,-2.473916,-199.3425,56.7525,-45.465
9871,3435266,0.8601,-0.182024,-0.452864,25.725,13.65,-38.6575
9872,3435363,0.062952,-0.489464,-0.8857201,64.4525,-39.375,18.5325
9873,3435460,0.252784,-0.1769,-0.9586761,-4.7075,1.82,-0.2275
9874,3435558,0.727608,-0.377468,-0.69174,5.25,-6.02,-6.23
9875,3435655,0.6688041,0.06588,-0.985272,-16.9575,-7.14,-13.3525
9876,3435753,0.479948,-0.218868,-0.8940161,-14.6125,-13.58,-15.19
9877,3435850,0.537288,-0.115412,-0.8601,-16.1175,-8.155,-18.55
9878,3435947,0.62708,0.113216,-0.87718,-24.3425,-4.795,-20.0025
9879,3436045,0.55022,-0.03904,-0.892552,-16.9225,-7.245,-16.8175
9880,3436142,0.486048,-0.145668,-0.8596121,-14.7175,-8.2075,-16.38
9881,3436240,0.47458,-0.039284,-0.857172,-22.155,-7.91,-19.0575
9882,3436337,0.506544,0.098332,-0.858148,-25.9525,-8.1025,-20.125
9883,3436434,0.484096,0.092964,-0.83082,-22.3475,-9.94,-18.1475
9884,3436532,0.464576,0.117852,-0.836676,-16.5375,-11.13,-15.085
9885,3436629,0.46116,0.137372,-0.8476561,-9.8,-10.43,-11.095
9886,3436727,0.457012,0.118096,-0.8364321,-1.26,-8.6625,-6.51
9887,3436824,0.476776,0.081984,-0.85156,6.37,-7.1925,-2.3275
9888,3436921,0.469456,0.016836,-0.862784,11.3225,-6.9825,0.1575
9889,3437019,0.5002,0.011224,-0.88816,11.585,-7.175,0.9625
9890,3437116,0.476776,-0.040016,-0.8786441,9.73,-7.98,0.63
9891,3437214,0.479704,-0.01586,-0.8827921,6.7025,-8.3825,0.035
9892,3437311,0.4758,-0.063684,-0.8862081,5.215,-8.435,-0.7
9893,3437408,0.474092,-0.039528,-0.8869401,2.485,-8.1375,-2.0125
9894,3437506,0.474092,-0.0305,-0.8862081,0.8575,-7.5425,-3.3075
9895,3437603,0.487268,-0.015616,-0.875228,-0.2975,-6.79,-4.13
9896,3437701,0.47092,-0.023668,-0.8744961,-0.875,-6.4225,-4.8125
9897,3437798,0.47092,0.003416,-0.870592,-1.5575,-6.2825,-5.3375
9898,3437895,0.470676,0.020008,-0.8679081,-1.1375,-5.985,-5.0225
9899,3437993,0.477508,0.02318,-0.864492,0.28,-6.055,-3.8325
9900,3438090,0.473604,0.029524,-0.858636,2.0825,-6.37,-2.52
9901,3438188,0.48922,0.032452,-0.862784,3.92,-6.405,-0.91
9902,3438285,0.474824,0.011956,-0.869372,5.355,-6.6675,0.0
9903,3438382,0.471652,0.0061,-0.870104,5.95,-6.86,0.28
9904,3438480,0.482388,0.002684,-0.875228,5.7575,-6.615,0.3675
9905,3438577,0.481412,-0.008784,-0.8764481,5.425,-6.65,0.175
9906,3438675,0.47458,-0.013664,-0.8769361,5.0225,-6.5625,-0.0875
9907,3438772,0.46848,-0.021228,-0.875716,4.235,-6.3,-0.8225
9908,3438869,0.460916,-0.019276,-0.873032,4.095,-5.845,-1.4175
9909,3438967,0.467992,0.008540001,-0.8698601,5.25,-5.355,-1.3475
9910,3439064,0.469456,0.009028001,-0.864736,6.825,-5.075,-0.6125
9911,3439162,0.478484,0.021228,-0.8601,8.575,-4.6725,0.245
9912,3439259,0.476532,0.0183,-0.870104,11.13,-4.655,1.75
9913,3439356,0.469212,0.00488,-0.87474,12.5475,-4.6725,2.87
9914,3439454,0.468968,-0.008784,-0.886452,12.6875,-4.8125,3.3775
9915,3439551,0.471408,-0.02074,-0.8827921,12.2675,-5.005,3.605
9916,3439649,0.459696,-0.028792,-0.8852321,11.2525,-5.3725,3.255
9917,3439746,0.471408,-0.0183,-0.88816,9.66,-5.355,2.7825
9918,3439843,0.481168,-0.032208,-0.8784,8.75,-5.67,2.5725
9919,3439941,0.483364,-0.027572,-0.874984,7.56,-6.1075,2.1875
9920,3440038,0.481656,-0.025376,-0.878156,7.035,-6.65,2.135
9921,3440136,0.474824,-0.031232,-0.877424,6.65,-7.245,2.275
9922,3440233,0.476288,-0.01708,-0.8723001,6.3875,-7.4725,2.38
9923,3440330,0.472628,-0.021228,-0.87474,6.02,-7.665,2.52
9924,3440428,0.465064,-0.033184,-0.881572,5.285,-7.56,2.275
9925,3440525,0.467748,-0.022448,-0.8874281,4.3575,-7.175,1.7675
9926,3440623,0.476044,-0.027084,-0.8784,3.8325,-6.9125,1.4875
9927,3440720,0.4758,-0.038796,-0.8759601,3.395,-6.825,1.3475
9928,3440817,0.477752,-0.034404,-0.8723001,2.9925,-6.72,0.91
9929,3440915,0.472628,-0.043432,-0.869128,2.5375,-6.6675,0.35
9930,3441012,0.462624,-0.03904,-0.881816,1.7675,-6.37,-0.3675
9931,3441110,0.463844,-0.033184,-0.878888,1.0325,-5.845,-0.98
9932,3441207,0.462868,-0.0366,-0.87718,0.875,-5.39,-1.2075
9933,3441304,0.46848,-0.033672,-0.876692,0.735,-5.1975,-1.4525
9934,3441402,0.474824,-0.034404,-0.875472,0.735,-5.0925,-1.6625
9935,3441499,0.477996,-0.038308,-0.875472,0.735,-5.145,-1.855
9936,3441597,0.479216,-0.042212,-0.8744961,0.49,-5.11,-2.065
9937,3441694,0.467016,-0.02928,-0.863272,0.0525,-5.075,-2.6425
9938,3441791,0.432368,-0.027084,-0.8874281,-1.12,-5.3375,-3.15
9939,3441889,0.4636,-0.029768,-0.879864,-2.0825,-4.7425,-3.7275
9940,3441986,0.4594521,-0.036844,-0.879864,-3.2025,-4.6725,-4.2875
9941,3442083,0.4636,-0.0305,-0.880352,-4.62,-4.6025,-4.865
9942,3442181,0.47336,-0.0244,-0.8759601,-5.18,-4.375,-5.145
9943,3442278,0.472384,-0.01586,-0.87962,-4.9175,-4.2,-5.0925
9944,3442376,0.471164,-0.016592,-0.8820601,-4.165,-3.99,-4.8825
9945,3442473,0.471652,-0.013908,-0.8786441,-3.9725,-3.6575,-4.865
9946,3442570,0.471896,-0.02196,-0.877424,-3.7625,-3.5875,-4.9175
9947,3442668,0.46726,-0.019032,-0.877668,-3.99,-3.4825,-5.0925
9948,3442765,0.45872,-0.0061,-0.8874281,-4.655,-3.15,-5.5825
9949,3442863,0.457744,0.004636001,-0.891088,-4.865,-2.59,-5.5125
9950,3442960,0.45994,0.006344,-0.891576,-4.34,-1.645,-5.0575
9951,3443057,0.456036,0.008052001,-0.9006041,-3.4125,-0.2275,-4.515
9952,3443155,0.46238,0.03782,-0.901336,-2.9575,1.8025,-4.2175
9953,3443252,0.467748,0.075396,-0.895236,-2.135,4.165,-2.9925
9954,3443350,0.4819,0.069296,-0.881328,-0.315,6.3,-0.175
9955,3443447,0.487512,0.01342,-0.8708361,1.5575,7.63,3.08
9956,3443545,0.484096,-0.040748,-0.8703481,2.0475,8.2775,4.76
9957,3443642,0.473116,-0.059048,-0.876692,1.3825,9.4675,4.025
9958,3443739,0.472384,-0.035868,-0.883768,0.1925,11.585,2.2925
9959,3443837,0.466284,-0.002684,-0.892552,-1.12,14.1925,1.575
9960,3443934,0.46116,0.040748,-0.9108521,-2.66,17.78,2.59
9961,3444032,0.461404,0.02074,-0.9052401,-2.3975,22.5575,5.11
9962,3444129,0.44164,0.103944,-0.8893801,-4.5325,28.42,8.9775
9963,3444226,0.499712,-0.030988,-0.947696,-5.6525,36.645,14.1925
9964,3444324,0.408212,-0.063684,-0.944768,3.955,44.7825,16.0825
9965,3444421,0.456768,-0.067588,-0.9459881,-5.39,60.1475,10.8325
9966,3444519,0.421144,-0.077592,-0.9716081,-2.45,75.53,6.3525
9967,3444616,0.418948,-0.080276,-1.001132,-5.11,96.18,0.2275
9968,3444713,0.399916,-0.07027201,-1.020408,-4.1825,119.5775,-5.53
9969,3444811,0.379664,-0.063928,-1.0492,-3.85,146.055,-10.8675
9970,3444908,0.361608,-0.040504,-1.05286,-1.155,172.8125,-14.49
9971,3445006,0.381372,-0.008540001,-1.04188,0.77,200.795,-15.3475
9972,3445103,0.393572,-0.042212,-0.9928361,-0.4725,226.135,-12.67
9973,3445200,0.471652,-0.047824,-0.980636,-17.01,249.6025,-9.0125
9974,3445298,0.696376,-0.039772,-1.057252,-46.0425,270.6375,-8.995
9975,3445395,0.9433041,-0.17202,-1.019432,-87.5875,285.11,-16.765
9976,3445493,1.158756,-0.13664,-1.02968,-147.525,285.7225,-24.6575
9977,3445590,1.124108,0.054656,-0.78324,-187.74,269.745,-28.665
9978,3445687,1.20658,0.079056,-1.047004,-221.3575,245.595,-32.6725
9979,3445785,1.301252,-0.081496,-1.11996,-245.35,200.445,-25.095
9980,3445882,1.20658,0.02074,-0.643184,-263.5325,151.55,-6.4575
9981,3445979,0.8791321,0.825452,-1.245376,-269.3075,111.44,14.2625
9982,3446077,0.57218,0.254004,-1.58722,-203.63,36.8025,58.1175
9983,3446174,0.359656,0.0061,-1.092144,-131.9675,-37.8175,101.8675
9984,3446272,0.056852,0.040016,-1.120692,-135.5375,-48.3525,116.445
9985,3446369,-0.117364,0.3416,-0.8493641,-135.94,-77.56,115.2375
9986,3446466,-0.141032,0.383568,-0.775188,-136.85,-89.0925,109.1475
9987,3446564,-0.122244,0.388204,-0.790804,-132.4575,-100.1525,95.795
9988,3446661,-0.045384,0.323544,-0.8400921,-130.34,-110.95,80.535
9989,3446759,0.028792,0.199104,-0.8759601,-128.345,-125.44,68.67
9990,3446856,0.100284,0.020008,-0.886452,-127.6975,-141.82,63.385
9991,3446953,0.206424,-0.16348,-0.891576,-129.0625,-157.5525,68.72251
9992,3447051,0.301096,-0.361608,-0.865468,-132.2125,-173.0925,85.365
9993,3447148,0.390156,-0.523136,-0.8210601,-141.47,-186.9525,110.1625
9994,3447246,0.485316,-0.61366,-0.7761641,-158.2875,-198.1175,138.32
9995,3447343,0.573156,-0.646112,-0.730048,-178.43,-206.71,166.46
9996,3447440,0.6688041,-0.633912,-0.689544,-198.9225,-211.6275,193.0425
9997,3447538,0.756156,-0.601704,-0.658312,-214.6375,-213.675,217.3325
9998,3447635,0.8662001,-0.621224,-0.605364,-223.055,-213.71,239.2075
9999,3447733,0.93086,-0.631716,-0.542168,-228.3575,-211.155,256.5325
10000,3447830,0.9633121,-0.609024,-0.474824,-233.17,-204.54,269.045
10001,3447927,0.994056,-0.536556,-0.41358,-232.47,-193.3575,278.915
10002,3448025,1.02602,-0.5499761,-0.354044,-223.405,-179.3575,289.1525
10003,3448122,1.05652,-0.596092,-0.316224,-214.5675,-162.2775,297.4825
10004,3448220,1.145824,-0.567056,-0.348676,-215.3025,-143.36,300.09
10005,3448317,1.287344,-0.488976,-0.37454,-219.3975,-128.345,297.3425
10006,3448414,1.326628,-0.396744,-0.341356,-220.71,-120.05,289.2575
10007,3448512,1.241716,-0.29036,-0.256444,-216.475,-112.35,273.6475
10008,3448609,1.193404,-0.22936,-0.229848,-205.8175,-97.58,251.755
10009,3448706,1.189988,-0.227408,-0.275232,-188.055,-79.8175,226.345
10010,3448804,1.209508,-0.36478,-0.308172,-165.06,-64.82,198.94
10011,3448901,1.221952,-0.466772,-0.340136,-144.06,-54.0925,170.4325
10012,3448999,1.245376,-0.506788,-0.33184,-120.26,-46.165,146.1075
10013,3449096,1.902468,1.047248,-1.502308,-81.11251,-42.7175,136.3775
10014,3449193,1.001864,-1.713856,-0.016348,147.2275,-72.45,193.655
10015,3449291,1.066036,-0.394792,-0.95648,148.47,-82.285,144.69
10016,3449388,0.74542,-0.050996,-1.139236,81.84751,-85.575,62.615
10017,3449486,0.154208,-0.439932,-1.37006,80.535,-86.27501,19.3725
10018,3449583,-0.133224,-0.445056,-1.8361,69.055,-45.3775,14.5775
10019,3449680,0.444324,-0.28792,-0.84912,18.1125,6.2825,11.025
10020,3449778,0.573156,-0.105896,-0.814472,10.01,10.3775,1.4875
10021,3449875,0.360144,0.010736,-0.84424,9.9925,9.24,-2.1175
10022,3449973,0.23302,0.147132,-0.767136,15.3475,5.11,1.5925
10023,3450070,0.584868,0.149328,-0.902068,15.9425,12.425,6.16
10024,3450168,0.636352,-0.11468,-0.759572,22.9075,0.56,9.975
10025,3450265,0.57828,-0.139568,-0.8332601,18.795,-9.9225,9.8525
10026,3450362,0.4514,-0.06466001,-0.887184,13.2475,-14.595,7.63
10027,3450459,0.425292,-0.05246,-0.924028,12.81,-15.6625,7.8225
10028,3450557,0.533384,-0.018056,-0.911096,13.3,-10.36,9.0475
10029,3450654,0.60024,-0.044652,-0.883036,13.545,-7.7175,9.73
10030,3450752,0.531188,-0.198372,-0.844484,16.1175,-9.9225,9.73
10031,3450849,0.499712,-0.201544,-0.8671761,12.18,-10.605,6.9125
10032,3450946,0.489952,-0.171776,-0.8532681,7.0875,-8.9075,2.6075
10033,3451044,0.457988,-0.152988,-0.877668,4.0425,-8.4525,-1.1725
10034,3451141,0.467992,-0.147132,-0.871568,1.4875,-7.07,-4.3575
10035,3451238,0.458964,-0.131516,-0.872788,-1.2775,-5.8625,-7.14
10036,3451336,0.455548,-0.113948,-0.8637601,-3.5175,-5.7575,-9.4325
10037,3451433,0.479948,-0.07978801,-0.868884,-5.7575,-5.88,-11.025
10038,3451531,0.479948,-0.05587601,-0.87108,-6.9125,-6.6325,-11.6025
10039,3451628,0.477508,-0.05636401,-0.865956,-7.2275,-7.8925,-11.585
10040,3451725,0.498248,-0.019032,-0.864492,-8.1025,-8.19,-11.13
10041,3451823,0.467992,-0.01586,-0.860832,-7.7525,-9.66,-9.8
10042,3451920,0.42944,-0.016836,-0.8596121,-5.95,-11.5675,-7.945
10043,3452018,0.432856,-0.004636001,-0.8620521,-4.6725,-12.04,-5.5125
10044,3452115,0.471164,0.019032,-0.877912,-1.6975,-11.48,-1.5575
10045,3452212,0.526064,0.011224,-0.8759601,3.7975,-10.01,2.8525
10046,3452310,0.532164,-0.022448,-0.8698601,7.665,-9.8175,5.74
10047,3452407,0.49776,-0.016592,-0.881572,9.0125,-10.325,6.5275
10048,3452504,0.481168,-0.050508,-0.8784,8.785,-10.43,6.3875
10049,3452602,0.473604,-0.07515201,-0.8759601,8.89,-9.625,5.7225
10050,3452699,0.460672,-0.0854,-0.8740081,8.8025,-8.6625,4.515
10051,3452797,0.445544,-0.081984,-0.883524,7.7175,-7.5075,3.4475
10052,3452894,0.449692,-0.059048,-0.886452,7.105,-6.055,2.6425
10053,3452991,0.488488,-0.053192,-0.8764481,6.51,-4.935,2.5375
10054,3453089,0.496784,-0.053192,-0.875228,6.3,-5.005,3.1675
10055,3453186,0.512156,-0.06344,-0.873032,5.915,-5.355,3.85
10056,3453284,0.518012,-0.072712,-0.868152,5.11,-5.3725,4.1125
10057,3453381,0.507276,-0.081252,-0.8718121,4.5325,-5.74,4.0775
10058,3453478,0.504592,-0.082472,-0.870104,4.13,-5.95,3.745
10059,3453576,0.510204,-0.07978801,-0.8657121,3.9375,-5.81,3.395
10060,3453673,0.496052,-0.08418,-0.864736,3.955,-6.0725,2.94
10061,3453770,0.473604,-0.082716,-0.873032,3.5175,-6.1425,2.3625
10062,3453868,0.473848,-0.082716,-0.873764,3.4475,-5.74,1.645
10063,3453965,0.470676,-0.079544,-0.875472,3.2025,-5.145,1.0675
10064,3454063,0.46604,-0.08003201,-0.87352,3.045,-4.865,0.525
10065,3454160,0.467748,-0.07612801,-0.878888,3.115,-4.69,0.0175
10066,3454257,0.476288,-0.084912,-0.868396,3.255,-4.41,-0.665
10067,3454355,0.473604,-0.072956,-0.8744961,2.905,-4.2175,-0.98
10068,3454452,0.484828,-0.076616,-0.866688,2.695,-4.0425,-1.0325
10069,3454550,0.477996,-0.07417601,-0.868396,2.6425,-3.9725,-0.9625
10070,3454647,0.481412,-0.07198,-0.8703481,2.2925,-3.7975,-0.77
10071,3454744,0.4697,-0.07564,-0.8671761,2.345,-3.71,-0.525
10072,3454842,0.458476,-0.06636801,-0.874252,2.1875,-3.9375,-0.6125
10073,3454939,0.470676,-0.077348,-0.868884,2.135,-4.0425,-0.7875
10074,3455037,0.479948,-0.0854,-0.866932,2.275,-4.2,-0.98
10075,3455134,0.476776,-0.071004,-0.8740081,1.75,-4.62,-1.19
10076,3455231,0.483608,-0.07832401,-0.866444,1.8025,-4.62,-1.015
10077,3455329,0.477508,-0.081252,-0.8662001,1.75,-4.76,-0.8925
10078,3455426,0.460428,-0.068076,-0.8698601,1.365,-4.7425,-1.0675
10079,3455524,0.446032,-0.049044,-0.877912,1.33,-5.1975,-1.4
10080,3455621,0.457012,-0.052704,-0.8764481,1.89,-5.565,-1.7325
10081,3455718,0.472384,-0.05612,-0.8740081,2.45,-5.5125,-1.645
10082,3455816,0.47336,-0.07198,-0.8679081,3.045,-5.9675,-1.2425
10083,3455913,0.472384,-0.073444,-0.866444,2.8175,-6.23,-1.19
10084,3456011,0.476532,-0.08759601,-0.865956,2.7825,-6.4575,-1.2425
10085,3456108,0.475556,-0.092232,-0.8662001,2.7125,-6.6325,-1.4525
10086,3456205,0.471896,-0.07978801,-0.8657121,2.345,-6.9475,-1.8375
10087,3456303,0.45872,-0.071248,-0.8625401,2.31,-7.3675,-2.0825
10088,3456400,0.442128,-0.055388,-0.8784,2.065,-8.19,-2.5025
10089,3456497,0.464088,-0.081252,-0.862296,2.5375,-8.4875,-2.8875
10090,3456595,0.4697,-0.080276,-0.866688,2.2925,-9.1875,-3.535
10091,3456692,0.468724,-0.076616,-0.864004,1.855,-9.8175,-4.025
10092,3456790,0.458232,-0.074664,-0.8679081,1.295,-10.2375,-4.5675
10093,3456887,0.446764,-0.06270801,-0.869616,0.0,-9.8,-5.285
10094,3456984,0.437736,-0.068564,-0.8698601,-1.61,-8.6975,-6.09
10095,3457082,0.45506,-0.065148,-0.8852321,-3.5875,-7.7525,-6.8425
10096,3457179,0.450912,-0.06466001,-0.8827921,-5.495,-6.9825,-7.2975
10097,3457277,0.466528,-0.060024,-0.887916,-7.2975,-5.8625,-7.49
10098,3457374,0.473604,-0.059536,-0.88816,-7.665,-5.215,-7.07
10099,3457471,0.470676,-0.047824,-0.8810841,-7.8225,-4.4625,-6.4925
10100,3457569,0.494344,-0.063196,-0.8786441,-7.56,-4.0075,-5.81
10101,3457666,0.460428,-0.048556,-0.8845,-7.3675,-3.5,-5.355
10102,3457764,0.457988,-0.031232,-0.891088,-7.49,-2.695,-5.005
10103,3457861,0.452864,-0.038552,-0.8967,-6.79,-1.365,-4.4275
10104,3457958,0.446032,-0.016348,-0.909632,-6.79,0.42,-3.815
10105,3458056,0.466772,-0.00976,-0.9028,-6.265,2.6425,-2.3625
10106,3458153,0.48434,-0.025132,-0.8893801,-5.5475,4.3925,-0.4025
10107,3458251,0.482144,-0.030744,-0.889868,-5.6,6.125,0.735
10108,3458348,0.467504,-0.04636,-0.891088,-5.985,8.715,1.26
10109,3458445,0.465796,-0.04758,-0.894748,-7.2275,12.1625,1.6275
10110,3458543,0.4594521,-0.044164,-0.9106081,-9.1,16.8875,1.89
10111,3458640,0.442128,-0.014884,-0.9398881,-11.5325,23.5725,2.485
10112,3458738,0.426512,-0.008052001,-0.9535521,-12.775,32.8125,4.585
10113,3458835,0.412116,0.063684,-0.947696,-17.15,46.06,8.8725
10114,3458932,0.426268,-0.138348,-1.046272,-19.7225,62.65,14.9275
10115,3459030,0.332572,-0.1952,-0.990396,-7.5425,82.39,12.1625
10116,3459127,0.40992,-0.133956,-1.031632,-21.07,110.285,1.82
10117,3459224,0.36966,-0.216672,-1.006988,-15.26,135.9225,-4.795
10118,3459322,0.394792,-0.17934,-1.039928,-24.9025,166.11,-13.475
10119,3459419,0.386008,-0.157868,-1.038952,-34.58,192.8325,-17.4825
10120,3459517,0.44286,-0.119804,-1.10532,-52.3425,215.95,-15.8725
10121,3459614,0.420168,-0.222528,-1.0309,-69.09,232.1025,-6.125
10122,3459711,0.5795,-0.044652,-0.986248,-103.915,242.795,5.32
10123,3459809,0.767624,-0.238388,-0.9250041,-129.255,239.9075,14.455
10124,3459906,0.896944,-0.286944,-1.055788,-181.9125,220.5175,11.795
10125,3460004,0.936228,-0.142984,-1.146556,-265.895,187.1975,4.41
10126,3460101,0.714676,-0.575596,-0.7754321,-307.1775,134.4875,25.83
10127,3460198,0.9725841,1.077504,-0.366732,-368.305,106.995,32.585
10128,3460296,1.023824,1.188036,-2.486604,-357.455,71.505,54.88
10129,3460393,0.058072,-0.9376921,-1.17486,-167.1775,-29.19,157.4475
10130,3460491,0.33916,0.00488,-1.334924,-167.9475,-84.735,205.695
10131,3460588,0.055144,-0.027816,-1.216584,-153.5625,-105.3675,244.4925
10132,3460685,-0.011224,0.322812,-0.9928361,-140.2975,-147.84,258.1775
10133,3460783,0.033184,0.702232,-0.93086,-131.215,-163.9575,251.335
10134,3460880,0.040748,0.571936,-0.823744,-98.175,-179.0425,241.5
10135,3460978,0.05587601,0.365512,-0.69906,-79.5025,-189.315,225.2075
10136,3461075,0.055632,0.239852,-0.55388,-84.42,-194.67,203.0175
10137,3461173,0.035868,0.201788,-0.410408,-98.91001,-193.6725,181.51
10138,3461270,0.035868,0.189588,-0.256688,-110.9325,-184.31,163.7125
10139,3461367,0.070516,0.08100801,-0.11346,-116.1125,-164.78,149.9925
10140,3461465,0.09345201,0.0366,-0.08564401,-121.73,-136.36,138.6525
10141,3461562,0.403088,-0.015128,-0.390644,-129.36,-102.725,127.5225
10142,3461660,0.8235001,-0.06344,-0.703208,-139.1775,-83.72001,112.56
10143,3461757,0.988932,0.081496,-0.792512,-145.6525,-89.4775,94.09751
10144,3461854,0.9274441,0.138836,-0.591944,-134.1025,-103.145,77.28
10145,3461952,0.924516,-0.022204,-0.382836,-113.82,-103.845,62.79
10146,3462049,1.102636,-0.187148,-0.334768,-103.88,-91.7175,48.16
10147,3462146,1.263432,-0.2379,-0.363316,-103.215,-80.7625,35.0
10148,3462244,1.326384,-0.2135,-0.355996,-98.315,-74.235,27.44
10149,3462341,1.277584,-0.213012,-0.244488,-83.0375,-67.4975,27.0375
10150,3462439,2.561024,1.590636,-1.544032,-49.5075,-54.845,45.5525
10151,3462536,1.553792,-1.93492,0.2867,219.2225,-76.1425,173.1625
10152,3462633,1.606496,-2.123532,0.487268,251.8425,-51.94,214.7425
10153,3462731,2.782332,-3.405264,-1.070184,142.0475,2.2225,210.21
10154,3462828,0.67466,0.004636001,-0.652944,-49.2625,-68.775,73.09751
10155,3462926,-0.439688,-1.153876,-1.304424,31.29,-104.1425,28.35
10156,3463023,-0.117608,-0.371124,-1.25538,-4.515,-39.725,-12.215
10157,3463120,0.747128,0.4636,-1.128744,-25.4975,-8.3125,-23.8175
10158,3463218,0.5002,0.082716,-0.9298841,1.0675,5.495,-14.875
10159,3463315,0.35136,-0.142252,-0.9042641,14.14,1.26,-5.145
10160,3463413,0.652944,0.045628,-0.8493641,3.78,13.1425,-3.5
10161,3463510,0.7015,-0.150792,-0.738832,6.4575,8.5575,-0.63
10162,3463607,0.553148,-0.193736,-0.764696,6.1425,-1.2075,-1.7325
10163,3463705,0.557052,-0.055144,-0.8127641,0.385,-6.0725,-4.865
10164,3463802,0.574864,0.038064,-0.8466801,-0.7875,-11.0075,-4.5675
10165,3463900,0.522648,-0.04392,-0.8527801,2.94,-15.75,-1.2425
10166,3463997,0.514596,-0.060024,-0.858636,4.7775,-17.6575,0.525
10167,3464094,0.500444,-0.073932,-0.868152,5.0575,-17.3075,0.8400001
10168,3464192,0.482144,-0.07076001,-0.872788,5.5825,-16.24,0.945
10169,3464289,0.483608,-0.055388,-0.878156,5.2675,-14.07,1.19
10170,3464386,0.447496,-0.089304,-0.8820601,5.7575,-12.7575,1.75
10171,3464484,0.434808,-0.12566,-0.884012,5.9675,-11.3925,1.61
10172,3464581,0.46116,-0.10736,-0.8784,4.9525,-8.61,0.91
10173,3464678,0.467748,-0.11712,-0.863272,3.9025,-6.7725,0.3675
10174,3464776,0.471164,-0.110776,-0.864004,2.52,-5.46,-0.49
10175,3464873,0.473604,-0.113948,-0.85888,1.68,-5.11,-1.575
10176,3464971,0.4941,-0.100772,-0.854,0.49,-5.215,-2.975
10177,3465068,0.504592,-0.09028,-0.8513161,-0.4725,-5.9675,-4.4975
10178,3465165,0.493856,-0.082716,-0.8481441,-1.085,-7.07,-5.9675
10179,3465263,0.487268,-0.072468,-0.846436,-1.68,-8.2775,-7.0
10180,3465360,0.480192,-0.064172,-0.8676641,-2.135,-9.5725,-7.3325
10181,3465458,0.489464,-0.031476,-0.87474,-1.68,-9.9925,-6.545
10182,3465555,0.490684,-0.018544,-0.8759601,-0.63,-9.555,-4.725
10183,3465652,0.491416,-0.031964,-0.8698601,0.8925,-9.87,-2.52
10184,3465750,0.493856,-0.04514,-0.865956,2.5725,-10.465,-0.49
10185,3465847,0.488732,-0.0366,-0.8703481,4.4625,-11.1475,1.5925
10186,3465945,0.484584,-0.053924,-0.866444,5.4075,-11.83,3.43
10187,3466042,0.470676,-0.08564401,-0.86864,5.565,-12.495,4.3575
10188,3466139,0.469456,-0.09320801,-0.8671761,4.655,-11.8475,4.1125
10189,3466237,0.460184,-0.121512,-0.8671761,3.5,-10.955,3.2025
10190,3466334,0.463112,-0.117852,-0.873276,2.6775,-10.4825,1.5925
10191,3466432,0.463112,-0.106872,-0.875228,1.75,-9.24,-0.0175
10192,3466529,0.467504,-0.09345201,-0.8769361,1.26,-7.7875,-1.085
10193,3466626,0.482144,-0.07027201,-0.8740081,0.595,-6.44,-1.7325
10194,3466724,0.48678,-0.05587601,-0.874252,0.315,-6.0025,-1.7675
10195,3466821,0.4941,-0.054168,-0.8642481,0.315,-6.5625,-1.3475
10196,3466919,0.490684,-0.059536,-0.859856,0.9625,-8.1025,-0.7525
10197,3467016,0.482144,-0.071736,-0.862296,1.4525,-9.905,-0.385
10198,3467113,0.48312,-0.07564,-0.868152,1.645,-10.9375,-0.315
10199,3467211,0.468236,-0.08662001,-0.868152,2.065,-11.34,-0.455
10200,3467308,0.457744,-0.09247601,-0.877424,1.89,-11.1475,-0.7175
10201,3467405,0.458476,-0.091744,-0.884012,1.715,-10.115,-1.085
10202,3467503,0.4636,-0.083448,-0.881816,1.715,-8.7325,-1.61
10203,3467600,0.456524,-0.08466801,-0.881816,1.75,-7.7,-1.7675
10204,3467698,0.452132,-0.083448,-0.88328,1.7325,-6.93,-1.9425
10205,3467795,0.453108,-0.07808001,-0.883036,1.54,-6.125,-2.275
10206,3467892,0.466772,-0.072956,-0.87718,1.5225,-5.425,-2.5025
10207,3467990,0.4743361,-0.06661201,-0.872788,1.575,-5.1625,-2.415
10208,3468087,0.471164,-0.061976,-0.873276,1.715,-5.145,-2.0125
10209,3468185,0.466528,-0.070028,-0.873764,2.0475,-5.6875,-1.6275
10210,3468282,0.465552,-0.08052,-0.87108,2.2575,-6.2475,-1.5225
10211,3468379,0.458232,-0.08662001,-0.8744961,2.205,-6.5975,-1.645
10212,3468477,0.456768,-0.09247601,-0.87718,2.17,-6.7025,-2.135
10213,3468574,0.460916,-0.082228,-0.881328,2.24,-6.37,-2.6425
10214,3468672,0.464576,-0.083204,-0.874252,2.3625,-6.0725,-3.185
10215,3468769,0.462136,-0.09418401,-0.875228,2.59,-6.1075,-3.6925
10216,3468866,0.461648,-0.09394001,-0.874252,2.5375,-6.23,-4.6725
10217,3468964,0.462136,-0.09442801,-0.865956,2.1,-6.23,-6.0025
10218,3469061,0.457256,-0.09711201,-0.8703481,0.8575,-6.335,-7.4375
10219,3469159,0.457012,-0.08808401,-0.879376,-0.5425,-6.4225,-8.7325
10220,3469256,0.457744,-0.08174001,-0.883524,-2.205,-5.8975,-9.4675
10221,3469353,0.463112,-0.07442,-0.88328,-3.8675,-4.445,-9.45
10222,3469451,0.463356,-0.070028,-0.880352,-5.005,-3.5525,-9.2575
10223,3469548,0.467504,-0.060268,-0.8847441,-6.0725,-3.43,-9.065
10224,3469646,0.472384,-0.059048,-0.8810841,-6.335,-3.57,-8.4875
10225,3469743,0.475068,-0.050752,-0.878156,-6.23,-3.85,-7.7875
10226,3469840,0.471408,-0.04392,-0.8713241,-5.8625,-4.2875,-7.0875
10227,3469938,0.4697,-0.046604,-0.8679081,-4.795,-4.7075,-6.16
10228,3470035,0.467016,-0.054656,-0.8708361,-3.57,-5.1625,-5.3375
10229,3470132,0.459696,-0.057584,-0.878156,-2.8175,-5.425,-5.0575
10230,3470230,0.459696,-0.051972,-0.8801081,-1.995,-5.2325,-4.6375
10231,3470327,0.463844,-0.04636,-0.873764,-1.2775,-4.9875,-4.2
10232,3470425,0.46604,-0.058072,-0.8723001,-0.4725,-5.1975,-3.7275
10233,3470522,0.468968,-0.061488,-0.877912,0.07,-5.39,-3.535
10234,3470619,0.466772,-0.063928,-0.880352,-0.105,-5.3725,-3.6225
10235,3470717,0.465064,-0.068076,-0.878888,-0.1225,-5.285,-3.71
10236,3470814,0.466772,-0.06466001,-0.875716,-0.3675,-5.1975,-3.85
10237,3470912,0.467992,-0.063684,-0.8759601,-0.3325,-5.145,-3.99
10238,3471009,0.469212,-0.056852,-0.873764,-0.2275,-5.2675,-3.9725
10239,3471106,0.464332,-0.055388,-0.875228,-0.1575,-5.4775,-4.025
10240,3471204,0.466528,-0.0488,-0.878888,0.07,-5.635,-4.06
10241,3471301,0.465064,-0.051972,-0.8784,0.35,-5.6175,-3.8675
10242,3471398,0.465552,-0.049776,-0.877668,0.77,-5.53,-3.85
10243,3471496,0.465552,-0.04758,-0.875228,1.1025,-5.67,-3.71
10244,3471593,0.46116,-0.051484,-0.875228,1.365,-5.705,-3.535
10245,3471691,0.455548,-0.04758,-0.8801081,1.54,-5.8625,-3.395
10246,3471788,0.45506,-0.050996,-0.878888,1.7675,-5.7575,-3.325
10247,3471885,0.456768,-0.05856,-0.877668,1.7675,-5.425,-3.2725
10248,3471983,0.45994,-0.051972,-0.878156,1.5225,-5.215,-3.3775
10249,3472080,0.465552,-0.046848,-0.878156,1.4525,-5.1275,-3.255
10250,3472178,0.471164,-0.040992,-0.877668,1.645,-5.425,-3.0625
10251,3472275,0.465552,-0.049776,-0.8744961,1.89,-5.705,-2.8875
10252,3472372,0.460672,-0.05246,-0.87962,1.75,-5.81,-2.8
10253,3472470,0.462136,-0.05172801,-0.8764481,1.715,-5.8975,-2.8525
10254,3472567,0.461648,-0.048556,-0.8791321,1.54,-5.7575,-2.8875
10255,3472664,0.460428,-0.055632,-0.875716,1.61,-5.7575,-2.8
10256,3472762,0.457256,-0.05929201,-0.881572,1.3825,-5.88,-2.8175
10257,3472859,0.4575,-0.054168,-0.8801081,0.98,-5.67,-3.0275
10258,3472957,0.457256,-0.05978,-0.882548,0.5425,-5.1975,-3.3075
10259,3473054,0.44652,-0.063928,-0.88816,0.1575,-4.8125,-3.7275
10260,3473151,0.450424,-0.054656,-0.8893801,-0.63,-3.815,-4.2
10261,3473249,0.450912,-0.049532,-0.889136,-1.015,-2.6775,-4.48
10262,3473346,0.453352,-0.042456,-0.8888921,-1.2075,-1.5575,-4.4625
10263,3473444,0.461404,-0.03172,-0.881572,-1.3475,-0.175,-4.0075
10264,3473541,0.463356,-0.03538,-0.8791321,-1.0325,0.49,-3.4475
10265,3473638,0.47092,-0.04148,-0.875228,-0.6475,0.91,-2.94
10266,3473736,0.4636,-0.05124001,-0.877912,-0.4025,0.9275,-2.73
10267,3473833,0.46482,-0.040016,-0.8810841,-0.28,1.1025,-2.765
10268,3473931,0.468968,-0.042944,-0.885476,-0.0875,1.68,-2.415
10269,3474028,0.47336,-0.040504,-0.8784,0.14,2.345,-2.135
10270,3474125,0.474824,-0.045628,-0.87352,0.21,3.0275,-1.9425
10271,3474223,0.473848,-0.044652,-0.879376,0.28,3.8325,-1.925
10272,3474320,0.474092,-0.05587601,-0.882304,0.3675,4.83,-2.1
10273,3474418,0.467992,-0.046604,-0.889624,-0.14,6.3875,-2.6075
10274,3474515,0.467748,-0.027816,-0.897188,-0.35,8.855,-2.9225
10275,3474612,0.46726,-0.024644,-0.900848,-0.5075,12.18,-2.73
10276,3474710,0.454328,-0.017324,-0.924028,-1.12,16.8875,-1.715
10277,3474807,0.429196,-0.04026,-0.9333,-1.26,22.7675,-0.5425
10278,3474905,0.421876,-0.068076,-0.9001161,-1.4875,31.29,-0.07
10279,3475002,0.439932,-0.13176,-0.9562361,-4.935,42.77,-0.91
10280,3475099,0.430172,-0.098332,-0.946232,-2.8525,54.5475,-4.55
10281,3475197,0.440176,-0.138104,-0.9376921,-6.4925,68.0225,-10.57
10282,3475294,0.439688,-0.12566,-0.9525761,-6.3875,80.745,-15.925
10283,3475392,0.42944,-0.116632,-0.9394,-7.6825,95.8125,-21.8575
10284,3475489,0.419192,-0.09540401,-0.95648,-7.0525,112.56,-26.95
10285,3475586,0.407236,-0.07076001,-0.97966,-6.5275,132.6325,-30.9225
10286,3475684,0.386008,-0.081496,-0.990884,-4.5675,154.525,-34.2125
10287,3475781,0.35868,-0.089304,-1.019188,-2.94,178.43,-37.695
10288,3475879,0.32086,-0.079056,-1.036512,-0.455,204.89,-42.2275
10289,3475976,0.299632,-0.055632,-1.06872,2.1875,234.22,-47.8625
10290,3476073,0.343308,-0.023668,-1.0797,5.5475,265.23,-53.13
10291,3476171,0.379176,-0.009272001,-1.054568,8.89,297.325,-56.8225
10292,3476268,0.5838921,0.011956,-1.096048,7.735,331.3975,-60.41
10293,3476366,1.019676,0.047092,-1.283196,6.475,363.335,-59.535
10294,3476463,1.330532,-0.24034,-1.126304,16.4675,382.2525,-54.3725
10295,3476560,1.389092,-0.078812,-1.028216,-5.635,388.9025,-57.575
10296,3476658,1.518168,0.091256,-1.114836,-23.0475,387.59,-59.535
10297,3476755,1.672376,0.134444,-1.322724,-21.2625,358.015,-55.0025
10298,3476853,1.565016,0.149816,-1.078724,-2.38,300.5625,-40.7925
10299,3476950,1.574776,0.072956,-1.178276,13.0725,245.245,-26.7575
10300,3477047,1.036512,-0.241804,-0.7556681,36.96,189.0,-10.815
10301,3477145,0.523136,0.359412,-1.7568,-2.5375,134.7675,-7.63
10302,3477242,1.76656,-0.693448,-2.511492,-8.155,8.26,29.19
10303,3477339,-0.298412,-0.533384,-2.05448,-13.405,-97.5275,74.235
10304,3477437,-0.71736,0.406016,-1.260016,-90.615,-163.7475,66.4825
10305,3477534,-0.598288,0.71126,-1.112884,-76.4925,-158.34,83.0025
10306,3477632,-0.449692,0.582672,-1.072624,-16.5375,-152.775,97.51
10307,3477729,-0.260348,0.35624,-1.099952,16.66,-157.15,100.135
10308,3477826,-0.14762,0.282552,-1.077748,11.97,-175.245,92.015
10309,3477924,-0.09052401,0.286456,-0.995764,-5.775,-198.6075,78.34751
10310,3478021,-0.066124,0.29036,-0.884012,-22.6275,-217.98,66.46501
10311,3478119,0.007076001,0.286212,-0.8052,-35.63,-229.46,57.4525
10312,3478216,0.120536,0.218136,-0.75274,-44.765,-235.375,51.73
10313,3478313,0.269132,0.138348,-0.7571321,-55.8075,-238.7875,47.7925
10314,3478411,0.427244,0.103456,-0.764696,-70.2625,-241.3425,43.8375
10315,3478508,0.539484,0.07564,-0.756644,-84.98,-245.0875,39.13
10316,3478606,0.624396,0.084912,-0.7407841,-97.7375,-246.085,33.11
10317,3478703,0.735172,0.09150001,-0.7564001,-107.2225,-241.99,25.9525
10318,3478800,0.8957241,0.113948,-0.781532,-112.9975,-235.1825,17.185
10319,3478898,1.093852,0.101504,-0.8127641,-115.0275,-228.7425,6.685
10320,3478995,1.390312,0.041968,-0.854732,-115.92,-223.3,-6.02
10321,3479093,1.655296,-0.028548,-0.818132,-115.64,-223.3175,-19.075
10322,3479190,1.84464,-0.160308,-0.6558721,-113.575,-227.3775,-29.575
10323,3479287,1.9886,-0.249124,-0.476776,-113.7325,-226.7125,-35.3675
10324,3479385,2.13866,-0.234972,-0.382348,-114.4325,-217.595,-33.705
10325,3479482,2.24114,-0.2379,-0.293044,-104.93,-206.8675,-24.815
10326,3479580,2.330444,-0.253272,-0.16348,-87.9375,-197.0675,-14.1575
10327,3479677,2.366068,-0.299388,0.040992,-68.74,-186.4275,-6.02
10328,3479774,2.323124,-0.314516,0.301584,-51.0475,-173.6525,-0.875
10329,3479872,2.297016,-0.293044,0.510692,-36.82,-153.195,2.5025
10330,3479969,2.253828,-0.31232,0.634644,-22.8375,-129.36,6.5625
10331,3480067,2.196488,-0.334524,0.6456241,-12.67,-105.9275,12.425
10332,3480164,2.160132,0.046604,0.479948,-5.1625,-84.735,20.1425
10333,3480261,2.154764,0.041236,0.666608,45.3425,-63.4375,35.28
10334,3480359,1.825852,-0.252052,0.650748,102.48,-33.2675,49.1225
10335,3480456,0.218136,-0.058804,-1.140944,123.1125,-15.12,24.57
10336,3480554,-0.88816,-1.138504,-2.174284,151.9525,18.2175,3.885
10337,3480651,-0.528016,-2.347768,-0.744688,145.95,52.1325,14.2625
10338,3480748,2.176968,-0.941108,-1.270264,-8.925,130.83,27.125
10339,3480846,1.40178,0.410896,-1.412272,-32.34,83.1775,31.0625
10340,3480943,0.464576,1.235372,-1.104588,-21.105,26.8275,18.3225
10341,3481040,0.336476,0.896212,-0.837408,27.02,26.46,-0.5075
10342,3481138,0.50874,-0.131028,-0.9140241,72.9925,34.2125,-4.06
10343,3481235,0.288408,-0.843752,-0.807152,86.4675,25.3575,4.7075
10344,3481333,0.404064,-0.67832,-0.829356,55.37,27.6675,5.11
10345,3481430,0.772748,0.043188,-1.077016,8.61,30.0475,-6.0375
10346,3481527,0.8764481,0.24888,-0.960384,6.65,19.5475,-6.02
10347,3481625,0.585844,0.171044,-0.8869401,25.13,8.1375,3.115
10348,3481722,0.508252,-0.108092,-0.90646,37.2225,6.475,9.8875
10349,3481820,0.499956,-0.258152,-0.8954801,35.2275,5.705,11.3925
10350,3481917,0.461648,-0.056608,-0.8764481,20.86,3.85,9.38
10351,3482014,0.448228,0.08052,-0.9106081,13.79,1.68,8.0325
10352,3482112,0.48678,-0.022448,-0.8862081,14.8575,-0.525,7.7525
10353,3482209,0.52582,-0.034892,-0.888404,11.9,-3.64,6.8425
10354,3482307,0.5594921,-0.022448,-0.8845,7.9275,-5.3025,4.6025
10355,3482404,0.535336,-0.06636801,-0.876204,6.5275,-7.245,2.2925
10356,3482501,0.50874,-0.071004,-0.877912,4.9,-8.19,0.21
10357,3482599,0.498248,-0.046604,-0.890112,2.485,-7.7525,-1.785
10358,3482696,0.531188,-0.08052,-0.8679081,1.2075,-6.545,-3.9725
10359,3482794,0.502152,-0.07442,-0.868884,-0.7525,-6.335,-6.055
10360,3482891,0.478728,-0.049288,-0.870104,-2.205,-6.79,-7.2975
10361,3482988,0.482876,-0.051484,-0.864736,-2.415,-6.7375,-8.0675
10362,3483086,0.492392,-0.02928,-0.863028,-3.43,-6.9825,-8.82
10363,3483183,0.48678,-0.0122,-0.865956,-4.2875,-7.2275,-9.065
10364,3483280,0.480192,-0.011468,-0.8615641,-4.6025,-7.875,-9.03
10365,3483378,0.4941,-0.008052001,-0.8698601,-5.355,-8.1725,-9.1175
10366,3483475,0.480192,-0.008784,-0.882548,-5.6875,-9.3275,-8.75
10367,3483573,0.482632,-0.027084,-0.8723001,-5.3375,-9.38,-8.2075
10368,3483670,0.465308,-0.016348,-0.877912,-5.67,-9.31,-7.9275
10369,3483767,0.4697,-0.036112,-0.877668,-5.1625,-8.8725,-7.6475
10370,3483865,0.472384,-0.026352,-0.8791321,-5.4075,-8.295,-7.945
10371,3483962,0.484096,-0.010736,-0.876204,-6.055,-7.8575,-8.33
10372,3484060,0.485804,-0.004636001,-0.8769361,-5.775,-7.2625,-7.9275
10373,3484157,0.494588,-0.01098,-0.879376,-4.865,-7.1575,-7.14
10374,3484255,0.5119121,-0.007076001,-0.8784,-4.8475,-6.755,-6.5275
10375,3484352,0.508496,0.010492,-0.8698601,-4.2175,-6.5625,-5.5825
10376,3484449,0.49288,0.000732,-0.8625401,-2.4675,-6.2825,-4.34
10377,3484547,0.481656,0.018544,-0.868152,0.1575,-5.95,-2.94
10378,3484644,0.477752,0.016348,-0.858392,2.8,-6.02,-1.33
10379,3484741,0.475068,0.013664,-0.86742,4.4975,-6.405,0.07
10380,3484839,0.478972,-0.000976,-0.877424,5.5475,-6.79,1.0325
10381,3484936,0.48922,-0.016104,-0.87718,5.3375,-6.7375,1.26
10382,3485034,0.4941,-0.020496,-0.8725441,4.655,-6.51,1.0675
10383,3485131,0.492636,-0.022936,-0.8698601,3.64,-6.0725,0.385
10384,3485228,0.493612,-0.01708,-0.869616,2.73,-5.81,-0.2275
10385,3485326,0.488732,-0.028792,-0.872788,2.5025,-5.565,-0.6475
10386,3485423,0.4933681,-0.02928,-0.870592,2.205,-5.285,-1.05
10387,3485521,0.492636,-0.036112,-0.87474,1.645,-5.11,-1.645
10388,3485618,0.493124,-0.028304,-0.874984,0.63,-4.8475,-2.5025
10389,3485715,0.49898,-0.018788,-0.8791321,-0.035,-4.41,-3.0275
10390,3485813,0.493124,-0.013908,-0.8679081,-0.455,-4.305,-3.22
10391,3485910,0.466284,-0.002684,-0.869372,-0.4375,-4.2,-3.22
10392,3486008,0.466528,-0.000488,-0.870592,-0.035,-4.095,-3.255
10393,3486105,0.467748,0.002684,-0.8676641,0.2625,-4.305,-3.0975
10394,3486202,0.4553041,-0.00122,-0.869372,0.4725,-4.8825,-2.87
10395,3486300,0.437004,0.008540001,-0.870104,0.7875,-5.4775,-2.835
10396,3486397,0.42456,0.007320001,-0.8698601,1.4175,-5.775,-2.5375
10397,3486495,0.449448,0.007564001,-0.8708361,2.17,-5.8275,-2.0125
10398,3486592,0.476044,-0.009272001,-0.8676641,3.22,-5.8625,-1.4875
10399,3486689,0.485072,-0.01708,-0.8744961,3.4475,-6.3525,-1.1025
10400,3486787,0.476532,-0.011468,-0.8703481,3.6925,-6.6675,-0.875
10401,3486884,0.469456,-0.020008,-0.86742,3.99,-6.5975,-0.7875
10402,3486982,0.452376,-0.016104,-0.87352,3.99,-6.685,-0.8925
10403,3487079,0.45018,-0.0122,-0.8744961,4.0425,-6.4575,-1.0675
10404,3487176,0.458232,-0.006832001,-0.8769361,4.2525,-6.055,-1.155
10405,3487274,0.46726,-0.0122,-0.87352,4.655,-5.8625,-1.19
10406,3487371,0.475556,-0.016592,-0.875472,4.6725,-5.845,-1.1725
10407,3487469,0.476776,-0.016836,-0.873276,4.5325,-6.09,-1.2425
10408,3487566,0.48434,-0.02196,-0.87352,4.235,-6.1425,-1.2775
10409,3487663,0.473848,-0.02196,-0.8713241,3.9725,-6.3875,-1.2425
10410,3487761,0.45384,-0.015372,-0.870592,3.5,-6.51,-1.4175
10411,3487858,0.447984,-0.008784,-0.87352,3.3075,-6.615,-1.6275
10412,3487956,0.4575,-0.012688,-0.8718121,3.22,-6.5625,-1.6975
10413,3488053,0.439932,-0.008052001,-0.8820601,2.9575,-6.685,-1.715
10414,3488150,0.449448,-0.003416,-0.8805961,3.36,-6.7375,-1.4525
10415,3488248,0.483852,-0.012932,-0.8725441,3.8675,-6.5275,-0.8575
10416,3488345,0.480192,-0.016592,-0.87474,4.7425,-7.14,-0.175
10417,3488443,0.489708,-0.01342,-0.8764481,4.9175,-7.4025,0.3325
10418,3488540,0.488488,-0.031476,-0.870104,5.355,-7.5775,0.595
10419,3488637,0.465064,-0.016104,-0.8769361,4.76,-7.9975,0.6475
10420,3488735,0.466528,-0.018788,-0.87718,4.375,-8.3125,0.665
10421,3488832,0.45262,-0.01586,-0.884012,3.9025,-8.3475,0.6475
10422,3488930,0.444324,-0.010004,-0.891088,3.4475,-8.2075,0.77
10423,3489027,0.460184,-0.017568,-0.8842561,3.6925,-7.6825,1.4525
10424,3489124,0.476044,-0.0183,-0.881328,4.4975,-7.6125,2.205
10425,3489222,0.482144,-0.018788,-0.8764481,5.145,-7.945,2.8875
10426,3489319,0.483852,-0.022692,-0.8713241,5.6875,-8.4175,3.395
10427,3489416,0.472872,-0.020984,-0.8810841,5.81,-8.995,3.85
10428,3489514,0.46604,-0.011224,-0.88816,6.1775,-9.3625,4.2525
10429,3489611,0.463844,-0.027084,-0.898896,6.2825,-8.8725,4.4275
10430,3489709,0.4575,-0.003416,-0.89792,5.6875,-7.8925,3.78
10431,3489806,0.456768,0.023912,-0.9018241,4.97,-6.16,3.5525
10432,3489904,0.4594521,0.02562,-0.8940161,6.7025,-4.7075,5.11
10433,3490001,0.463356,0.00122,-0.8845,8.3125,-4.06,7.315
10434,3490098,0.459696,-0.011224,-0.890112,8.33,-3.1675,8.6275
10435,3490196,0.45384,-0.01342,-0.898652,7.35,-0.4375,8.995
10436,3490293,0.457744,-0.044652,-0.9023121,5.9675,3.7975,9.03
10437,3490391,0.460916,-0.06539201,-0.9042641,4.095,9.0825,8.82
10438,3490488,0.461648,-0.0732,-0.9098761,1.82,15.33,8.3825
10439,3490585,0.453596,-0.022204,-0.9567241,-0.3325,22.96,7.7
10440,3490683,0.423828,-0.068076,-0.934276,0.5425,31.1325,8.3125
10441,3490780,0.44408,-0.082472,-0.952332,1.855,41.4925,7.875
10442,3490878,0.4026,-0.12688,-0.894748,3.675,51.2225,5.635
10443,3490975,0.4636,-0.058316,-0.926712,-1.1025,63.8925,1.085
10444,3491072,0.437248,-0.076616,-0.930616,1.89,73.64,-1.575
10445,3491170,0.447984,-0.085888,-0.935496,2.6775,86.66,-4.9
10446,3491267,0.430172,-0.094916,-0.961116,4.3225,102.2875,-8.8725
10447,3491365,0.442372,-0.08442401,-0.974536,6.1775,121.0475,-13.37
10448,3491462,0.443836,-0.048068,-1.006256,9.625,142.17,-17.3775
10449,3491559,0.443836,-0.030256,-1.030656,16.5025,165.0775,-19.81
10450,3491657,0.426756,0.012688,-1.065792,23.7475,189.77,-20.195
10451,3491754,0.452864,0.086864,-1.08092,31.5,215.7575,-17.71
10452,3491852,0.449204,0.10614,-1.085312,42.315,241.4475,-10.7975
10453,3491949,0.455792,0.177632,-1.092144,52.1675,267.995,-0.0525
10454,3492046,0.448472,0.211792,-1.10166,64.82,295.6275,13.86
10455,3492144,0.512888,0.184464,-1.095804,80.01,324.8875,27.93
10456,3492241,0.561444,0.186904,-1.107516,92.75001,358.3125,40.18
10457,3492339,0.812032,0.073932,-1.143384,100.66,392.175,48.51
10458,3492436,0.997472,-0.10248,-0.945012,104.6675,418.32,49.6825
10459,3492533,1.29808,-0.549,-0.788608,112.14,430.3075,44.1
10460,3492631,1.826096,-0.346968,-0.9345201,92.61001,421.155,28.9975
10461,3492728,2.029348,-0.282308,-1.053836,87.01,387.73,23.6775
10462,3492826,1.976156,-0.260104,-1.2444,95.2175,331.0125,28.9625
10463,3492923,1.743136,0.083448,-1.25782,95.1825,264.2325,30.6425
10464,3493020,1.147044,0.203984,-1.008208,118.195,202.44,35.56
10465,3493118,0.793,0.494344,-0.911096,127.645,146.23,29.33
10466,3493215,0.199104,-0.408944,-0.629276,170.135,80.675,25.305
10467,3493313,2.431704,-1.350784,-3.79786,87.5525,14.4375,29.715
10468,3493410,-0.353068,-0.173484,-1.394704,-42.4025,-149.3625,11.375
10469,3493507,-0.280356,0.930128,-1.374452,-141.12,-214.445,-21.595
10470,3493605,-0.476776,1.043832,-0.9042641,-74.2175,-204.925,-17.0275
10471,3493702,-0.203008,0.715164,-0.919392,13.8075,-186.2175,-9.7125
10472,3493800,0.038552,0.12322,-0.9372041,68.215,-181.7025,1.8025
10473,3493897,0.133468,-0.203984,-0.9289081,56.665,-197.75,6.9825
10474,3493994,0.154452,-0.169092,-0.9098761,6.7375,-221.375,6.3875
10475,3494092,0.174216,0.001464,-0.878888,-38.535,-242.655,8.3825
10476,3494189,0.2318,0.081496,-0.8291121,-61.495,-258.72,13.79
10477,3494286,0.340624,0.06539201,-0.77104,-69.93,-270.6725,20.195
10478,3494384,0.414312,0.025376,-0.702476,-76.2475,-281.4525,24.7975
10479,3494481,0.49166,-0.033184,-0.661972,-84.7875,-288.19,25.445
10480,3494579,0.592188,-0.111996,-0.6466,-95.445,-290.5175,22.225
10481,3494676,0.695644,-0.17934,-0.625128,-108.15,-290.8325,17.815
10482,3494773,0.7659161,-0.200812,-0.635132,-121.94,-289.0825,12.8625
10483,3494871,0.8410681,-0.211792,-0.659532,-132.09,-282.835,7.14
10484,3494968,0.9191481,-0.27328,-0.651236,-136.36,-272.1425,2.2575
10485,3495066,0.979172,-0.303048,-0.600972,-140.7525,-257.4425,0.2275
10486,3495163,1.1956,-0.217404,-0.669048,-146.055,-234.605,0.805
10487,3495260,1.599664,-0.212768,-0.85644,-138.4075,-211.2425,4.2875
10488,3495358,1.937116,-0.331352,-0.9335441,-124.425,-204.3825,8.3125
10489,3495455,2.013244,-0.459208,-0.748836,-117.53,-213.0625,7.1225
10490,3495553,1.951268,-0.452376,-0.4553041,-122.8675,-217.385,0.4025
10491,3495650,1.967616,-0.4023561,-0.224968,-128.1525,-204.435,-7.105
10492,3495747,2.131096,-0.364048,-0.133956,-124.705,-180.4425,-13.5275
10493,3495845,2.32898,-0.362828,-0.03294,-110.32,-158.76,-18.9175
10494,3495942,2.358504,-0.383812,0.165188,-87.88501,-144.34,-22.015
10495,3496039,2.251388,-0.36478,0.3843,-64.6625,-129.3775,-23.0125
10496,3496137,2.13988,-0.354288,0.533384,-43.33,-109.27,-21.595
10497,3496234,2.116944,-0.345748,0.578036,-26.53,-85.3825,-17.6575
10498,3496332,2.090104,-0.31476,0.58072,-15.5925,-63.525,-13.0725
10499,3496429,2.005192,-0.255712,0.597068,-8.3825,-46.2175,-9.765
10500,3496526,1.89466,-0.247172,0.580232,-3.185,-29.1725,-6.825
10501,3496624,1.583316,0.322568,0.345748,7.5075,-13.65,-10.9025
10502,3496721,1.617232,-0.007076001,0.007808001,71.4175,5.9675,-16.275
10503,3496819,0.537044,-0.610488,-0.430416,111.93,17.1675,-20.93
10504,3496916,-1.778516,-0.2196,-2.639348,88.2,19.355,-47.53
10505,3497013,-1.786568,-1.020164,-4.369552,132.3,40.95,-36.365
10506,3497111,0.232288,-4.834128,0.279624,241.9025,67.34001,61.0575
10507,3497208,1.791448,-1.564284,0.321836,-51.1175,87.7975,64.575
10508,3497306,1.649928,1.423008,-2.057408,-187.39,108.4125,18.2525
10509,3497403,0.7259001,1.373476,-1.410808,-42.4025,41.72,47.2675
10510,3497500,0.454084,1.386652,-0.7612801,2.87,13.825,16.6075
10511,3497598,0.48556,0.528748,-0.893772,49.735,21.9975,-3.6225
10512,3497695,0.278404,-0.800564,-0.8044681,99.75,23.5725,9.205
10513,3497793,0.305732,-0.696864,-0.81984,67.7775,21.8225,11.445
10514,3497890,0.7134561,-0.046848,-1.047736,21.5075,25.095,2.3975
10515,3497987,0.7285841,0.086132,-0.953308,4.9,9.8875,-2.1525
10516,3498085,0.540948,-0.024644,-0.903288,8.1375,-2.52,0.0175
10517,3498182,0.515084,-0.027084,-0.9254921,6.265,-2.6775,1.6275
10518,3498280,0.510204,0.008052001,-0.8949921,5.285,-4.6375,3.395
10519,3498377,0.531676,-0.04026,-0.886452,9.135,-4.725,5.9675
10520,3498474,0.482144,-0.030012,-0.87962,11.41,-6.475,7.8225
10521,3498572,0.471164,-0.028792,-0.8698601,10.22,-7.98,8.3125
10522,3498669,0.481412,-0.043676,-0.872056,9.1875,-9.38,8.19
10523,3498767,0.522404,-0.08637601,-0.878888,7.07,-9.6775,7.035
10524,3498864,0.524112,-0.126392,-0.87352,5.4775,-9.5725,4.3575
10525,3498961,0.49288,-0.1342,-0.8759601,3.2025,-8.75,1.0675
10526,3499059,0.486536,-0.090768,-0.8718121,0.42,-7.28,-2.0825
10527,3499156,0.500444,-0.09540401,-0.864736,-1.5925,-6.5275,-4.48
10528,3499254,0.50386,-0.081496,-0.8637601,-2.9575,-6.6675,-6.125
10529,3499351,0.492148,-0.062952,-0.869372,-4.1825,-7.175,-6.9125
10530,3499448,0.491172,-0.035136,-0.8764481,-4.62,-7.4025,-7.2975
10531,3499546,0.492392,-0.01708,-0.869128,-4.6375,-7.7,-7.0875
10532,3499643,0.485316,-0.01464,-0.870592,-4.4975,-8.085,-6.5975
10533,3499741,0.4743361,-0.02318,-0.869616,-4.4275,-8.575,-6.44
10534,3499838,0.452864,-0.031232,-0.8718121,-4.9175,-9.0825,-6.475
10535,3499935,0.454084,-0.042456,-0.8764481,-5.4075,-9.52,-6.615
10536,3500033,0.46482,-0.047336,-0.879864,-4.4275,-9.52,-5.985
10537,3500130,0.47824,-0.029036,-0.8801081,-2.3625,-9.205,-4.375
10538,3500227,0.490196,-0.022204,-0.8810841,-0.5775,-8.6625,-2.94
10539,3500325,0.485804,-0.013664,-0.881328,1.3475,-8.2425,-1.575
10540,3500422,0.490928,-0.00122,-0.878888,3.1675,-7.9275,-0.1925
10541,3500520,0.484584,-0.0183,-0.882304,5.11,-7.8225,0.8575
10542,3500617,0.471408,-0.024888,-0.887184,6.65,-7.84,1.6975
10543,3500714,0.48312,-0.011956,-0.8903561,8.33,-7.3675,2.695
10544,3500812,0.5023961,-0.011956,-0.877912,10.0275,-6.8425,4.06
10545,3500909,0.489952,-0.01952,-0.876204,9.9225,-6.6325,4.865
10546,3501007,0.486292,-0.01098,-0.890112,8.015,-5.6875,5.4075
10547,3501104,0.504592,-0.018544,-0.883768,6.895,-4.3925,6.1425
10548,3501201,0.49898,-0.029036,-0.885964,6.44,-4.4275,6.7375
10549,3501299,0.4941,-0.028548,-0.8842561,6.755,-4.2875,7.595
10550,3501396,0.476532,-0.034892,-0.87718,6.8075,-3.6925,8.505
10551,3501494,0.458476,-0.050264,-0.8801081,6.9825,-2.8175,9.415
10552,3501591,0.47336,-0.068076,-0.866688,7.3675,-2.38,9.485
10553,3501688,0.468724,-0.07856801,-0.870592,7.5075,-3.0275,8.8725
10554,3501786,0.46726,-0.075396,-0.874252,7.4725,-3.64,7.9625
10555,3501883,0.474092,-0.07515201,-0.875716,7.6475,-4.0425,7.1225
10556,3501981,0.479948,-0.059048,-0.874252,7.5775,-4.1825,6.5625
10557,3502078,0.470188,-0.05734,-0.875716,7.1925,-4.0775,6.4575
10558,3502175,0.45384,-0.08174001,-0.866932,7.6825,-4.4275,6.2125
10559,3502273,0.468968,-0.063196,-0.875228,7.455,-4.48,5.53
10560,3502370,0.467748,-0.069296,-0.871568,7.9275,-4.9175,5.0575
10561,3502468,0.454084,-0.076616,-0.86864,8.4525,-5.215,4.8475
10562,3502565,0.4594521,-0.073444,-0.868884,7.91,-5.2325,4.3225
10563,3502662,0.46604,-0.08100801,-0.8744961,7.7875,-5.39,3.815
10564,3502760,0.456036,-0.091256,-0.8642481,8.1025,-6.02,3.3075
10565,3502857,0.44652,-0.09442801,-0.870592,7.5425,-6.0375,2.695
10566,3502955,0.438956,-0.091256,-0.868884,6.685,-5.8275,1.855
10567,3503052,0.4575,-0.085888,-0.8679081,5.495,-5.7225,1.015
10568,3503149,0.462868,-0.087352,-0.868396,4.9525,-6.195,0.315
10569,3503247,0.459696,-0.06539201,-0.876204,4.1475,-6.5275,-0.245
10570,3503344,0.467504,-0.06344,-0.873764,4.2175,-6.615,-0.245
10571,3503442,0.45018,-0.07417601,-0.868396,4.6375,-7.105,-0.105
10572,3503539,0.454328,-0.068564,-0.8725441,4.34,-7.56,-0.14
10573,3503636,0.474824,-0.058316,-0.877912,4.2875,-7.9625,0.035
10574,3503734,0.476776,-0.08442401,-0.868396,4.97,-8.3475,0.455
10575,3503831,0.460184,-0.08174001,-0.8740081,4.62,-8.4525,0.6475
10576,3503929,0.45018,-0.089792,-0.8698601,4.2875,-8.4175,0.56
10577,3504026,0.463844,-0.09052401,-0.866688,3.7975,-8.3475,0.35
10578,3504123,0.444568,-0.108336,-0.86132,3.4825,-8.435,-0.14
10579,3504221,0.42822,-0.10248,-0.8679081,2.52,-8.9425,-1.155
10580,3504318,0.45628,-0.087352,-0.873276,1.4875,-8.8725,-2.135
10581,3504415,0.4392,-0.082716,-0.872788,1.505,-9.2925,-2.7125
10582,3504513,0.451888,-0.073688,-0.881816,1.4,-9.7825,-3.115
10583,3504610,0.475068,-0.06222,-0.880352,1.4175,-9.7475,-2.905
10584,3504708,0.46116,-0.064416,-0.878888,2.17,-10.045,-2.31
10585,3504805,0.4575,-0.0732,-0.875228,2.555,-9.94,-1.575
10586,3504902,0.4209,-0.090768,-0.868396,2.59,-10.57,-1.3825
10587,3505000,0.427,-0.07832401,-0.878156,1.68,-11.34,-1.89
10588,3505097,0.42944,-0.08564401,-0.87352,1.0675,-11.8825,-2.275
10589,3505195,0.399672,-0.08808401,-0.87718,0.7525,-13.1425,-2.975
10590,3505292,0.438224,-0.081496,-0.889136,-0.56,-13.5275,-3.9725
10591,3505389,0.471164,-0.069296,-0.888648,-0.6125,-13.1075,-5.0575
10592,3505487,0.48312,-0.036112,-0.898652,-0.5425,-12.5125,-5.1275
10593,3505584,0.459208,-0.077836,-0.8847441,0.9275,-11.2525,-3.64
10594,3505682,0.44286,-0.052704,-0.924516,0.8925,-8.435,-3.1675
10595,3505779,0.456768,0.085888,-0.949404,-0.9625,-3.5525,-3.0975
10596,3505876,0.442372,0.057584,-0.9250041,2.2225,0.6125,0.35
10597,3505974,0.415288,-0.035136,-0.9089001,6.0025,3.605,5.145
10598,3506071,0.422364,-0.10858,-0.9052401,6.825,7.4375,7.7525
10599,3506169,0.442128,-0.16714,-0.912804,6.9475,13.265,8.33
10600,3506266,0.426512,-0.121268,-0.9403761,4.06,21.7875,6.93
10601,3506363,0.492636,-0.083936,-0.926224,1.785,33.0225,6.3175
10602,3506461,0.385032,-0.043432,-0.980148,0.91,45.6925,7.42
10603,3506558,0.348432,-0.09613601,-1.059204,-0.4375,62.09,9.555
10604,3506656,0.355508,-0.064416,-1.121424,3.9025,84.35,8.3825
10605,3506753,0.318908,-0.170068,-1.092388,10.7625,111.0375,3.85
10606,3506850,0.322812,-0.134688,-1.195112,15.0675,143.4475,-3.22
10607,3506948,0.310612,-0.107604,-1.19194,27.8775,181.2825,-11.305
10608,3507045,0.2928,-0.027816,-1.242692,39.515,223.51,-17.395
10609,3507143,0.254248,0.08442401,-1.325164,57.33,269.3425,-18.34
10610,3507240,0.254736,0.183976,-1.369816,81.9875,315.63,-10.8675
10611,3507337,0.355264,0.1037,-1.24928,111.65,353.185,5.775
10612,3507435,0.518744,0.121512,-1.239032,127.47,380.905,24.185
10613,3507532,0.772748,0.124684,-1.237324,140.9975,398.7025,42.0175
10614,3507630,0.891088,-0.110044,-1.14802,163.5725,409.5875,57.3825
10615,3507727,1.23464,-0.233508,-0.9679481,166.5125,413.6475,57.05
10616,3507824,1.440332,-0.159576,-0.9943001,151.7075,409.0275,51.065
10617,3507922,1.68482,-0.056608,-1.147044,155.3125,385.5425,55.79
10618,3508019,1.555988,-0.590968,-1.37372,187.355,337.3125,66.675
10619,3508117,1.265628,-0.20618,-1.181204,171.7625,276.395,45.15
10620,3508214,0.80154,0.333304,-0.735904,130.1475,226.135,18.41
10621,3508311,0.7854361,0.177144,-0.625372,143.5525,179.2875,10.9375
10622,3508409,0.155672,-0.6563601,-0.53192,150.01,115.745,8.9425
10623,3508506,1.78974,-0.888648,-3.099532,7.315,35.1925,-5.7925
10624,3508604,-0.30378,0.671976,-1.477176,-103.2675,-124.215,-40.2675
10625,3508701,-0.292068,0.9901521,-1.206336,-111.51,-155.19,-48.7375
10626,3508798,-0.447984,0.721508,-0.8476561,-23.8525,-155.925,-38.4475
10627,3508896,-0.17446,0.274988,-0.8471681,23.3625,-140.4025,-31.8325
10628,3508993,0.026352,-0.077348,-0.913536,24.1325,-142.2225,-24.78
10629,3509091,0.12078,-0.133956,-0.9952761,-14.0175,-158.795,-20.5275
10630,3509188,0.194712,0.032696,-1.03334,-57.4875,-180.6,-14.6125
10631,3509285,0.242292,0.148596,-0.9921041,-80.5875,-201.775,-4.76
10632,3509383,0.272304,0.139568,-0.8967,-86.975,-218.925,5.8975
10633,3509480,0.29402,0.070516,-0.79056,-92.55751,-230.615,11.865
10634,3509578,0.362828,-0.00976,-0.747128,-104.405,-236.1275,10.43
10635,3509675,0.511668,-0.036844,-0.788608,-121.205,-237.6325,2.485
10636,3509772,0.671488,-0.060268,-0.850096,-134.1375,-241.5,-7.805
10637,3509870,0.81618,-0.10004,-0.913048,-139.72,-247.975,-18.1125
10638,3509967,0.920368,-0.149816,-0.9228081,-138.46,-255.815,-27.58
10639,3510065,0.9252481,-0.279868,-0.858636,-131.635,-264.18,-35.6475
10640,3510162,0.968924,-0.453108,-0.814472,-127.3125,-265.3875,-43.0675
10641,3510259,1.10166,-0.596336,-0.819108,-129.885,-260.085,-48.3525
10642,3510357,1.260748,-0.65026,-0.80764,-136.4825,-254.17,-49.595
10643,3510454,1.444968,-0.626836,-0.776896,-136.605,-248.08,-45.9725
10644,3510552,1.683112,-0.671488,-0.705648,-122.6225,-240.4675,-36.855
10645,3510649,1.854888,-0.782264,-0.5702281,-101.1675,-232.5925,-24.2725
10646,3510746,1.96542,-0.781532,-0.418216,-86.835,-222.8975,-12.2675
10647,3510844,2.044476,-0.653432,-0.296704,-76.5625,-209.335,-3.4125
10648,3510941,2.131584,-0.567788,-0.227652,-61.95,-193.4275,2.4325
10649,3511039,2.237724,-0.542168,-0.141764,-46.935,-178.6575,3.71
10650,3511136,2.2631,-0.404796,-0.001952,-37.6775,-168.56,0.9625
10651,3511233,2.195268,-0.249124,0.203252,-25.655,-158.375,-2.45
10652,3511331,2.1411,-0.184708,0.38308,-8.33,-144.0075,-4.655
10653,3511428,2.033252,-0.171532,0.509228,5.32,-127.6625,-7.42
10654,3511526,1.9154,-0.138592,0.580476,10.7625,-109.3225,-11.865
10655,3511623,1.8178,-0.110044,0.6034121,11.4625,-87.7975,-16.17
10656,3511720,1.767292,-0.077104,0.56852,10.6575,-64.155,-19.9675
10657,3511818,1.587464,-0.024156,0.480924,10.9725,-41.1775,-23.7825
10658,3511915,0.851072,0.748836,0.22936,28.9625,-23.52,-42.945
10659,3512012,0.4697,0.5002,-1.163392,93.625,-5.6875,-53.8125
10660,3512110,-0.859856,-0.7747001,-1.842688,182.805,-13.125,-45.0275
10661,3512207,-1.943216,-1.608448,-1.505236,159.3725,5.985,-71.8725
10662,3512305,-0.676124,-1.53232,-0.204716,52.675,72.6075,-96.2325
10663,3512402,1.234884,-0.9381801,-0.559248,-17.325,148.505,-74.6025
10664,3512500,1.521584,-1.262212,-1.030168,27.8425,151.55,-10.7625
10665,3512597,1.156804,-0.737612,-1.492304,15.05,113.4,31.4125
10666,3512694,0.902556,0.311344,-1.303204,-27.3525,83.65001,26.285
10667,3512792,0.716628,0.730292,-0.9357401,-24.22,62.405,11.76
10668,3512889,0.5690081,0.398696,-0.892552,2.695,57.645,-5.565
10669,3512987,0.456768,-0.211792,-0.893284,19.7575,56.385,-17.92
10670,3513084,0.91744,-1.12606,-1.767536,14.0525,52.36,-17.815
10671,3513181,0.923052,-0.5673,-0.659776,-26.9675,21.9275,-13.09
10672,3513279,0.349164,0.957944,-0.9501361,-58.135,-10.99,-15.82
10673,3513376,0.9716081,0.482144,-1.139724,-17.255,16.7125,-11.97
10674,3513474,0.366976,-0.240584,-0.73688,25.2875,-11.1825,-0.07
10675,3513571,0.449204,-0.09150001,-0.902068,11.0775,-3.115,1.505
10676,3513668,0.431392,0.128588,-0.912804,1.2425,-2.345,0.8575
10677,3513766,0.50508,0.033916,-0.892064,4.27,-5.7225,3.0975
10678,3513863,0.513376,-0.029524,-0.8744961,6.195,-7.4375,5.8975
10679,3513961,0.482388,-0.050752,-0.877424,4.48,-9.6775,6.93
10680,3514058,0.495564,-0.110776,-0.863516,4.095,-10.6225,6.685
10681,3514155,0.509228,-0.116388,-0.851072,2.8175,-11.34,4.9
10682,3514253,0.522892,-0.08442401,-0.875472,0.1925,-11.7775,2.59
10683,3514350,0.5458281,-0.118828,-0.8620521,0.0,-11.5675,0.3325
10684,3514448,0.547536,-0.115656,-0.863516,-0.9975,-11.2,-2.03
10685,3514545,0.494832,-0.068076,-0.8784,-2.2225,-10.5875,-3.5875
10686,3514642,0.487024,-0.058072,-0.868396,-2.38,-9.555,-4.235
10687,3514740,0.499468,-0.042944,-0.869616,-3.01,-8.6625,-4.76
10688,3514837,0.516792,-0.013908,-0.861808,-3.605,-8.4175,-5.18
10689,3514935,0.50386,-0.007320001,-0.876204,-3.4125,-8.6625,-5.04
10690,3515032,0.4933681,-0.020496,-0.86742,-2.415,-9.135,-4.7075
10691,3515129,0.495808,-0.024156,-0.874252,-2.4325,-8.715,-4.3575
10692,3515227,0.48556,-0.0549,-0.868152,-1.9075,-8.645,-4.27
10693,3515324,0.490928,-0.06222,-0.868884,-2.4325,-8.155,-4.83
10694,3515422,0.482144,-0.069296,-0.870592,-3.465,-7.56,-5.67
10695,3515519,0.466528,-0.051972,-0.879376,-4.2875,-7.0,-6.65
10696,3515616,0.470676,-0.063196,-0.8759601,-5.215,-6.09,-7.6475
10697,3515714,0.477996,-0.031476,-0.87474,-6.93,-5.2675,-8.9075
10698,3515811,0.490196,-0.023424,-0.87108,-9.0475,-4.9,-9.6775
10699,3515909,0.481168,-0.021716,-0.877424,-10.57,-5.0925,-9.8525
10700,3516006,0.48312,-0.02928,-0.883036,-12.0225,-4.9175,-10.0975
10701,3516104,0.486048,-0.029768,-0.896944,-13.2125,-4.2175,-10.1325
10702,3516201,0.47214,-0.043432,-0.9006041,-14.7175,-3.8675,-10.3075
10703,3516298,0.4697,-0.009516001,-0.882548,-16.94,-3.2375,-10.64
10704,3516396,0.471896,0.01586,-0.875228,-16.94,-3.36,-10.5525
10705,3516493,0.474092,0.02562,-0.873032,-15.05,-3.395,-9.975
10706,3516591,0.488732,0.031476,-0.869128,-13.2125,-3.3775,-9.0125
10707,3516688,0.499468,0.033428,-0.8615641,-10.92,-3.605,-7.98
10708,3516785,0.497272,0.03416,-0.858636,-8.855,-4.06,-6.86
10709,3516883,0.493856,0.022692,-0.8620521,-6.79,-4.2525,-5.985
10710,3516980,0.480436,0.006344,-0.86864,-5.285,-4.2525,-5.5125
10711,3517078,0.477996,-0.000976,-0.8703481,-4.6025,-4.27,-5.5125
10712,3517175,0.466772,-0.005612,-0.873764,-4.06,-4.4975,-5.74
10713,3517272,0.469212,-0.004636001,-0.8718121,-3.815,-4.41,-6.02
10714,3517370,0.46726,-0.00122,-0.8769361,-3.9375,-4.3575,-6.1425
10715,3517467,0.472628,-0.001952,-0.87718,-4.0425,-4.3225,-6.4225
10716,3517565,0.463112,0.003172,-0.873276,-4.8125,-4.235,-6.6675
10717,3517662,0.445788,0.015372,-0.8759601,-4.62,-4.445,-6.5625
10718,3517759,0.457012,0.021228,-0.8698601,-4.165,-4.2,-6.125
10719,3517857,0.470676,0.020252,-0.875716,-3.6925,-3.815,-5.6175
10720,3517954,0.475068,0.026108,-0.86742,-3.3775,-3.99,-5.285
10721,3518052,0.478484,0.02806,-0.8625401,-3.1325,-4.1475,-5.04
10722,3518149,0.478728,0.040504,-0.86498,-2.3975,-4.515,-4.6725
10723,3518246,0.491416,0.044652,-0.859368,-1.365,-4.6025,-3.955
10724,3518344,0.494832,0.03904,-0.85156,0.035,-4.795,-3.185
10725,3518441,0.491172,0.030256,-0.8579041,1.1725,-5.5125,-2.485
10726,3518539,0.482144,0.0183,-0.8620521,2.24,-5.9675,-2.0825
10727,3518636,0.475556,0.020008,-0.8698601,2.695,-6.2825,-2.0475
10728,3518733,0.469212,0.01342,-0.875716,3.0275,-6.2125,-1.96
10729,3518831,0.470432,0.024156,-0.873276,3.1675,-5.8975,-1.995
10730,3518928,0.474824,0.022204,-0.869616,3.43,-5.6525,-1.89
10731,3519026,0.479704,0.022692,-0.8725441,4.13,-5.6,-1.54
10732,3519123,0.481168,0.018788,-0.869616,4.515,-5.3725,-1.2425
10733,3519220,0.475312,0.02074,-0.870104,4.5325,-5.1975,-1.0325
10734,3519318,0.471652,0.019276,-0.873032,4.62,-4.9525,-0.98
10735,3519415,0.47092,0.015372,-0.8740081,4.585,-4.5675,-0.945
10736,3519512,0.4743361,0.022448,-0.874984,4.795,-4.27,-0.8225
10737,3519610,0.480192,0.024644,-0.872788,5.4075,-4.1125,-0.455
10738,3519707,0.484828,0.01952,-0.868152,6.23,-4.445,0.07
10739,3519805,0.484828,0.02074,-0.870104,6.895,-5.25,0.6125
10740,3519902,0.484584,0.019764,-0.8698601,7.6825,-6.2475,1.2075
10741,3519999,0.481168,0.020252,-0.873276,8.4875,-7.42,1.855
10742,3520097,0.486292,0.039284,-0.8652241,9.31,-8.47,2.485
10743,3520194,0.487024,0.010004,-0.858392,10.0625,-9.31,3.255
10744,3520292,0.47702,0.008540001,-0.877424,9.7825,-9.73,3.43
10745,3520389,0.472872,0.002928,-0.877424,9.3625,-9.7475,3.465
10746,3520486,0.476532,-0.00488,-0.8759601,9.3275,-9.9225,3.535
10747,3520584,0.47458,-0.000976,-0.873276,9.17,-10.395,3.605
10748,3520681,0.465796,-0.001464,-0.881328,8.9775,-10.8325,3.7625
10749,3520778,0.466528,0.00244,-0.887672,8.575,-10.9375,3.92
10750,3520876,0.47092,0.007808001,-0.882548,8.19,-10.745,3.955
10751,3520973,0.462136,0.001464,-0.88328,8.2775,-10.6225,4.375
10752,3521071,0.468968,0.008052001,-0.8820601,8.54,-10.3075,4.7775
10753,3521168,0.47336,-0.00122,-0.872788,9.275,-9.8875,5.3025
10754,3521265,0.46604,0.005368,-0.876692,9.345,-9.87,5.635
10755,3521363,0.467748,-0.010248,-0.87352,8.925,-9.73,5.8975
10756,3521460,0.449692,-0.019764,-0.8764481,7.9625,-8.8725,5.6
10757,3521558,0.444324,-0.025132,-0.879376,6.16,-7.2275,4.62
10758,3521655,0.453352,-0.032696,-0.896944,4.3575,-4.655,3.43
10759,3521752,0.45262,-0.023668,-0.901336,2.94,-1.5925,1.9425
10760,3521850,0.454816,0.033916,-0.91134,0.9975,2.4325,0.525
10761,3521947,0.468968,0.04026,-0.911828,0.8225,6.65,1.6975
10762,3522045,0.445788,0.005124001,-0.930616,1.435,11.3575,4.06
10763,3522142,0.450424,0.031964,-0.9486721,1.2075,18.0775,5.005
10764,3522239,0.459696,0.06222,-0.9520881,1.8025,27.125,6.6675
10765,3522337,0.403088,-0.061488,-0.9711201,4.9525,38.29,9.485
10766,3522434,0.365756,-0.14518,-0.945012,5.705,52.115,8.7325
10767,3522531,0.417728,-0.169824,-0.941596,0.525,70.3675,1.575
10768,3522629,0.413336,-0.16714,-0.9506241,-0.2975,86.485,-7.175
10769,3522726,0.416264,-0.139324,-0.9506241,-1.61,103.7925,-16.5025
10770,3522824,0.439932,-0.08296,-0.9455,-1.505,120.4525,-24.255
10771,3522921,0.457988,-0.025132,-0.953796,-0.3675,136.5,-29.1725
10772,3523018,0.45872,0.018544,-0.967704,2.5375,151.445,-31.01
10773,3523116,0.482144,0.056852,-0.979416,6.5625,167.195,-30.38
10774,3523213,0.472628,0.110288,-1.015528,12.635,184.8175,-27.2125
10775,3523311,0.469944,0.124684,-1.035536,20.195,205.03,-21.7175
10776,3523408,0.448228,0.172752,-1.055788,30.065,228.305,-13.5975
10777,3523505,0.451644,0.227896,-1.10288,40.46,255.3075,-3.0975
10778,3523603,0.479704,0.25376,-1.082384,56.2975,283.6925,10.99
10779,3523700,0.457744,0.234972,-1.09068,72.1875,316.3475,25.8475
10780,3523798,0.514352,0.275476,-1.11874,84.77,353.185,38.3425
10781,3523895,0.648796,0.1464,-1.126548,99.17251,394.73,49.07
10782,3523992,0.8964561,-0.223992,-0.9501361,113.3825,425.7575,50.2775
10783,3524090,1.308084,-0.35868,-0.779336,102.9875,442.855,37.1875
10784,3524187,1.7751,-0.47214,-0.7366361,80.6225,446.1625,23.1525
10785,3524285,2.085468,-0.261324,-0.952332,75.39,421.68,12.5825
10786,3524382,2.130364,-0.216184,-1.209996,69.09,370.5975,10.9725
10787,3524479,1.840004,-0.08808401,-1.256112,71.015,298.4275,15.9775
10788,3524577,1.46522,-0.155184,-1.069696,90.63251,232.3125,24.9725
10789,3524674,0.807884,-0.005612,-0.9999121,79.8525,180.6525,21.77
10790,3524772,0.392108,0.321104,-1.051396,64.855,121.9575,14.84
10791,3524869,1.706048,-0.129076,-2.562732,68.845,48.2825,25.97
10792,3524966,0.5843801,-1.009428,-2.277984,11.2175,-70.28,51.8525
10793,3525064,-0.535092,0.481412,-1.475224,-85.5225,-209.3525,23.485
10794,3525161,-0.467992,0.9333,-1.112396,-110.6875,-206.465,11.2
10795,3525258,-0.395768,0.8493641,-0.966484,-34.3525,-192.885,18.655
10796,3525356,-0.136396,0.48678,-1.048956,25.6375,-179.235,22.4175
10797,3525453,0.09906401,0.14762,-1.10288,43.435,-187.3025,25.6725
10798,3525551,0.188856,0.070516,-1.113372,19.11,-210.6825,20.405
10799,3525648,0.21106,0.125904,-1.073356,-13.9825,-238.665,15.3125
10800,3525745,0.207888,0.223504,-0.976488,-38.99,-262.745,11.655
10801,3525843,0.214964,0.24156,-0.8808401,-50.4525,-279.1425,10.01
10802,3525940,0.278892,0.177876,-0.817156,-55.475,-287.4725,7.91
10803,3526037,0.387472,0.090768,-0.813496,-62.79,-291.0075,4.025
10804,3526135,0.53192,-0.004148001,-0.85034,-74.0775,-294.0525,-1.1725
10805,3526232,0.6729521,-0.101748,-0.879376,-89.1975,-300.0375,-6.5275
10806,3526330,0.76738,-0.187392,-0.8559521,-106.1025,-308.9975,-10.605
10807,3526427,0.796172,-0.203252,-0.793244,-124.3375,-315.9975,-13.2825
10808,3526524,0.833016,-0.184464,-0.7517641,-140.735,-312.9525,-14.42
10809,3526622,0.925736,-0.163236,-0.7854361,-150.185,-297.7625,-15.0325
10810,3526719,1.160708,-0.104188,-0.85644,-152.4425,-277.0075,-14.4725
10811,3526817,1.4945,0.03904,-0.9928361,-147.2275,-256.34,-11.6375
10812,3526914,1.870504,0.113216,-1.126792,-128.66,-243.53,-9.1
10813,3527011,2.188192,-0.040016,-1.053592,-105.455,-243.775,-15.68
10814,3527109,2.239188,-0.203984,-0.77714,-95.795,-252.5075,-34.405
10815,3527206,2.247484,-0.246196,-0.510204,-102.4625,-251.7725,-55.7025
10816,3527304,2.411452,-0.248148,-0.396012,-108.2725,-236.635,-71.19
10817,3527401,2.639348,-0.309392,-0.30378,-101.22,-219.6775,-79.345
10818,3527498,2.681804,-0.338428,-0.091988,-83.72001,-209.1425,-81.4975
10819,3527596,2.634712,-0.383324,0.225944,-58.8,-198.5375,-78.7325
10820,3527693,2.462448,-0.323056,0.530456,-24.675,-180.3375,-68.9675
10821,3527791,2.60958,-0.454816,1.000156,28.98,-146.51,-47.8975
10822,3527888,2.464156,-0.6283,1.418372,57.89,-98.68251,-24.7975
10823,3527985,2.359236,-0.508252,1.704828,59.4825,-46.76,-12.0225
10824,3528083,2.289452,0.542656,1.726788,51.5375,20.825,-20.825
10825,3528180,0.803248,0.572912,-0.8591241,108.7975,74.25251,-35.35
10826,3528278,-0.731024,-1.723616,-2.604944,208.25,97.2475,-29.54
10827,3528375,0.172996,-2.9158,-1.03334,181.265,105.5775,-17.7275
10828,3528472,1.479128,-1.835124,-0.470188,41.72,129.6225,8.5925
10829,3528570,1.011136,-0.626104,-1.263432,-13.895,117.3375,38.955
10830,3528667,0.660752,0.555832,-1.345416,-47.7925,97.7725,31.6925
10831,3528764,0.4743361,0.8039801,-0.8322841,-41.09,79.8875,3.745
10832,3528862,0.34892,0.06954,-0.701744,-8.68,79.135,-15.8725
10833,3528959,0.919392,0.470188,-1.7995,7.035,86.905,-19.635
10834,3529057,1.138992,-0.277184,-1.043588,78.7675,61.81,0.2625
10835,3529154,0.63318,0.499468,-0.791536,35.4375,25.1125,1.61
10836,3529251,0.821792,0.317688,-1.257088,60.1825,29.54,13.37
10837,3529349,0.558516,-0.397232,-0.9330561,69.1075,14.1925,18.9525
10838,3529446,0.354288,-0.050508,-0.9250041,38.0625,-4.9525,19.2325
10839,3529544,0.6695361,0.160064,-0.941596,14.5425,2.2925,17.1675
10840,3529641,0.60634,-0.024644,-0.882548,21.175,-11.865,19.53
10841,3529738,0.528992,-0.139324,-0.8842561,20.8075,-16.695,20.615
10842,3529836,0.525332,-0.132248,-0.891576,15.715,-16.625,17.9025
10843,3529933,0.54778,-0.102236,-0.874984,13.8075,-15.2775,14.8925
10844,3530031,0.543876,-0.143472,-0.877424,12.5125,-14.9625,12.4775
10845,3530128,0.570716,-0.152744,-0.854244,10.255,-13.4225,9.6775
10846,3530225,0.54778,-0.09638,-0.862296,6.2475,-11.6025,6.3
10847,3530323,0.528016,-0.092232,-0.854,4.83,-11.0075,3.99
10848,3530420,0.531676,-0.10126,-0.853024,3.3425,-9.9225,2.065
10849,3530518,0.507276,-0.08003201,-0.852536,1.785,-9.3625,0.2275
10850,3530615,0.489464,-0.077104,-0.854,0.8225,-9.59,-1.6625
10851,3530712,0.480436,-0.05246,-0.866444,0.0875,-9.8525,-3.325
10852,3530810,0.480924,-0.063928,-0.863028,-0.0875,-10.43,-4.515
10853,3530907,0.48434,-0.053924,-0.8671761,-0.6125,-10.9025,-5.46
10854,3531005,0.482144,-0.046848,-0.872056,-0.6475,-11.06,-5.705
10855,3531102,0.4697,-0.048556,-0.875228,-0.63,-10.8325,-5.5125
10856,3531199,0.4758,-0.0366,-0.882548,-1.1725,-10.185,-5.495
10857,3531297,0.47702,-0.034404,-0.8805961,-1.365,-9.065,-5.1975
10858,3531394,0.477752,-0.038796,-0.87474,-0.98,-8.3125,-4.7075
10859,3531492,0.477508,-0.029036,-0.8764481,-0.9275,-7.6475,-4.2175
10860,3531589,0.4819,-0.03294,-0.8784,-0.6475,-6.9825,-3.815
10861,3531686,0.475068,-0.05172801,-0.877912,-0.105,-6.37,-3.5175
10862,3531784,0.473604,-0.057584,-0.875228,-0.245,-5.635,-3.78
10863,3531881,0.468968,-0.057828,-0.875716,-0.9275,-4.9175,-4.34
10864,3531979,0.472628,-0.058804,-0.8703481,-2.2925,-4.34,-5.285
10865,3532076,0.4758,-0.05636401,-0.870592,-4.165,-3.955,-6.3875
10866,3532173,0.476288,-0.049044,-0.8769361,-5.8625,-3.955,-7.3675
10867,3532271,0.480192,-0.033184,-0.877424,-6.8075,-3.7275,-7.91
10868,3532368,0.484828,-0.020496,-0.8740081,-6.8425,-3.78,-7.77
10869,3532465,0.481656,-0.012932,-0.87474,-6.1075,-4.34,-7.1225
10870,3532563,0.483364,-0.011468,-0.87474,-5.1275,-4.515,-6.3175
10871,3532660,0.480924,-0.013664,-0.8708361,-3.7275,-4.83,-5.355
10872,3532758,0.479948,-0.013176,-0.87352,-2.66,-5.1625,-4.6025
10873,3532855,0.477752,-0.02074,-0.873276,-1.7675,-5.4425,-4.0425
10874,3532952,0.477752,-0.027572,-0.8718121,-1.085,-5.39,-3.465
10875,3533050,0.477752,-0.031232,-0.872788,-0.2275,-5.6,-3.2725
10876,3533147,0.476044,-0.027572,-0.8723001,0.5775,-5.635,-3.0625
10877,3533245,0.474824,-0.029524,-0.872056,1.12,-5.7225,-2.8875
10878,3533342,0.4743361,-0.020008,-0.873276,1.3825,-5.705,-2.765
10879,3533439,0.47702,-0.02318,-0.870592,1.61,-5.635,-2.555
10880,3533537,0.475556,-0.026108,-0.87474,1.6975,-5.705,-2.4675
10881,3533634,0.473116,-0.028548,-0.872788,1.925,-5.7225,-2.415
10882,3533732,0.472384,-0.029036,-0.87108,2.0125,-5.7225,-2.3275
10883,3533829,0.471896,-0.02684,-0.873032,2.0125,-5.6525,-2.205
10884,3533926,0.47092,-0.023668,-0.876204,1.9775,-5.705,-2.17
10885,3534024,0.468236,-0.026352,-0.8740081,1.9775,-5.8625,-2.0825
10886,3534121,0.470432,-0.0244,-0.877668,2.03,-5.88,-2.0475
10887,3534218,0.471164,-0.019276,-0.8744961,2.485,-5.915,-1.8025
10888,3534316,0.473116,-0.022448,-0.87352,2.9575,-5.8625,-1.4175
10889,3534413,0.471408,-0.017324,-0.873276,3.57,-6.09,-1.155
10890,3534511,0.473604,-0.017324,-0.8769361,4.2,-6.545,-0.8225
10891,3534608,0.4758,-0.0244,-0.87474,4.83,-6.9125,-0.2975
10892,3534705,0.481168,-0.026596,-0.8676641,5.1975,-7.3675,0.035
10893,3534803,0.477996,-0.025132,-0.87352,5.3375,-7.6825,0.2975
10894,3534900,0.472872,-0.032208,-0.870104,5.0925,-7.8575,0.35
10895,3534998,0.468968,-0.042212,-0.877912,4.515,-7.6825,0.0875
10896,3535095,0.472628,-0.040504,-0.8786441,4.095,-7.3325,-0.2275
10897,3535192,0.4743361,-0.041968,-0.873764,3.6925,-7.175,-0.6825
10898,3535290,0.473116,-0.042456,-0.873276,3.4825,-7.0175,-1.0325
10899,3535387,0.47824,-0.042456,-0.8769361,3.36,-6.9125,-1.295
10900,3535484,0.479216,-0.040992,-0.876204,3.8325,-6.7375,-1.3825
10901,3535582,0.473116,-0.035624,-0.869372,4.2,-6.65,-1.4
10902,3535679,0.454328,-0.018544,-0.879864,4.095,-7.0,-1.3825
10903,3535777,0.459208,-0.026352,-0.878888,4.0775,-7.1225,-1.05
10904,3535874,0.458964,-0.028304,-0.881572,3.8675,-7.0,-0.8225
10905,3535971,0.467016,-0.033916,-0.8769361,3.3075,-6.79,-0.77
10906,3536069,0.466528,-0.030744,-0.8764481,2.94,-6.615,-0.77
10907,3536166,0.468236,-0.039284,-0.8744961,2.6075,-6.58,-0.7525
10908,3536264,0.464576,-0.039528,-0.878156,2.31,-6.37,-0.6475
10909,3536361,0.466772,-0.039528,-0.878156,2.17,-6.125,-0.8575
10910,3536458,0.467016,-0.03294,-0.87718,2.1525,-5.8975,-0.8400001
10911,3536556,0.469944,-0.033184,-0.881328,2.2225,-5.7225,-0.77
10912,3536653,0.470676,-0.038796,-0.8791321,2.415,-5.565,-0.56
10913,3536750,0.468968,-0.04026,-0.875716,2.7825,-5.3725,-0.56
10914,3536848,0.468724,-0.03538,-0.877668,2.835,-5.285,-0.4725
10915,3536945,0.461648,-0.028304,-0.87474,2.7475,-5.3025,-0.385
10916,3537043,0.4553041,-0.025864,-0.88328,2.485,-5.075,-0.2275
10917,3537140,0.4553041,-0.022692,-0.887184,2.1175,-4.41,0.21
10918,3537237,0.449936,-0.031964,-0.891088,1.61,-2.94,0.42
10919,3537335,0.44896,-0.034648,-0.902068,0.8925,-0.8225,0.3325
10920,3537432,0.445544,0.003172,-0.9059721,0.1225,2.1,0.105
10921,3537530,0.4594521,0.017812,-0.902068,-0.315,5.7925,1.155
10922,3537627,0.476288,-0.012932,-0.9057281,0.2975,9.3275,3.5525
10923,3537724,0.462624,-0.029036,-0.914756,0.42,12.9325,4.725
10924,3537822,0.449448,0.004392,-0.9440361,-0.42,19.425,4.8475
10925,3537919,0.439688,0.013908,-0.969412,0.1925,28.28,6.4925
10926,3538016,0.433832,-0.0488,-0.9577,2.9225,39.9875,8.6975
10927,3538114,0.351116,-0.196908,-0.9391561,5.0925,53.34,7.9275
10928,3538211,0.426512,-0.119316,-0.988444,0.245,71.75,2.1175
10929,3538309,0.411628,-0.151036,-0.945012,1.1725,88.935,-4.725
10930,3538406,0.426268,-0.136152,-0.9535521,1.96,106.3825,-11.865
10931,3538503,0.44774,-0.101016,-0.940132,4.2,123.375,-18.4625
10932,3538601,0.466284,-0.05172801,-0.9391561,6.1075,140.6125,-23.345
10933,3538698,0.488732,0.006344,-0.9520881,9.9575,156.5025,-25.515
10934,3538796,0.49044,0.040748,-0.9618481,15.75,171.0975,-24.1325
10935,3538893,0.510692,0.10004,-0.99308,22.5925,186.935,-20.1075
10936,3538990,0.503372,0.127856,-1.031876,31.9025,203.4375,-12.5825
10937,3539088,0.500688,0.141032,-0.986248,44.1,220.605,-2.0825
10938,3539185,0.512888,0.145668,-0.99552,52.3775,241.64,9.1525
10939,3539282,0.50752,0.140056,-0.9882001,61.0225,265.2475,21.7
10940,3539380,0.514108,0.153964,-0.9784401,68.9325,292.74,32.4275
10941,3539477,0.5546121,0.116388,-0.988932,78.82,322.4725,40.67
10942,3539575,0.617564,0.044896,-1.017724,88.4975,353.78,45.2375
10943,3539672,0.805688,-0.127612,-0.9520881,95.1125,383.6175,44.065
10944,3539769,1.077016,-0.50386,-0.673196,95.2,403.9175,33.2675
10945,3539867,1.521828,-0.441152,-0.819108,75.3375,412.8075,17.01
10946,3539964,1.975912,-0.371856,-0.8332601,70.6125,404.005,4.9175
10947,3540062,2.131096,-0.222528,-1.016748,64.715,363.02,-1.715
10948,3540159,1.946632,-0.042212,-1.060668,66.8675,302.54,4.0075
10949,3540256,1.613328,0.08369201,-1.170712,90.66751,245.28,20.755
10950,3540354,1.22732,0.09052401,-1.000888,120.6625,194.67,34.9475
10951,3540451,0.479704,0.25376,-0.602436,128.0475,148.6625,36.855
10952,3540549,0.446276,0.190076,-1.105076,134.155,97.7375,30.6075
10953,3540646,1.899784,-0.828624,-2.44976,109.375,25.69,37.3975
10954,3540743,0.0671,-0.074664,-1.46766,12.67,-85.83751,26.5825
10955,3540841,-0.001708,0.76372,-1.199748,-76.7375,-156.1175,-6.58
10956,3540938,-0.20984,0.9208561,-0.844484,-42.49,-164.955,-7.315
10957,3541036,-0.155184,0.749324,-0.762988,19.1975,-154.9975,-6.16
10958,3541133,-0.014884,0.3843,-0.731512,61.11,-146.4575,-3.605
10959,3541230,0.117852,0.089304,-0.748592,61.915,-149.1,-2.485
10960,3541328,0.19154,0.010492,-0.78812,30.0125,-160.965,-5.04
10961,3541425,0.247416,0.077592,-0.811056,-8.5225,-176.8025,-5.915
10962,3541523,0.30256,0.17934,-0.8147161,-36.575,-192.01,-4.13
10963,3541620,0.384056,0.204472,-0.8149601,-48.5625,-204.12,0.35
10964,3541717,0.489708,0.15738,-0.810324,-52.115,-214.69,4.3925
10965,3541815,0.5690081,0.061488,-0.7944641,-55.4225,-225.4525,6.9475
10966,3541912,0.641232,-0.028548,-0.7625,-64.6975,-236.5825,7.105
10967,3542010,0.70394,-0.07222401,-0.752984,-79.3625,-246.8375,4.935
10968,3542107,0.788608,-0.11468,-0.7664041,-93.8525,-255.08,1.47
10969,3542204,0.831308,-0.193492,-0.76372,-105.6475,-263.69,-2.205
10970,3542302,0.851072,-0.3111,-0.732244,-117.4075,-270.5675,-5.7575
10971,3542399,0.882304,-0.37576,-0.707112,-131.7575,-271.81,-9.8525
10972,3542496,0.950868,-0.403088,-0.720532,-144.9175,-267.7675,-12.6525
10973,3542594,1.076284,-0.363316,-0.785924,-153.09,-258.8775,-13.0725
10974,3542691,1.22366,-0.335744,-0.8174001,-149.205,-249.97,-11.1475
10975,3542789,1.31638,-0.36234,-0.825208,-133.875,-243.215,-5.74
10976,3542886,1.482544,-0.41114,-0.833016,-116.095,-235.0425,0.8575
10977,3542983,1.68604,-0.513864,-0.793976,-99.015,-228.655,4.3925
10978,3543081,1.778516,-0.6124401,-0.673196,-87.43,-226.8,2.9225
10979,3543178,1.807308,-0.629764,-0.544852,-84.07001,-222.5125,-3.2375
10980,3543276,1.89222,-0.539972,-0.4758,-80.7975,-210.8925,-10.3425
10981,3543373,2.00568,-0.462868,-0.4514,-67.2525,-197.1725,-13.6325
10982,3543470,2.094984,-0.49898,-0.372588,-44.24,-185.08,-12.1975
10983,3543568,2.113284,-0.587064,-0.194468,-25.655,-176.645,-8.3125
10984,3543665,2.05448,-0.482876,0.027572,-21.035,-167.475,-4.9875
10985,3543763,1.979084,-0.368196,0.294264,-17.255,-152.88,0.595
10986,3543860,1.94102,-0.349896,0.508252,-11.1125,-129.9725,7.91
10987,3543957,1.93004,-0.243024,0.636596,-9.6775,-101.78,12.74
10988,3544055,1.827316,-0.113704,0.77836,0.105,-71.8375,15.0675
10989,3544152,2.019588,-0.291092,0.72956,21.3325,-31.3075,20.2125
10990,3544250,1.9398,-0.19642,0.685884,33.4425,-2.59,15.715
10991,3544347,1.387628,0.239608,0.315004,46.97,21.7175,-3.9725
10992,3544444,0.805932,-0.517768,-1.08458,80.745,25.7775,-15.9775
10993,3544542,-0.580232,-0.904508,-1.930284,88.6375,12.0575,-24.5175
10994,3544639,-0.487756,-1.169248,-1.509384,52.01,28.56,-26.11
10995,3544737,0.299632,-1.319308,-0.402844,17.0975,63.595,6.58
10996,3544834,1.149484,-0.511424,-0.780312,-31.78,91.8575,25.55
10997,3544931,0.9947881,0.351604,-1.394948,-58.1175,80.97251,20.125
10998,3545029,0.6566041,0.820084,-1.107028,-49.2975,49.7525,8.5575
10999,3545126,0.427488,0.715896,-0.754448,-18.97,37.905,-1.7325
11000,3545223,0.576816,0.8466801,-1.280024,11.3225,43.89,-7.07
11001,3545321,0.79056,-0.422364,-1.093608,72.415,36.5575,6.1775
11002,3545418,0.597556,-0.659288,-0.936472,53.8825,11.7775,6.5275
11003,3545516,0.575596,-0.219844,-0.892308,8.7675,2.6775,-2.065
11004,3545613,0.681248,0.150792,-0.9933241,-14.7,4.2525,-8.855
11005,3545710,0.562176,0.017324,-0.907436,-4.6025,-4.0075,-9.1175
11006,3545808,0.542412,-0.079056,-0.897432,-2.45,-3.9025,-8.61
11007,3545905,0.5119121,0.013176,-0.884012,-6.1425,-3.6575,-8.6275
11008,3546002,0.487024,0.04392,-0.8801081,-5.2325,-3.4125,-7.5075
11009,3546100,0.461404,0.002684,-0.8610761,-0.735,-3.9025,-5.6875
11010,3546197,0.483852,0.014396,-0.864736,2.135,-3.9025,-3.465
11011,3546295,0.51118,0.051972,-0.8786441,2.8875,-3.955,-1.2775
11012,3546392,0.51972,0.018056,-0.862296,4.935,-5.5125,0.5775
11013,3546489,0.496052,0.0,-0.883524,5.39,-7.0175,1.3125
11014,3546587,0.488,-0.016348,-0.884012,4.5675,-7.4025,0.665
11015,3546684,0.487024,-0.008784,-0.8769361,3.2025,-7.4375,0.175
11016,3546782,0.494588,-0.008784,-0.87352,2.52,-7.525,0.0525
11017,3546879,0.4984921,-0.040748,-0.87718,2.0125,-7.8925,-0.4725
11018,3546976,0.503128,-0.051972,-0.872056,0.875,-7.7525,-1.9075
11019,3547074,0.483364,-0.02074,-0.879864,-0.945,-7.4375,-3.3775
11020,3547171,0.47702,-0.02074,-0.872056,-1.4,-7.1575,-4.4275
11021,3547268,0.4758,-0.006344,-0.879864,-2.03,-6.9825,-4.97
11022,3547366,0.487024,-0.010736,-0.878156,-2.275,-6.9825,-5.25
11023,3547463,0.48556,-0.013664,-0.870104,-2.625,-7.0525,-5.495
11024,3547561,0.479216,-0.003416,-0.869372,-2.9575,-7.35,-5.6
11025,3547658,0.482876,0.000976,-0.868884,-2.835,-7.385,-5.53
11026,3547756,0.48922,0.002196,-0.872056,-2.555,-7.455,-5.1975
11027,3547853,0.487756,0.006588,-0.874252,-2.3275,-7.3325,-4.7775
11028,3547950,0.485072,-0.002928,-0.875716,-1.9425,-6.895,-4.5675
11029,3548048,0.475068,0.00488,-0.8759601,-1.785,-6.4925,-4.5325
11030,3548145,0.470676,0.004148001,-0.873032,-1.6625,-6.16,-4.48
11031,3548242,0.481412,0.010004,-0.872788,-1.4525,-5.705,-4.2525
11032,3548340,0.475068,0.009516001,-0.873764,-0.98,-5.845,-3.99
11033,3548437,0.473116,0.015372,-0.87352,-0.315,-5.8975,-3.4125
11034,3548534,0.483364,0.01708,-0.873276,0.3325,-6.0375,-2.9925
11035,3548632,0.484828,0.009516001,-0.8698601,1.4525,-6.1425,-2.0825
11036,3548729,0.482144,0.011956,-0.874252,2.8,-6.09,-1.1375
11037,3548827,0.473604,0.0183,-0.868152,4.9525,-6.195,-0.1225
11038,3548924,0.461648,0.02318,-0.869128,7.385,-6.3525,1.12
11039,3549021,0.465064,0.032696,-0.870104,9.24,-6.4225,2.24
11040,3549119,0.457744,0.0183,-0.8713241,10.255,-6.8075,3.15
11041,3549216,0.449448,0.01586,-0.875716,10.535,-7.21,3.8325
11042,3549313,0.473848,0.00122,-0.8703481,10.1325,-7.175,4.3225
11043,3549411,0.471652,-0.0061,-0.875716,9.415,-7.6475,4.3225
11044,3549508,0.4697,-0.010004,-0.874252,8.5925,-7.98,3.9025
11045,3549606,0.475068,-0.019764,-0.8808401,7.7875,-8.05,3.4125
11046,3549703,0.473848,-0.026596,-0.877912,6.9825,-7.945,2.6075
11047,3549800,0.484096,-0.025376,-0.878888,5.7575,-7.5425,1.575
11048,3549898,0.486048,-0.034892,-0.8725441,4.3575,-7.1225,0.5075
11049,3549995,0.480924,-0.028792,-0.881328,2.765,-6.545,-0.77
11050,3550093,0.4594521,-0.026108,-0.882304,2.0825,-6.195,-1.715
11051,3550190,0.46482,-0.010492,-0.881328,1.47,-5.81,-2.415
11052,3550287,0.476044,-0.010248,-0.8786441,1.435,-5.285,-2.555
11053,3550385,0.4758,-0.006344,-0.8784,1.2775,-5.5125,-2.5025
11054,3550482,0.478972,-0.00976,-0.877668,1.05,-5.705,-2.38
11055,3550579,0.47946,-0.01098,-0.875716,0.7,-6.02,-2.415
11056,3550677,0.4758,-0.010248,-0.877424,0.035,-6.1775,-2.555
11057,3550774,0.477996,-0.010492,-0.875472,-0.3325,-6.16,-2.765
11058,3550872,0.471652,-0.011956,-0.873276,-0.5775,-6.195,-2.87
11059,3550969,0.468236,-0.014396,-0.8740081,-0.6825,-6.23,-3.0625
11060,3551067,0.464332,-0.010004,-0.8791321,-0.875,-6.09,-3.2725
11061,3551164,0.473604,-0.009516001,-0.8827921,-0.875,-5.88,-3.3775
11062,3551261,0.477752,-0.012932,-0.8744961,-0.8225,-5.7925,-3.3425
11063,3551359,0.473604,-0.019276,-0.878156,-1.0325,-5.985,-3.43
11064,3551456,0.475068,-0.022692,-0.877424,-1.435,-5.6525,-3.71
11065,3551553,0.471652,-0.014396,-0.875472,-2.0475,-5.425,-4.2175
11066,3551651,0.45384,-0.006588,-0.880352,-2.3975,-5.495,-4.55
11067,3551748,0.449936,0.007808001,-0.876204,-2.31,-5.25,-4.655
11068,3551846,0.454816,0.01342,-0.8759601,-1.5225,-5.075,-4.3575
11069,3551943,0.457988,0.0122,-0.875716,-0.6125,-5.2325,-3.8325
11070,3552040,0.469456,0.007564001,-0.8764481,-0.0875,-5.355,-3.395
11071,3552138,0.471408,0.007076001,-0.8744961,0.28,-5.5825,-2.8525
11072,3552235,0.476532,0.001952,-0.874984,0.455,-5.9325,-2.5375
11073,3552333,0.475312,-0.004148001,-0.879376,0.5775,-6.23,-2.415
11074,3552430,0.477996,-0.0061,-0.876692,0.525,-6.4225,-2.3975
11075,3552527,0.476532,-0.010736,-0.8759601,0.6125,-6.4225,-2.415
11076,3552625,0.464088,-0.010004,-0.8744961,0.455,-6.3525,-2.4325
11077,3552722,0.448716,0.00122,-0.8791321,0.105,-6.3525,-2.6425
11078,3552820,0.452132,0.000732,-0.878888,0.0,-5.915,-2.8525
11079,3552917,0.451644,0.00488,-0.881816,0.07,-5.53,-2.87
11080,3553014,0.452132,0.007076001,-0.878156,-0.07,-5.18,-2.9225
11081,3553112,0.453108,0.004392,-0.8764481,-0.105,-4.9175,-2.7125
11082,3553209,0.45262,0.01342,-0.877668,0.14,-4.9,-2.485
11083,3553306,0.460428,0.011956,-0.87718,0.3675,-5.11,-1.9775
11084,3553404,0.450912,0.010248,-0.875716,0.7175,-5.67,-1.3475
11085,3553501,0.44286,0.019764,-0.881816,0.6125,-6.1075,-0.63
11086,3553598,0.44896,0.023668,-0.8874281,0.77,-6.5625,0.4025
11087,3553696,0.451888,0.010492,-0.884012,1.2775,-6.7725,1.5575
11088,3553793,0.443104,0.017324,-0.893284,1.1375,-6.8425,2.2225
11089,3553891,0.460672,0.011712,-0.8874281,1.435,-6.265,2.7475
11090,3553988,0.487024,0.002928,-0.876204,1.645,-5.25,3.0275
11091,3554085,0.481412,-0.001708,-0.879376,1.8375,-4.7775,3.0625
11092,3554183,0.471164,-0.006588,-0.8888921,1.8375,-4.4625,2.8
11093,3554280,0.470432,-0.008784,-0.898652,1.9775,-3.255,2.415
11094,3554378,0.458964,0.020008,-0.9023121,1.26,-1.5925,1.7325
11095,3554475,0.452132,0.046848,-0.908656,0.8575,1.3125,1.7675
11096,3554572,0.4553041,0.019764,-0.8957241,1.855,4.235,3.3075
11097,3554670,0.44896,0.010736,-0.915244,2.0825,7.105,5.0575
11098,3554767,0.466528,0.029524,-0.913292,2.5025,10.255,6.195
11099,3554864,0.45994,0.05002,-0.912804,2.415,14.385,7.56
11100,3554962,0.442128,0.06636801,-0.94062,2.485,19.32,10.5175
11101,3555059,0.419192,-0.04148,-0.920612,4.6025,25.725,13.58
11102,3555157,0.44286,-0.06222,-0.942084,4.025,35.4375,12.88
11103,3555254,0.444324,-0.05929201,-0.9396441,4.305,46.83,9.17
11104,3555351,0.445544,-0.103212,-0.9284201,3.4475,59.1325,4.8475
11105,3555449,0.441396,-0.09442801,-0.937936,3.0625,72.5025,-0.665
11106,3555546,0.447496,-0.085888,-0.9357401,2.5375,87.08,-7.35
11107,3555643,0.452864,-0.054168,-0.953308,2.905,102.725,-13.6675
11108,3555741,0.435296,-0.05002,-0.9567241,4.9525,119.21,-18.6025
11109,3555838,0.437492,-0.028304,-0.985272,6.3175,138.005,-22.435
11110,3555936,0.438468,-0.014396,-1.003816,9.4675,158.6025,-24.885
11111,3556033,0.425048,0.025132,-1.027484,13.475,181.37,-26.0925
11112,3556130,0.425536,0.144692,-1.11142,17.57,207.5325,-24.64
11113,3556228,0.414556,0.127368,-1.089704,31.535,234.78,-18.2875
11114,3556325,0.426756,0.15616,-1.066768,43.05,262.9725,-9.415
11115,3556422,0.450424,0.22204,-1.096536,48.58,293.7025,1.2075
11116,3556520,0.533872,0.216672,-1.099952,61.18,324.1,14.595
11117,3556617,0.6539201,0.220332,-1.138016,74.655,356.2825,26.0575
11118,3556715,0.911096,0.03538,-1.129232,90.125,386.225,34.7025
11119,3556812,1.237324,-0.248636,-0.8869401,96.70501,401.5025,32.375
11120,3556909,1.527196,-0.196176,-0.955504,74.04251,404.53,21.5425
11121,3557007,1.83976,-0.03416,-1.130696,65.9925,388.85,15.1025
11122,3557104,1.616988,0.168848,-1.068232,77.6475,342.7025,20.055
11123,3557201,1.516948,0.31476,-0.851072,114.8175,298.9875,37.0825
11124,3557299,1.190232,0.063196,-0.986248,172.27,267.68,64.96
11125,3557396,1.100684,-0.358924,-1.024312,202.16,234.4475,74.0775
11126,3557494,0.718824,-0.076616,-0.762988,133.595,185.0275,49.7875
11127,3557591,0.340624,0.381372,-0.9284201,75.53,130.3225,24.185
11128,3557688,2.231624,-0.590968,-2.562976,40.81,64.645,36.75
11129,3557786,0.416264,-0.043188,-1.865624,-7.2975,-45.7975,40.95
11130,3557883,0.134932,0.8430201,-1.428132,-70.385,-147.07,9.9575
11131,3557981,-0.124196,0.884012,-0.9418401,-34.65,-171.8325,11.1825
11132,3558078,-0.19764,0.676856,-0.7137001,23.17,-176.68,10.1325
11133,3558175,-0.121268,0.447252,-0.629764,51.555,-168.735,3.36
11134,3558273,0.019032,0.256688,-0.6539201,52.5875,-164.885,-3.64
11135,3558370,0.114192,0.149084,-0.7088201,34.3525,-169.925,-10.99
11136,3558467,0.193492,0.147132,-0.73688,9.415,-180.985,-16.6775
11137,3558565,0.241072,0.165188,-0.734684,-10.3425,-194.5125,-18.83
11138,3558662,0.284748,0.136884,-0.707356,-20.5275,-208.0575,-16.8525
11139,3558760,0.355996,0.062464,-0.669048,-27.44,-218.925,-13.23
11140,3558857,0.442128,-0.05587601,-0.6422081,-35.525,-228.235,-9.135
11141,3558954,0.526064,-0.171288,-0.620248,-48.405,-236.7925,-5.53
11142,3559052,0.6039,-0.229848,-0.610732,-65.6425,-244.93,-2.5725
11143,3559149,0.6539201,-0.243512,-0.615124,-83.30001,-251.475,0.0875
11144,3559246,0.7034521,-0.214232,-0.633668,-95.97,-255.045,2.695
11145,3559344,0.7761641,-0.194712,-0.658312,-99.855,-255.1675,6.685
11146,3559441,0.837408,-0.228628,-0.669292,-96.79251,-254.03,13.3525
11147,3559538,0.9459881,-0.239852,-0.69174,-95.9175,-249.9525,20.6325
11148,3559636,1.012112,-0.252052,-0.66734,-96.2325,-245.07,24.5175
11149,3559733,1.07238,-0.168848,-0.654652,-99.68,-237.7025,24.4475
11150,3559831,1.240252,-0.08442401,-0.698328,-100.0125,-224.3325,20.1425
11151,3559928,1.56526,-0.06344,-0.79422,-92.48751,-209.44,12.6875
11152,3560025,1.859036,-0.181292,-0.7861681,-82.11,-203.5425,3.15
11153,3560123,1.982988,-0.325984,-0.654408,-78.995,-206.5525,-9.8
11154,3560220,1.993724,-0.4087,-0.468236,-85.96,-207.0075,-26.0225
11155,3560317,1.999824,-0.45262,-0.286212,-92.40001,-198.87,-40.1975
11156,3560415,2.118896,-0.470432,-0.159088,-89.425,-181.79,-48.1775
11157,3560512,2.269688,-0.49898,-0.026108,-73.5875,-162.75,-48.6675
11158,3560610,2.323856,-0.491904,0.15738,-49.315,-146.755,-42.1925
11159,3560707,2.235528,-0.450668,0.37454,-22.96,-130.2525,-30.2225
11160,3560804,2.083516,-0.507032,0.532896,-0.8225,-109.48,-15.82
11161,3560902,1.992504,-0.42456,0.549732,5.1625,-83.86001,-6.825
11162,3560999,1.914424,-0.304268,0.498004,3.6925,-58.975,-2.5025
11163,3561096,1.828536,0.092964,0.251808,5.285,-38.7625,1.5575
11164,3561194,1.62382,-0.016592,0.540948,46.655,-19.705,10.01
11165,3561291,1.275388,-0.12322,0.008784,74.3225,8.9425,5.845
11166,3561389,0.607316,-0.5185,-0.9479401,85.99501,15.645,-4.7775
11167,3561486,-0.748104,-0.54412,-2.172332,83.7725,3.815,-21.8225
11168,3561583,-0.975512,-1.95322,-1.344684,95.4275,26.355,-15.1375
11169,3561681,0.210816,-2.051796,-0.172752,30.73,82.39,14.7175
11170,3561778,2.087664,0.499956,-2.1777,-93.2575,134.47,19.845
11171,3561876,2.774524,1.832196,-1.846592,-63.455,74.18251,-8.0675
11172,3561973,-0.185684,0.729072,-0.386496,0.91,-62.37,-7.2275
11173,3562070,0.515084,-1.03456,-1.214876,60.2875,-7.42,6.58
11174,3562168,0.586332,-1.100928,-0.951356,-3.4125,5.8275,-10.255
11175,3562265,0.432368,0.064416,-0.7747001,-60.795,-21.35,-27.3525
11176,3562363,0.552416,0.409188,-0.9357401,-69.7025,-10.605,-33.9675
11177,3562460,0.5063,0.033184,-0.88816,-41.0025,-14.2975,-29.1025
11178,3562557,0.543876,-0.032452,-0.87108,-38.955,-14.98,-26.25
11179,3562655,0.4819,0.20618,-0.83082,-44.8,-16.8525,-25.025
11180,3562752,0.371124,0.324032,-0.8052,-37.1175,-16.8525,-21.7
11181,3562849,0.353556,0.264984,-0.8113001,-21.56,-11.935,-16.415
11182,3562947,0.392108,0.166652,-0.839116,-8.4,-6.755,-11.0425
11183,3563044,0.4213881,0.1037,-0.85034,-1.12,-4.165,-8.155
11184,3563142,0.469212,0.050996,-0.9037761,0.98,-2.4325,-7.7875
11185,3563239,0.449936,0.038796,-0.872056,0.98,-3.29,-7.735
11186,3563336,0.43676,0.080764,-0.8744961,0.385,-3.71,-7.4725
11187,3563434,0.504348,0.034648,-0.932568,0.91,-2.1875,-7.28
11188,3563531,0.554368,-0.069784,-0.934276,-1.05,-4.5675,-8.785
11189,3563629,0.482388,-0.000488,-0.8874281,-8.225,-9.2925,-10.7275
11190,3563726,0.472384,0.086132,-0.874252,-12.7225,-9.485,-11.6725
11191,3563823,0.45262,0.070028,-0.877424,-10.85,-8.7325,-11.8475
11192,3563921,0.448472,0.067344,-0.8740081,-9.9225,-8.995,-11.69
11193,3564018,0.41968,0.09784401,-0.862296,-9.765,-9.275,-11.865
11194,3564116,0.385032,0.116144,-0.854244,-7.735,-8.54,-11.4625
11195,3564213,0.410652,0.123708,-0.85644,-4.515,-6.2125,-10.22
11196,3564310,0.460672,0.122732,-0.877912,-1.89,-4.3925,-8.6975
11197,3564408,0.444568,0.115656,-0.8637601,0.805,-4.3575,-7.1575
11198,3564505,0.44652,0.134444,-0.856684,3.395,-3.8675,-4.83
11199,3564603,0.466528,0.12444,-0.866444,6.4575,-1.925,-2.7475
11200,3564700,0.467748,0.100772,-0.8662001,9.31,-1.2425,-0.8575
11201,3564797,0.47702,0.104432,-0.870592,10.185,-0.665,0.1575
11202,3564895,0.45628,0.094672,-0.864736,11.585,-0.3675,1.155
11203,3564992,0.45994,0.101016,-0.873032,13.3,0.1925,1.9775
11204,3565089,0.466528,0.07515201,-0.87352,15.61,0.595,2.7825
11205,3565187,0.485804,0.040748,-0.8869401,16.31,0.56,3.1325
11206,3565284,0.47458,0.02318,-0.8913321,15.2775,-0.5075,2.555
11207,3565382,0.475068,0.01586,-0.894748,13.0725,-1.4,1.295
11208,3565479,0.458964,0.034404,-0.882548,10.325,-2.17,-0.1225
11209,3565576,0.437492,0.064416,-0.875716,8.7325,-2.5375,-0.91
11210,3565674,0.429928,0.07612801,-0.869372,9.3625,-1.8725,-0.7
11211,3565771,0.439932,0.100528,-0.866932,10.57,-0.9625,0.245
11212,3565869,0.456524,0.103944,-0.86132,12.8975,-0.4725,1.47
11213,3565966,0.449448,0.081252,-0.86498,15.995,-0.1925,2.8
11214,3566063,0.45506,0.07417601,-0.868152,17.9725,0.1575,3.9725
11215,3566161,0.454328,0.053192,-0.875228,19.67,0.4375,4.585
11216,3566258,0.450424,0.031476,-0.876692,20.65,0.2975,5.005
11217,3566356,0.448228,0.042944,-0.876692,19.985,0.0875,5.0925
11218,3566453,0.45262,0.03172,-0.8866961,20.0725,0.3675,5.1275
11219,3566550,0.490684,0.031476,-0.884988,19.4425,0.14,5.005
11220,3566648,0.495076,0.017324,-0.8805961,18.305,-0.9275,4.8825
11221,3566745,0.48312,0.013664,-0.8847441,16.6425,-2.275,4.375
11222,3566842,0.477752,-0.002684,-0.889868,15.225,-2.7825,3.745
11223,3566940,0.471896,-0.004148001,-0.8845,13.3875,-3.29,2.975
11224,3567037,0.458964,0.00122,-0.89426,11.55,-3.745,2.0825
11225,3567135,0.46848,0.017568,-0.8847441,9.52,-3.71,1.3825
11226,3567232,0.477508,0.017568,-0.8786441,8.435,-3.85,1.12
11227,3567329,0.473116,0.02318,-0.8764481,7.7,-4.2175,1.12
11228,3567427,0.473848,0.022204,-0.878156,7.14,-4.515,1.19
11229,3567524,0.489708,0.012444,-0.8786441,6.79,-4.5325,1.3825
11230,3567621,0.485804,0.001952,-0.877668,5.74,-4.83,1.225
11231,3567719,0.488732,0.001464,-0.8801081,4.6025,-4.8125,0.735
11232,3567816,0.493612,0.001708,-0.8784,3.5525,-4.83,0.21
11233,3567914,0.49044,0.006588,-0.878156,2.7475,-4.9,-0.42
11234,3568011,0.485072,0.010736,-0.878888,1.9425,-5.145,-1.085
11235,3568108,0.4819,0.016348,-0.872056,1.4175,-5.2675,-1.225
11236,3568206,0.471896,0.015616,-0.8723001,1.3475,-5.32,-1.295
11237,3568303,0.469456,0.010004,-0.872788,1.68,-5.46,-1.365
11238,3568401,0.467016,0.011712,-0.8784,1.75,-5.285,-1.47
11239,3568498,0.467748,0.014884,-0.876692,1.5575,-5.11,-1.68
11240,3568595,0.467748,0.020008,-0.875472,1.2075,-4.935,-1.82
11241,3568693,0.470188,0.022204,-0.873764,1.505,-4.8825,-1.7325
11242,3568790,0.477752,0.015128,-0.8703481,1.8025,-4.83,-1.3825
11243,3568887,0.483852,0.012932,-0.8703481,1.9425,-4.9525,-1.26
11244,3568985,0.476776,0.013908,-0.87474,1.925,-5.1275,-1.3475
11245,3569082,0.473604,0.018056,-0.873032,1.9075,-5.355,-1.645
11246,3569180,0.460672,0.02806,-0.8725441,2.0125,-5.495,-1.75
11247,3569277,0.455548,0.027084,-0.8718121,2.555,-5.6,-1.435
11248,3569374,0.46238,0.026352,-0.874984,2.9225,-5.075,-1.05
11249,3569472,0.46726,0.020496,-0.8786441,3.5,-4.7775,-0.6125
11250,3569569,0.476288,0.014396,-0.8764481,3.5175,-4.585,-0.3675
11251,3569667,0.47946,0.008052001,-0.8784,3.1675,-4.5675,-0.1925
11252,3569764,0.48678,0.014884,-0.873764,2.6775,-4.48,-0.1575
11253,3569861,0.488,0.009028001,-0.873764,2.345,-4.515,-0.4025
11254,3569959,0.474092,0.015372,-0.873276,1.9075,-4.8475,-0.7175
11255,3570056,0.458232,0.015372,-0.879376,1.715,-4.935,-0.8925
11256,3570153,0.465064,0.02684,-0.875716,1.995,-4.2875,-0.8575
11257,3570251,0.468724,0.020252,-0.871568,2.5725,-3.955,-0.5075
11258,3570348,0.473604,0.015372,-0.8703481,2.9575,-3.9025,-0.035
11259,3570446,0.471652,0.015372,-0.874252,3.325,-4.06,0.35
11260,3570543,0.472872,0.005856,-0.875228,3.36,-4.235,0.5775
11261,3570640,0.469456,0.027816,-0.8740081,3.2375,-4.9,0.8925
11262,3570738,0.457988,0.02806,-0.869128,3.71,-5.32,1.54
11263,3570835,0.443348,0.040016,-0.873764,4.2,-5.7575,2.695
11264,3570933,0.441396,0.033184,-0.876692,5.7575,-6.1425,4.48
11265,3571030,0.4392,0.040504,-0.877424,7.035,-6.9825,6.965
11266,3571127,0.454084,0.05587601,-0.87108,8.26,-7.385,9.73
11267,3571225,0.464332,0.02562,-0.87474,9.835,-7.0175,11.0425
11268,3571322,0.45506,0.012688,-0.8949921,10.01,-6.2125,10.36
11269,3571419,0.446276,0.026108,-0.906704,9.4675,-5.0225,9.73
11270,3571517,0.442616,0.029768,-0.9010921,9.9925,-3.955,10.2375
11271,3571614,0.44774,0.004148001,-0.887184,11.41,-2.8875,12.0925
11272,3571712,0.465064,0.006344,-0.88816,12.775,-2.66,14.0
11273,3571809,0.484828,0.023424,-0.882548,13.79,-3.1325,15.68
11274,3571906,0.513864,0.012688,-0.887916,14.5775,-3.7275,17.605
11275,3572004,0.51362,0.0183,-0.874252,16.1875,-3.92,18.9525
11276,3572101,0.523868,0.017812,-0.880352,16.345,-2.73,20.0025
11277,3572198,0.477508,0.00244,-0.906704,15.82,0.07,20.9825
11278,3572296,0.452864,0.015128,-0.941352,15.3475,5.74,21.21
11279,3572393,0.460916,-0.005856,-0.9320801,15.82,13.6325,22.12
11280,3572491,0.448228,-0.059536,-0.930128,15.0325,22.225,23.31
11281,3572588,0.425048,-0.102236,-0.922076,12.46,32.13,23.1875
11282,3572685,0.412604,-0.156404,-0.9767321,8.68,44.275,20.685
11283,3572783,0.423828,-0.124196,-0.959164,9.5025,58.8875,15.085
11284,3572880,0.431392,-0.118096,-0.9586761,7.1575,74.76,8.7675
11285,3572977,0.448716,-0.08442401,-0.976976,8.925,92.0675,3.395
11286,3573075,0.4514,-0.043676,-0.980636,9.8875,111.5625,-0.98
11287,3573172,0.419924,-0.032452,-0.999668,13.5275,132.055,-3.36
11288,3573270,0.454084,-0.017812,-1.004792,18.2175,154.805,-4.4625
11289,3573367,0.478484,-0.015372,-0.9911281,24.8325,177.59,-4.4975
11290,3573464,0.46116,0.012688,-1.025532,30.94,201.18,-3.2375
11291,3573562,0.472872,0.0366,-1.02236,39.6725,224.805,0.4725
11292,3573659,0.481412,0.067344,-1.053836,48.895,246.61,7.1925
11293,3573757,0.55144,0.106628,-1.083604,60.76,264.18,15.89
11294,3573854,0.590236,0.111508,-1.051152,75.5825,278.46,26.7225
11295,3573951,0.8108121,0.077104,-1.17364,85.92501,291.725,36.82
11296,3574049,1.176324,-0.04026,-1.445212,84.2625,300.545,45.3425
11297,3574146,1.769244,-0.35746,-1.15534,77.7525,288.9075,47.3025
11298,3574244,2.23626,-0.74664,-1.309792,45.7625,255.395,24.675
11299,3574341,1.945412,-0.5511961,-1.402512,-35.6125,199.115,-4.935
11300,3574438,1.013088,-0.361852,-0.994056,-88.83,131.1625,-19.46
11301,3574536,0.87108,-0.335744,-0.385276,-102.76,80.97251,-7.8575
11302,3574633,1.06018,-0.38308,-1.425204,-84.5075,74.0775,49.7525
11303,3574731,0.365756,-0.039284,-0.717848,-76.265,24.9025,79.135
11304,3574828,0.218624,0.179584,-0.63196,-69.72,9.6425,86.66
11305,3574925,0.035624,-0.050752,-0.528016,-47.67,1.9425,95.9175
11306,3575023,-0.03172,0.0427,-0.5499761,-52.535,-5.355,93.555
11307,3575120,-0.131272,0.256932,-0.581696,-60.515,-16.03,87.1325
11308,3575218,-0.138836,0.465552,-0.638304,-53.0075,-26.635,81.46251
11309,3575315,-0.153964,0.511668,-0.623908,-32.27,-39.62,71.575
11310,3575412,-0.173728,0.449448,-0.557784,-12.74,-52.955,54.0925
11311,3575510,-0.177144,0.286456,-0.484096,-5.8275,-62.3175,29.75
11312,3575607,-0.141764,0.15372,-0.470188,-13.4575,-67.7775,3.3075
11313,3575704,-0.03172,0.11712,-0.564372,-27.72,-70.8925,-19.04
11314,3575802,0.155428,0.03294,-0.70638,-35.49,-75.705,-32.4975
11315,3575899,0.324032,-0.06636801,-0.8169121,-37.8,-86.87,-39.13
11316,3575997,0.401136,-0.151036,-0.844484,-39.06,-103.8975,-42.0525
11317,3576094,0.40382,-0.208376,-0.79666,-40.1975,-121.065,-42.56
11318,3576191,0.402112,-0.283772,-0.7198,-40.915,-132.58,-41.02
11319,3576289,0.452864,-0.34526,-0.6771,-43.0325,-136.2725,-37.415
11320,3576386,0.559248,-0.32208,-0.705404,-46.3925,-134.575,-30.8175
11321,3576484,0.678808,-0.277916,-0.7754321,-44.59,-132.125,-20.5625
11322,3576581,0.770308,-0.266204,-0.827404,-36.855,-132.44,-7.3325
11323,3576678,0.827892,-0.283284,-0.8425321,-31.1325,-135.66,6.055
11324,3576776,0.87108,-0.218624,-0.837408,-33.845,-140.3675,15.8725
11325,3576873,0.892308,-0.105164,-0.787388,-40.5475,-145.075,21.5775
11326,3576971,0.887916,0.003416,-0.735904,-45.605,-146.58,23.5375
11327,3577068,0.904508,0.08052,-0.7015,-49.0175,-143.9025,21.385
11328,3577165,0.938424,0.1647,-0.715652,-52.99,-138.1975,15.5925
11329,3577263,0.9711201,0.236192,-0.74664,-56.7525,-132.65,7.0875
11330,3577360,0.975512,0.281332,-0.7666481,-59.4825,-128.905,-3.57
11331,3577457,0.981612,0.312076,-0.8047121,-61.145,-125.58,-15.085
11332,3577555,0.994056,0.296704,-0.8215481,-60.165,-122.5525,-25.7075
11333,3577652,1.025288,0.248636,-0.848388,-59.045,-119.2625,-35.035
11334,3577750,1.095804,0.242536,-0.9001161,-59.745,-115.955,-42.9275
11335,3577847,1.120204,0.230092,-0.9284201,-56.805,-115.3775,-48.5625
11336,3577944,1.091168,0.158356,-0.897188,-48.825,-116.41,-51.2925
11337,3578042,1.060668,0.068076,-0.872056,-42.6475,-115.0275,-51.8875
11338,3578139,1.044564,-0.013664,-0.863272,-40.25,-111.9825,-50.925
11339,3578237,1.025776,-0.064172,-0.8569281,-40.1975,-108.9025,-48.3875
11340,3578334,1.0004,-0.09735601,-0.844972,-40.6525,-105.525,-44.4325
11341,3578431,0.964288,-0.123708,-0.81862,-40.18,-101.78,-38.675
11342,3578529,0.91988,-0.150792,-0.799588,-39.5325,-97.16001,-31.2375
11343,3578626,0.8957241,-0.160796,-0.7890961,-40.5825,-91.0175,-22.9775
11344,3578724,0.889624,-0.154208,-0.793244,-42.77,-84.84,-14.5425
11345,3578821,0.893284,-0.124928,-0.8039801,-45.9725,-79.5725,-6.965
11346,3578918,0.9052401,-0.084912,-0.8100801,-49.0,-75.495,-1.33
11347,3579016,0.898652,-0.044652,-0.818376,-50.7325,-72.6075,2.3625
11348,3579113,0.8913321,-0.014884,-0.818132,-51.2925,-70.28,4.025
11349,3579210,0.865956,0.030744,-0.817644,-51.0475,-68.53,4.1125
11350,3579308,0.81862,0.049288,-0.79666,-48.8425,-66.885,3.535
11351,3579405,0.7659161,0.071004,-0.78202,-46.1475,-64.225,1.575
11352,3579503,0.714432,0.09442801,-0.76738,-42.35,-60.27,-1.47
11353,3579600,0.666852,0.105896,-0.76738,-38.0625,-55.16,-5.32
11354,3579697,0.6307401,0.102724,-0.767868,-33.25,-50.085,-10.15
11355,3579795,0.596092,0.101504,-0.779092,-29.085,-45.3075,-16.1
11356,3579892,0.5702281,0.08881599,-0.791536,-24.745,-40.7575,-22.4
11357,3579990,0.540216,0.071004,-0.80276,-20.58,-36.9775,-28.5075
11358,3580087,0.512888,0.041236,-0.813496,-17.0625,-33.285,-33.775
11359,3580184,0.500444,0.011712,-0.82838,-14.98,-29.4875,-38.08
11360,3580282,0.490928,-0.009028001,-0.847412,-14.385,-26.2675,-41.0025
11361,3580379,0.488488,-0.016104,-0.863028,-14.6825,-23.8525,-42.455
11362,3580477,0.479704,-0.020984,-0.874984,-14.7175,-22.715,-42.4025
11363,3580574,0.470676,-0.028548,-0.8827921,-14.175,-22.4175,-41.0375
11364,3580671,0.459696,-0.021716,-0.8940161,-13.93,-22.47,-38.9025
11365,3580769,0.439688,-0.016836,-0.904752,-12.6175,-23.24,-36.155
11366,3580866,0.415288,-0.036844,-0.9059721,-10.2025,-24.2025,-32.795
11367,3580964,0.390156,-0.046116,-0.9042641,-8.82,-24.9025,-29.4875
11368,3581061,0.360876,-0.05002,-0.902068,-8.295,-25.55,-26.2675
11369,3581159,0.343796,-0.037332,-0.902068,-8.1025,-25.3225,-22.995
11370,3581256,0.328424,-0.021228,-0.90158,-7.7,-24.815,-19.705
11371,3581353,0.316956,0.00366,-0.902556,-6.9125,-24.3425,-17.0975
11372,3581451,0.305244,0.030744,-0.8957241,-5.67,-23.8875,-15.33
11373,3581548,0.289384,0.056852,-0.892552,-4.3925,-23.5725,-14.595
11374,3581645,0.293776,0.08100801,-0.8908441,-2.9225,-22.8025,-14.7525
11375,3581743,0.30988,0.09150001,-0.8862081,-1.085,-22.1725,-15.435
11376,3581840,0.340868,0.102724,-0.87474,0.7175,-21.9275,-16.4325
11377,3581938,0.36966,0.113948,-0.8461921,2.5025,-21.875,-17.9725
11378,3582035,0.39406,0.133468,-0.803492,4.97,-21.56,-19.7925
11379,3582132,0.406992,0.128344,-0.750056,8.785,-19.8975,-21.42
11380,3582230,0.415288,0.110776,-0.708576,12.46,-16.7125,-23.24
11381,3582327,0.419192,0.10126,-0.691496,14.5425,-11.7425,-25.025
11382,3582425,0.437004,0.100772,-0.700524,16.17,-6.0375,-25.795
11383,3582522,0.444812,0.079544,-0.702476,18.375,-1.2075,-25.515
11384,3582619,0.443592,0.050752,-0.69784,20.0025,2.1175,-25.5325
11385,3582717,0.435296,0.052704,-0.689544,20.0725,5.005,-25.865
11386,3582814,0.431148,0.054656,-0.6753921,21.1575,8.1025,-25.76
11387,3582911,0.438224,0.042212,-0.662948,23.5375,11.305,-25.34
11388,3583009,0.449204,0.053436,-0.6497721,26.2325,14.315,-25.2875
11389,3583106,0.463356,0.050264,-0.633424,30.065,17.2025,-25.62
11390,3583204,0.467016,0.019032,-0.621712,34.265,20.1425,-26.355
11391,3583301,0.458232,0.00244,-0.6158561,36.505,23.17,-27.825
11392,3583398,0.458964,0.003416,-0.6231761,37.45,26.46,-28.9625
11393,3583496,0.479704,-0.022692,-0.630008,38.7275,29.19,-28.8225
11394,3583593,0.516792,-0.043676,-0.636108,39.165,30.7475,-28.2975
11395,3583690,0.554368,-0.06880801,-0.637084,38.465,30.7125,-27.5975
11396,3583788,0.616588,-0.073444,-0.659532,38.3775,29.8375,-26.705
11397,3583885,0.670512,-0.049532,-0.678564,41.545,28.63,-24.955
11398,3583983,0.683932,-0.059536,-0.64904,50.1725,26.9325,-21.2975
11399,3584080,0.673928,-0.099552,-0.582916,59.535,26.845,-16.8
11400,3584177,0.659044,-0.13054,-0.514352,64.34751,29.96,-12.8975
11401,3584275,0.659044,-0.127856,-0.465308,63.6475,35.9625,-9.73
11402,3584372,0.695644,-0.094916,-0.447984,59.5525,43.6275,-7.07
11403,3584470,0.758352,-0.06075601,-0.461648,55.6325,50.225,-4.9525
11404,3584567,0.810324,-0.040016,-0.485072,53.1125,53.6025,-3.9025
11405,3584664,0.390644,0.05246,-0.554368,52.745,53.1825,-3.325
11406,3584762,0.313296,-0.055144,-0.7956841,56.49,46.585,1.7675
11407,3584859,-0.931836,-0.01952,-1.33224,57.0675,46.025,12.565
11408,3584957,-4.252676,0.145912,-4.478864,36.2075,22.9425,26.495
11409,3585054,-2.51442,-0.539484,-3.887652,48.615,87.5175,69.93
11410,3585151,1.775344,-1.068232,0.290604,-55.09,148.26,54.9325
11411,3585249,2.136952,1.427888,0.47702,-188.9125,127.365,-28.1925
11412,3585346,2.384856,1.688724,-2.842844,-87.0625,137.13,-6.8425
11413,3585444,1.712392,0.397232,-1.70068,61.25,43.1375,20.1075
11414,3585541,-0.091012,0.011956,-0.323788,23.38,-48.7725,-11.9875
11415,3585638,-0.163236,0.1342,-0.65758,32.1125,-7.8925,-4.1475
11416,3585736,0.119072,0.116632,-0.793,45.1675,30.73,5.2675
11417,3585833,0.535336,0.280844,-0.8322841,45.5,33.2675,0.5775
11418,3585930,0.753228,0.116144,-1.00772,59.1325,33.18,6.055
11419,3586028,0.8481441,-0.477508,-1.132892,59.7275,19.145,8.89
11420,3586125,0.49898,-0.409188,-0.868396,36.33,-0.2975,5.2325
11421,3586222,0.5777921,-0.005124001,-0.984784,6.16,-1.0325,-2.9225
11422,3586320,0.546804,-0.050264,-0.91988,2.1875,-1.1725,-8.085
11423,3586417,0.470432,0.000244,-0.866932,0.8400001,-6.44,-8.855
11424,3586515,0.496296,0.136396,-0.89182,-2.415,-4.13,-8.155
11425,3586612,0.49044,-0.016836,-0.874252,2.8175,-5.6525,-6.1075
11426,3586709,0.500932,-0.08369201,-0.877424,2.6775,-7.0525,-6.125
11427,3586807,0.5185,0.054412,-0.9052401,-5.8975,-7.28,-7.6825
11428,3586902,0.492392,0.010248,-0.8954801,-7.28,-8.3125,-8.54
11429,3587000,0.438224,-0.014396,-0.8888921,-7.77,-9.625,-9.5025
11430,3587097,0.498736,0.050752,-0.87718,-12.3725,-8.75,-10.885
11431,3587195,0.504836,0.098576,-0.874252,-13.86,-9.345,-11.0425
11432,3587292,0.477752,0.073932,-0.872788,-11.8475,-11.06,-9.8525
11433,3587389,0.499712,0.044652,-0.882304,-10.9375,-10.7625,-9.03
11434,3587487,0.504348,0.05734,-0.876204,-12.3725,-11.0425,-9.17
11435,3587584,0.488732,0.071492,-0.8862081,-13.7025,-11.4625,-9.3275
11436,3587682,0.474092,0.052704,-0.875472,-13.3,-11.76,-9.24
11437,3587779,0.460672,0.07490801,-0.863516,-13.72,-11.865,-9.03
11438,3587876,0.455548,0.050996,-0.881572,-12.0225,-11.585,-8.5225
11439,3587974,0.46238,0.071492,-0.8676641,-11.6025,-11.095,-8.295
11440,3588071,0.442128,0.08369201,-0.8676641,-11.2175,-10.85,-7.805
11441,3588169,0.444324,0.118584,-0.862296,-9.3975,-10.1675,-6.895
11442,3588266,0.46482,0.09247601,-0.87352,-6.545,-8.6275,-5.6875
11443,3588363,0.457012,0.079056,-0.89182,-4.97,-8.785,-4.7775
11444,3588461,0.478972,0.07832401,-0.8874281,-5.88,-8.6975,-4.3925
11445,3588558,0.486292,0.0793,-0.874252,-6.44,-8.085,-4.27
11446,3588655,0.467992,0.102236,-0.86864,-6.7375,-7.5425,-4.2875
11447,3588753,0.477508,0.08808401,-0.86864,-5.215,-6.335,-4.095
11448,3588850,0.477264,0.091256,-0.877668,-4.62,-5.565,-3.955
11449,3588948,0.471652,0.081252,-0.87718,-4.305,-5.1975,-3.7275
11450,3589045,0.478728,0.098576,-0.8671761,-4.4275,-4.725,-3.57
11451,3589142,0.4636,0.099308,-0.873764,-3.64,-4.9175,-3.29
11452,3589240,0.467748,0.07832401,-0.870104,-2.17,-4.935,-3.0975
11453,3589337,0.4594521,0.104676,-0.8713241,-2.6075,-5.18,-3.1325
11454,3589434,0.470188,0.08442401,-0.875472,-1.4525,-5.11,-2.765
11455,3589532,0.478484,0.08881599,-0.869128,-1.3125,-4.97,-2.695
11456,3589629,0.45994,0.09540401,-0.869616,-1.4,-5.5125,-2.8175
11457,3589726,0.454572,0.104432,-0.871568,-0.6125,-5.11,-2.45
11458,3589824,0.457012,0.101992,-0.868396,0.56,-4.5675,-1.96
11459,3589921,0.475556,0.11224,-0.857172,1.2775,-4.235,-1.3825
11460,3590019,0.487024,0.099796,-0.858636,2.6075,-4.69,-0.9275
11461,3590116,0.487512,0.09028,-0.864492,2.835,-5.4425,-0.8925
11462,3590213,0.471164,0.09247601,-0.873764,3.1325,-6.02,-0.8925
11463,3590311,0.476532,0.08052,-0.8703481,3.29,-5.8625,-1.2075
11464,3590408,0.472384,0.086132,-0.873276,2.66,-5.81,-1.4175
11465,3590505,0.460916,0.089304,-0.875472,2.52,-5.8975,-1.54
11466,3590603,0.46726,0.099796,-0.8698601,2.7825,-5.7225,-1.4175
11467,3590700,0.477264,0.091988,-0.866444,3.36,-5.7575,-1.1375
11468,3590798,0.488732,0.083936,-0.864492,3.5175,-6.16,-1.12
11469,3590895,0.478972,0.06832001,-0.8718121,3.115,-6.965,-1.4175
11470,3590992,0.465064,0.08003201,-0.879376,2.1875,-7.5425,-1.995
11471,3591090,0.480192,0.060268,-0.881328,1.855,-7.595,-2.45
11472,3591187,0.48312,0.082472,-0.8662001,0.175,-7.9625,-3.115
11473,3591284,0.475068,0.08857201,-0.873032,-0.245,-8.5225,-3.5875
11474,3591382,0.488976,0.086132,-0.8725441,0.2975,-8.61,-3.64
11475,3591479,0.49288,0.07417601,-0.875228,0.2625,-8.645,-3.7975
11476,3591577,0.479948,0.077836,-0.874984,-0.1225,-8.7325,-4.2175
11477,3591674,0.4514,0.08418,-0.86864,-0.4025,-8.1725,-4.97
11478,3591771,0.391132,0.122244,-0.866932,0.2625,-7.4025,-5.0575
11479,3591869,0.390644,0.135664,-0.868152,2.835,-5.075,-4.165
11480,3591966,0.423828,0.135664,-0.860832,6.4225,-2.695,-2.6775
11481,3592064,0.425536,0.13054,-0.8637601,9.5025,-1.5575,-0.9625
11482,3592161,0.455792,0.09589201,-0.881572,12.2325,-0.9975,0.77
11483,3592258,0.466528,0.068076,-0.8827921,11.935,-1.2775,1.2775
11484,3592356,0.46848,0.098576,-0.874252,9.59,-2.0825,1.1025
11485,3592453,0.471164,0.062952,-0.880352,9.8175,-2.0475,1.1725
11486,3592551,0.459208,0.06563601,-0.8852321,9.1,-2.3975,0.665
11487,3592648,0.453108,0.075396,-0.8786441,8.1025,-2.625,0.175
11488,3592745,0.452376,0.080764,-0.8805961,7.91,-2.59,-0.0875
11489,3592843,0.44652,0.08442401,-0.878156,8.26,-2.4675,-0.14
11490,3592940,0.4553041,0.084912,-0.881328,8.5225,-2.205,0.0175
11491,3593038,0.465796,0.07442,-0.880352,8.54,-1.9775,0.1225
11492,3593135,0.473604,0.07978801,-0.8744961,7.8225,-2.17,0.14
11493,3593232,0.471896,0.086132,-0.871568,7.4025,-2.52,0.2625
11494,3593330,0.479216,0.07612801,-0.870104,7.6125,-2.59,0.7525
11495,3593427,0.477264,0.0732,-0.8718121,7.595,-2.66,1.155
11496,3593524,0.468968,0.067588,-0.8759601,7.4725,-2.905,1.155
11497,3593622,0.469212,0.068076,-0.877912,7.28,-3.045,1.015
11498,3593719,0.463844,0.071736,-0.87108,7.1575,-3.3775,1.05
11499,3593817,0.449692,0.069052,-0.8791321,7.2625,-3.605,1.12
11500,3593914,0.457744,0.071736,-0.875716,7.77,-3.36,1.0325
11501,3594011,0.458232,0.064172,-0.873764,7.4025,-3.22,0.91
11502,3594109,0.460184,0.060024,-0.8759601,7.6125,-3.045,0.9975
11503,3594206,0.460672,0.071004,-0.872056,7.4025,-2.8,0.805
11504,3594304,0.457744,0.073444,-0.87474,7.5775,-2.695,0.735
11505,3594401,0.450668,0.07564,-0.874252,7.9275,-2.4325,0.98
11506,3594498,0.44896,0.070516,-0.878888,8.54,-2.1525,1.3125
11507,3594596,0.435296,0.07222401,-0.883036,9.03,-1.575,1.5925
11508,3594693,0.458232,0.071736,-0.8801081,9.3625,-0.3675,1.8375
11509,3594790,0.460916,0.070516,-0.8725441,9.975,0.105,2.5375
11510,3594888,0.476044,0.067832,-0.87108,10.395,0.14,3.325
11511,3594985,0.477508,0.061732,-0.8703481,10.675,-0.2975,4.13
11512,3595083,0.4743361,0.057828,-0.8703481,10.6925,-0.6825,4.83
11513,3595180,0.480924,0.053924,-0.8676641,10.85,-0.77,5.4425
11514,3595277,0.465552,0.049532,-0.878888,10.6225,-0.7175,5.67
11515,3595375,0.455548,0.046116,-0.8805961,9.7475,-0.4025,5.705
11516,3595472,0.438956,0.046848,-0.9023121,8.61,0.4025,5.67
11517,3595569,0.434808,0.049776,-0.9018241,8.2425,2.1175,5.9675
11518,3595667,0.421632,0.054412,-0.911584,7.4725,4.0775,6.4925
11519,3595764,0.444324,0.09882,-0.903044,6.72,6.86,7.3675
11520,3595862,0.509228,0.061732,-0.8959681,7.0875,9.9925,9.6425
11521,3595959,0.54778,0.058804,-0.879864,6.79,12.565,12.1975
11522,3596056,0.503616,0.024156,-0.898408,5.8975,15.6975,13.3
11523,3596154,0.471164,-0.014152,-0.9211,4.375,19.32,13.6675
11524,3596251,0.467016,-0.03172,-0.919636,2.3625,25.9,12.5125
11525,3596349,0.483364,-0.009028001,-0.9228081,1.085,34.23,9.415
11526,3596446,0.4758,-0.022692,-0.9181721,2.625,43.4175,6.545
11527,3596543,0.482388,-0.026108,-0.9145121,3.5175,53.6725,3.08
11528,3596641,0.48312,-0.024156,-0.896212,4.5675,63.3675,-0.98
11529,3596738,0.491172,-0.011224,-0.89182,5.1625,72.6425,-5.285
11530,3596836,0.49166,-0.008784,-0.891088,6.055,81.0775,-8.96
11531,3596933,0.506056,-0.003172,-0.881816,6.6325,88.83,-11.97
11532,3597030,0.506544,0.01098,-0.879864,6.475,96.56501,-14.4025
11533,3597128,0.510692,0.01464,-0.8842561,6.825,105.2625,-16.065
11534,3597225,0.509228,0.027572,-0.877912,8.33,115.01,-17.255
11535,3597322,0.520208,0.06880801,-0.894504,9.66,126.84,-18.095
11536,3597420,0.516792,0.08442401,-0.907436,13.44,140.455,-17.1675
11537,3597517,0.521916,0.108092,-0.912804,17.71,156.275,-14.7875
11538,3597615,0.537288,0.170556,-0.935252,21.5425,175.245,-10.8325
11539,3597712,0.564128,0.31598,-1.0553,29.12,196.0525,-3.01
11540,3597809,0.548756,0.226188,-0.9947881,48.65,217.7525,9.9575
11541,3597907,0.599264,0.158844,-0.9813681,65.15251,242.1475,22.715
11542,3598004,0.713944,0.164212,-1.047248,67.6725,270.34,32.41
11543,3598101,0.898164,0.051484,-1.053104,73.85,294.6825,41.8425
11544,3598199,1.183156,-0.026352,-1.124108,69.44,312.095,43.575
11545,3598296,1.364448,-0.151036,-0.9772201,59.0275,315.035,38.1325
11546,3598394,1.474004,-0.1159,-1.009428,42.735,312.865,31.15
11547,3598491,1.492548,-0.034892,-1.136308,32.8125,298.83,28.91
11548,3598588,1.37738,-0.031964,-1.103856,37.73,272.7025,33.4425
11549,3598686,1.184864,-0.007808001,-1.13948,46.5675,246.715,37.5375
11550,3598783,0.921588,0.100772,-1.057252,52.2025,222.4775,38.9375
11551,3598881,0.654164,0.095648,-0.9191481,66.99,204.855,42.8925
11552,3598978,0.49044,0.264008,-0.780068,75.1975,190.3125,43.19
11553,3599075,0.305244,0.558516,-1.09434,97.2475,171.115,46.0425
11554,3599173,1.923208,0.316468,-2.00934,129.92,133.91,47.2325
11555,3599270,0.6653881,0.038308,-1.780224,128.415,48.65,35.98
11556,3599367,0.425292,0.372832,-1.520364,83.58001,-34.86,7.245
11557,3599465,0.025864,0.542656,-1.150216,62.5275,-83.1775,-9.9575
11558,3599562,-0.146888,0.571448,-0.921588,65.15251,-105.5425,-17.2375
11559,3599660,-0.161528,0.5002,-0.805932,71.2425,-110.775,-19.32
11560,3599757,-0.07442,0.393572,-0.79666,72.835,-112.1225,-18.1125
11561,3599854,0.031476,0.302316,-0.828868,64.68,-117.2325,-15.9425
11562,3599952,0.12566,0.277428,-0.8852321,48.265,-127.47,-13.405
11563,3600049,0.209108,0.282064,-0.9357401,30.59,-141.8725,-9.275
11564,3600147,0.29768,0.291336,-0.9799041,15.8375,-158.6375,-3.4825
11565,3600244,0.396012,0.280112,-0.9969841,3.9375,-176.5925,3.1325
11566,3600341,0.472872,0.238144,-0.987712,-6.4225,-196.4725,9.94
11567,3600439,0.524112,0.171776,-0.9506241,-17.8675,-216.2475,15.82
11568,3600536,0.563152,0.098088,-0.906704,-33.81,-233.2575,19.3025
11569,3600633,0.595116,0.038552,-0.8476561,-52.78,-246.7675,19.705
11570,3600731,0.610488,-0.001708,-0.782264,-72.695,-256.305,17.6925
11571,3600828,0.636108,-0.003904,-0.7427361,-91.28,-259.875,13.8775
11572,3600926,0.705648,0.002928,-0.755912,-103.8975,-256.8825,9.205
11573,3601023,0.783728,-0.045628,-0.803248,-107.835,-251.405,5.3725
11574,3601120,0.8718121,-0.140788,-0.843508,-107.4675,-245.21,2.065
11575,3601218,0.913048,-0.310856,-0.849852,-108.08,-240.485,-1.3475
11576,3601315,0.9394,-0.439444,-0.881572,-116.1475,-234.2025,-6.1075
11577,3601413,1.146068,-0.540704,-0.9442801,-129.2725,-223.79,-12.1275
11578,3601510,1.36274,-0.5309441,-1.047492,-137.48,-215.775,-17.815
11579,3601607,1.62992,-0.52948,-1.097024,-133.9975,-213.1325,-19.18
11580,3601705,1.799988,-0.545096,-1.023092,-115.6575,-216.65,-21.315
11581,3601802,1.857816,-0.624396,-0.830088,-88.02501,-219.8875,-27.4225
11582,3601899,1.876116,-0.697108,-0.620492,-60.2175,-216.825,-34.44
11583,3601997,1.96664,-0.666364,-0.477264,-36.54,-205.9575,-40.0225
11584,3602094,2.084248,-0.549732,-0.383812,-11.585,-192.78,-42.1925
11585,3602192,2.242848,-0.510204,-0.252296,17.85,-181.8775,-39.2175
11586,3602289,2.309704,-0.55266,0.007808001,41.4575,-175.2975,-32.8475
11587,3602386,2.284572,-0.428464,0.301096,45.9375,-168.84,-27.615
11588,3602484,2.21552,-0.381616,0.61488,44.8875,-156.9925,-21.4025
11589,3602581,2.23016,-0.359412,0.8569281,36.6625,-136.325,-15.295
11590,3602679,2.036912,-0.383324,1.288564,29.2075,-109.0775,-6.3525
11591,3602776,2.2997,-0.6036561,1.420324,24.2375,-57.7675,7.7175
11592,3602873,2.327028,-0.616832,1.602836,19.565,-8.995,19.95
11593,3602971,1.20292,0.034648,0.574132,16.7475,44.03,19.32
11594,3603068,-0.580476,-1.02846,-2.286768,43.6275,73.815,22.6275
11595,3603166,-0.259616,-0.888648,-2.093764,25.865,94.15,22.925
11596,3603263,1.753384,-0.008784,-0.82472,-70.5425,131.915,12.6875
11597,3603360,1.283684,0.473116,-0.9547721,-58.485,92.9425,7.665
11598,3603458,0.797636,0.58194,-1.564284,-42.875,73.43,-3.605
11599,3603555,0.46482,0.185684,-0.897188,-17.7625,50.47,-15.1025
11600,3603652,0.5653481,0.596336,-1.440332,-12.845,46.795,-19.775
11601,3603750,0.861808,-0.11468,-0.9418401,31.8675,41.72,-10.6225
11602,3603847,0.399916,0.06588,-0.759084,20.0025,12.4425,-12.46
11603,3603945,0.62952,0.051972,-1.022604,21.175,22.7325,-10.395
11604,3604042,0.733708,-0.089304,-0.930372,19.075,19.1625,-9.38
11605,3604139,0.602192,0.0854,-0.8744961,15.4175,8.3475,-7.2275
11606,3604237,0.548512,0.124684,-0.9289081,14.035,6.3175,-4.095
11607,3604334,0.547536,-0.149572,-0.894748,21.56,2.5725,-0.4725
11608,3604432,0.5673,-0.180804,-0.9120721,14.14,0.2975,-1.4875
11609,3604529,0.526308,-0.04392,-0.881572,0.9275,-2.52,-4.8825
11610,3604626,0.49654,0.009028001,-0.8827921,-2.8,-4.5675,-6.2825
11611,3604724,0.535336,-0.015128,-0.870592,-2.7125,-4.76,-6.895
11612,3604821,0.492636,0.033184,-0.8662001,-4.305,-6.1425,-7.07
11613,3604919,0.488244,0.033916,-0.876692,-3.465,-7.175,-6.5625
11614,3605016,0.476288,-0.00366,-0.8713241,-1.7325,-7.6125,-6.0375
11615,3605113,0.481412,-0.00244,-0.8805961,-3.22,-8.61,-5.9325
11616,3605211,0.493612,0.013176,-0.8679081,-4.34,-9.0475,-5.9325
11617,3605308,0.518744,0.03172,-0.86864,-5.25,-9.765,-5.7225
11618,3605405,0.505568,-0.000488,-0.870592,-4.1125,-10.3075,-5.3025
11619,3605503,0.498736,0.019764,-0.877912,-4.7075,-10.22,-5.11
11620,3605600,0.476288,0.031232,-0.87108,-5.0575,-10.2025,-5.1975
11621,3605698,0.496296,0.021472,-0.8764481,-4.97,-9.5375,-5.11
11622,3605795,0.491172,0.0549,-0.869128,-5.46,-9.1,-5.25
11623,3605892,0.500444,0.047824,-0.8713241,-5.285,-8.75,-4.8125
11624,3605990,0.49898,0.031964,-0.864492,-3.885,-8.26,-4.3225
11625,3606087,0.508984,0.040748,-0.873764,-4.1825,-7.5775,-4.2175
11626,3606185,0.510936,0.036112,-0.8652241,-4.515,-7.0525,-4.375
11627,3606282,0.515328,0.049776,-0.8610761,-5.04,-6.7375,-4.41
11628,3606379,0.497272,0.043432,-0.865468,-4.4275,-6.3175,-4.235
11629,3606477,0.494344,0.032452,-0.8740081,-4.165,-6.02,-4.41
11630,3606574,0.498004,0.032208,-0.874252,-4.655,-5.915,-4.8475
11631,3606671,0.5023961,0.022936,-0.8723001,-5.6,-6.16,-5.3375
11632,3606769,0.49166,0.022936,-0.877424,-7.14,-6.7725,-6.0375
11633,3606866,0.48434,0.01586,-0.881816,-8.6625,-6.8075,-6.86
11634,3606964,0.475312,0.048068,-0.864004,-10.2025,-7.0,-7.735
11635,3607061,0.44408,0.066124,-0.860344,-9.8175,-7.1225,-7.8225
11636,3607158,0.44164,0.09613601,-0.8527801,-7.035,-6.5625,-7.07
11637,3607256,0.46116,0.108092,-0.853512,-2.9225,-5.32,-5.4075
11638,3607353,0.467992,0.090768,-0.8591241,1.6975,-4.935,-3.4825
11639,3607451,0.474092,0.077836,-0.863028,4.515,-4.9175,-1.8025
11640,3607548,0.47702,0.07832401,-0.860588,6.23,-5.3725,-0.455
11641,3607646,0.480192,0.06588,-0.8591241,7.49,-5.705,0.595
11642,3607743,0.479948,0.043432,-0.8679081,8.5225,-5.7925,0.8400001
11643,3607840,0.482876,0.040504,-0.8676641,8.0675,-5.5125,0.7875
11644,3607938,0.470676,0.03538,-0.868884,7.8575,-5.705,0.665
11645,3608035,0.46848,0.03782,-0.8744961,7.6475,-5.53,0.5075
11646,3608132,0.483364,0.054412,-0.870104,7.63,-5.1275,0.28
11647,3608230,0.489708,0.043188,-0.865468,7.7525,-5.0925,0.4025
11648,3608327,0.48556,0.034892,-0.868152,7.6125,-4.9525,0.4375
11649,3608425,0.487024,0.029524,-0.868884,7.4375,-4.69,0.315
11650,3608522,0.478972,0.035868,-0.8725441,7.245,-4.4625,0.0175
11651,3608619,0.471652,0.04514,-0.866932,7.56,-4.305,-0.14
11652,3608717,0.44408,0.061,-0.8718121,8.12,-4.235,-0.035
11653,3608814,0.454572,0.050264,-0.872056,9.555,-4.1125,0.2975
11654,3608912,0.483364,0.043676,-0.8723001,10.3425,-3.6925,0.8400001
11655,3609009,0.486536,0.025376,-0.868884,10.64,-4.305,1.365
11656,3609106,0.482876,0.022692,-0.869128,10.185,-4.8125,1.61
11657,3609204,0.476044,0.024644,-0.8713241,9.4325,-4.935,1.4875
11658,3609301,0.47946,0.03172,-0.8713241,8.82,-4.9175,1.365
11659,3609399,0.471652,0.023668,-0.87352,8.7325,-5.005,1.26
11660,3609496,0.488732,0.016104,-0.872788,8.2775,-4.9,1.12
11661,3609593,0.479216,0.006588,-0.8725441,7.56,-5.285,0.8575
11662,3609691,0.472872,0.026596,-0.865956,6.51,-5.355,0.7
11663,3609788,0.449204,0.026108,-0.8744961,6.3,-5.5825,0.4375
11664,3609886,0.453108,0.022448,-0.875716,6.58,-5.53,0.1925
11665,3609983,0.461404,0.038552,-0.8725441,6.125,-5.2675,-0.035
11666,3610080,0.456768,0.02318,-0.871568,6.51,-5.25,0.0875
11667,3610178,0.473116,0.025864,-0.874252,6.4925,-4.8125,0.105
11668,3610275,0.484584,0.007076001,-0.874984,6.1775,-4.7775,0.2275
11669,3610373,0.49044,0.010492,-0.870104,5.3375,-5.11,0.14
11670,3610470,0.48678,0.006832001,-0.8671761,4.5675,-5.6525,0.0
11671,3610567,0.468968,0.003416,-0.871568,3.7275,-5.8975,-0.42
11672,3610665,0.449204,0.019276,-0.873276,2.8,-5.88,-0.8575
11673,3610762,0.436272,0.030012,-0.8801081,2.3625,-5.3025,-1.1025
11674,3610859,0.437248,0.032452,-0.8810841,2.3625,-4.4625,-0.945
11675,3610957,0.460184,0.03782,-0.873276,2.5725,-3.675,-0.3325
11676,3611054,0.460428,0.02684,-0.8769361,3.15,-3.5175,0.4025
11677,3611152,0.478484,0.027572,-0.8759601,3.5525,-3.5525,1.1725
11678,3611249,0.49532,0.029036,-0.86498,4.095,-3.675,1.925
11679,3611346,0.487756,0.012932,-0.866688,4.55,-4.34,2.5375
11680,3611444,0.475556,0.02074,-0.875716,4.48,-4.7775,2.59
11681,3611541,0.460184,0.013664,-0.87718,4.235,-4.6725,2.59
11682,3611639,0.466284,0.016104,-0.883524,3.6225,-4.2525,2.87
11683,3611736,0.47946,0.021716,-0.877912,3.71,-3.92,3.255
11684,3611833,0.487268,0.016104,-0.87352,3.92,-4.0075,3.71
11685,3611931,0.490928,0.015128,-0.866932,4.2875,-4.4625,4.2175
11686,3612028,0.4933681,0.021716,-0.869372,4.76,-4.97,4.515
11687,3612126,0.505324,0.005612,-0.8642481,5.6175,-5.565,4.865
11688,3612223,0.503616,0.0061,-0.8723001,5.845,-5.81,4.8475
11689,3612320,0.492148,0.016348,-0.8703481,6.4925,-6.1425,4.9
11690,3612418,0.471408,0.040504,-0.8810841,6.6675,-5.88,4.9525
11691,3612515,0.464088,0.040992,-0.892796,7.4025,-4.7075,5.7575
11692,3612613,0.449204,0.037576,-0.903044,8.2075,-2.485,7.4025
11693,3612710,0.454572,0.035624,-0.904508,8.54,1.0675,8.9075
11694,3612808,0.47824,0.040992,-0.8906,8.7325,5.32,10.4825
11695,3612905,0.485804,0.044408,-0.9089001,8.365,9.87,12.635
11696,3613002,0.46848,0.014396,-0.899872,8.5925,14.4725,14.7525
11697,3613099,0.4636,0.001464,-0.9293961,7.8225,21.7525,16.205
11698,3613197,0.450424,-0.036844,-0.9540401,9.835,30.6425,16.765
11699,3613294,0.413092,-0.107116,-0.9381801,10.5875,41.755,14.7875
11700,3613392,0.455792,-0.08784,-0.95038,8.54,56.245,9.3975
11701,3613489,0.443592,-0.09589201,-0.9372041,9.7125,70.1225,4.1125
11702,3613586,0.450668,-0.08564401,-0.945012,9.3275,85.89,-1.5225
11703,3613684,0.44408,-0.057584,-0.955016,10.64,101.9375,-7.035
11704,3613781,0.454816,-0.056608,-0.9547721,13.475,119.0875,-11.7775
11705,3613879,0.454816,-0.008540001,-0.96624,16.695,137.06,-15.54
11706,3613976,0.45628,0.012444,-0.99552,21.4725,156.4325,-17.5
11707,3614073,0.467016,0.035624,-1.009184,29.0675,177.1525,-17.1325
11708,3614171,0.455792,0.07442,-1.046272,36.575,200.445,-14.4725
11709,3614268,0.467016,0.09516001,-1.057252,45.8325,224.2975,-8.8725
11710,3614366,0.4758,0.136152,-1.050908,54.425,248.815,-0.245
11711,3614463,0.480192,0.15616,-1.042368,64.5925,273.6475,10.6925
11712,3614560,0.478972,0.162504,-1.048224,75.35501,300.3175,22.085
11713,3614658,0.531188,0.143716,-1.04432,88.30501,330.225,32.3575
11714,3614755,0.59902,0.150304,-1.107516,98.945,362.5475,40.5825
11715,3614852,0.752008,0.05587601,-1.081408,110.81,394.765,46.6375
11716,3614950,1.02602,-0.330864,-0.853756,127.2775,418.8625,44.9575
11717,3615047,1.336876,-0.425048,-0.701988,124.3375,428.54,32.27
11718,3615145,1.93004,-0.297436,-0.8405801,104.44,425.6875,19.8625
11719,3615242,2.033984,-0.257908,-0.9618481,109.2875,389.305,21.8225
11720,3615339,1.960784,-0.043676,-1.116056,120.6975,332.78,31.9725
11721,3615437,1.638704,0.067588,-1.110688,147.07,273.525,46.27
11722,3615534,1.208288,0.075396,-0.951844,175.2625,223.23,55.0375
11723,3615632,0.718824,0.332572,-0.673684,177.835,178.0625,49.1925
11724,3615729,0.435784,0.23058,-0.796904,181.965,124.5475,36.2425
11725,3615826,1.819996,-0.938912,-1.880264,159.18,51.8875,35.63
11726,3615924,0.440664,-0.63196,-1.679208,16.4325,-50.5575,33.215
11727,3616021,0.160308,0.695156,-1.344928,-103.4775,-167.0725,-1.5225
11728,3616119,-0.153232,0.866932,-0.8569281,-78.47,-180.635,2.8175
11729,3616216,-0.138836,0.77104,-0.6946681,-9.4675,-175.2975,10.08
11730,3616313,0.0061,0.4743361,-0.649528,40.775,-160.755,11.9525
11731,3616411,0.152256,0.13786,-0.674416,56.7,-158.8125,13.3175
11732,3616508,0.253516,0.004148001,-0.742004,32.165,-165.9,9.24
11733,3616606,0.355508,0.04758,-0.822768,-4.9525,-179.5675,4.6725
11734,3616703,0.444324,0.117364,-0.874252,-33.8275,-197.1375,3.2725
11735,3616800,0.527772,0.119804,-0.8708361,-47.565,-216.0375,5.5475
11736,3616898,0.57218,0.05636401,-0.8235001,-53.6375,-234.7275,9.03
11737,3616995,0.5926761,-0.005368,-0.743956,-61.495,-251.1075,10.36
11738,3617092,0.596336,-0.05368,-0.661728,-72.06501,-263.7775,9.31
11739,3617190,0.61854,-0.086132,-0.6219561,-84.33249,-270.62,6.5275
11740,3617287,0.677588,-0.113216,-0.634644,-95.06,-272.6325,3.1325
11741,3617384,0.7747001,-0.149572,-0.6756361,-101.5,-272.79,0.5075
11742,3617482,0.8549761,-0.236924,-0.701988,-103.6875,-273.9625,0.1575
11743,3617579,0.9284201,-0.366488,-0.69662,-106.505,-274.68,1.19
11744,3617677,0.9767321,-0.45872,-0.678076,-115.57,-273.56,2.2225
11745,3617774,1.015772,-0.49044,-0.66246,-129.255,-268.6775,3.6575
11746,3617871,1.05896,-0.458232,-0.657336,-141.2425,-258.51,3.64
11747,3617969,1.102148,-0.401136,-0.66734,-145.565,-244.0725,3.0975
11748,3618066,1.300032,-0.354044,-0.727608,-140.2625,-224.175,3.71
11749,3618164,1.601372,-0.399916,-0.8479,-122.8675,-206.71,6.51
11750,3618261,1.86904,-0.5797441,-0.882548,-102.97,-200.27,9.975
11751,3618358,1.971032,-0.743468,-0.751276,-94.97251,-205.8875,9.485
11752,3618456,1.939556,-0.76982,-0.515328,-100.2925,-212.8175,2.8875
11753,3618553,1.941508,-0.6688041,-0.320128,-105.4725,-208.9325,-6.37
11754,3618651,2.005924,-0.565104,-0.179828,-95.2875,-194.2325,-12.2325
11755,3618748,2.07766,-0.56364,-0.025132,-68.915,-175.9625,-12.0225
11756,3618845,2.067412,-0.5172801,0.132004,-40.705,-158.7425,-8.05
11757,3618943,1.996164,-0.48312,0.31476,-16.555,-142.6425,-1.3475
11758,3619040,1.954196,-0.445788,0.450912,-1.575,-124.005,5.775
11759,3619137,1.901492,-0.380396,0.533872,3.5525,-103.4775,10.78
11760,3619235,1.82512,-0.282064,0.590236,1.8025,-82.635,13.755
11761,3619332,1.529636,-0.000976,0.865468,9.31,-59.2725,13.4925
11762,3619430,1.83,0.07978801,0.748348,34.0725,-16.9925,7.91
11763,3619527,1.135332,0.201056,0.568764,68.9325,18.0075,-5.1275
11764,3619624,0.521184,-0.367952,-1.129232,87.53501,35.035,-24.535
11765,3619722,-0.476044,-1.148508,-2.043256,93.9575,28.0,-40.8975
11766,3619819,-0.8725441,-1.7507,-1.059936,60.0075,40.74,-44.2225
11767,3619917,0.483852,-1.749724,-0.41602,-11.3575,101.1675,-9.8
11768,3620014,1.631872,-1.157292,-0.9433041,-59.6575,137.4975,26.1275
11769,3620111,1.390312,0.765428,-2.217716,-122.5175,102.7425,20.86
11770,3620209,2.09718,2.287988,-1.732644,-106.365,43.645,-12.2675
11771,3620306,0.195688,0.854244,-0.377712,3.0625,-30.0825,-16.275
11772,3620404,0.377224,-0.977464,-1.025288,78.05,-2.2925,6.7025
11773,3620501,0.315004,-0.87474,-0.854732,22.7675,9.52,-3.3425
11774,3620598,0.417972,0.266936,-0.8169121,-27.8425,0.7,-17.115
11775,3620696,0.702232,0.497516,-0.990396,-28.525,9.66,-19.3725
11776,3620793,0.488976,0.059536,-0.8410681,4.6025,-1.2425,-9.7825
11777,3620890,0.47824,-0.061976,-0.865468,8.96,-1.435,-4.935
11778,3620988,0.527528,0.082228,-0.8913321,1.8375,-0.455,-3.815
11779,3621085,0.526308,0.12688,-0.9093881,2.2225,-1.68,-2.87
11780,3621183,0.470188,-0.048312,-0.896212,8.1025,-3.255,-1.9775
11781,3621280,0.446764,-0.089304,-0.8764481,5.705,-4.095,-2.3625
11782,3621377,0.47214,-0.120536,-0.92232,0.035,-3.7625,-4.41
11783,3621475,0.500444,-0.158112,-0.8959681,-5.355,-3.4125,-8.2775
11784,3621572,0.492148,-0.070028,-0.905484,-13.3175,-4.445,-11.8825
11785,3621670,0.516304,-0.040992,-0.887672,-17.85,-5.67,-13.93
11786,3621767,0.488,-0.036356,-0.8906,-19.8275,-7.595,-14.665
11787,3621864,0.457988,-0.014152,-0.8857201,-21.7,-8.785,-15.1025
11788,3621962,0.496052,0.0,-0.876204,-22.575,-8.5225,-15.1025
11789,3622059,0.475068,0.037576,-0.857172,-22.2775,-10.5,-14.42
11790,3622157,0.450668,0.050996,-0.86498,-20.615,-11.2175,-13.09
11791,3622254,0.45384,0.037332,-0.865468,-17.92,-10.745,-12.0225
11792,3622351,0.463844,0.071492,-0.868152,-16.9575,-9.9925,-10.85
11793,3622449,0.477752,0.077104,-0.868884,-14.3675,-9.2925,-9.415
11794,3622546,0.480924,0.070028,-0.8759601,-11.375,-9.0825,-7.77
11795,3622644,0.485804,0.077348,-0.8662001,-9.1175,-8.9775,-6.265
11796,3622741,0.468968,0.08564401,-0.8718121,-6.93,-9.275,-4.725
11797,3622838,0.489708,0.068076,-0.868152,-4.0775,-8.3825,-3.5175
11798,3622936,0.460672,0.08100801,-0.869372,-2.6075,-8.1375,-2.6425
11799,3623033,0.480192,0.06563601,-0.86864,-0.0175,-7.3675,-1.7325
11800,3623130,0.495076,0.072468,-0.872056,1.3825,-6.265,-1.225
11801,3623228,0.502884,0.069296,-0.8808401,2.5025,-5.845,-0.875
11802,3623325,0.496784,0.06466001,-0.879376,3.1325,-5.6,-0.56
11803,3623423,0.484828,0.045384,-0.881572,4.095,-5.74,-0.49
11804,3623520,0.478484,0.05636401,-0.876692,4.0775,-5.8275,-0.4025
11805,3623617,0.467748,0.044408,-0.875228,4.4975,-5.9675,-0.3325
11806,3623715,0.459696,0.0305,-0.876204,5.18,-5.845,-0.1225
11807,3623812,0.454572,0.038552,-0.875228,5.3375,-5.4775,-0.28
11808,3623909,0.462136,0.043432,-0.8784,5.9325,-5.075,-0.385
11809,3624007,0.472384,0.049044,-0.875716,6.58,-4.9875,-0.28
11810,3624104,0.476044,0.0488,-0.8718121,7.315,-5.005,0.0175
11811,3624202,0.468724,0.044896,-0.872788,7.9275,-5.0575,0.385
11812,3624299,0.447984,0.03416,-0.872788,8.365,-5.1975,0.5425
11813,3624396,0.445544,0.03172,-0.870104,8.54,-4.7075,0.5425
11814,3624494,0.4331,0.036112,-0.882304,8.3125,-4.4275,0.49
11815,3624591,0.433344,0.037576,-0.877424,8.9425,-4.4275,0.6825
11816,3624689,0.445788,0.06832001,-0.875228,10.99,-3.92,1.6975
11817,3624786,0.4594521,0.046848,-0.8662001,15.225,-4.0075,3.5525
11818,3624883,0.46238,0.045628,-0.869616,16.415,-4.0075,4.62
11819,3624981,0.467748,0.034648,-0.8786441,16.0475,-4.0775,4.76
11820,3625078,0.454572,0.020496,-0.878888,15.3825,-4.585,4.655
11821,3625175,0.449204,0.014396,-0.887916,13.79,-4.9525,4.3925
11822,3625273,0.458476,0.002196,-0.883524,12.985,-5.495,4.2
11823,3625370,0.462136,-0.002928,-0.884012,11.7075,-5.8975,3.78
11824,3625468,0.469944,-0.006588,-0.8845,10.465,-6.23,3.3075
11825,3625565,0.472628,-0.006588,-0.887916,9.1875,-6.335,2.66
11826,3625662,0.46604,-0.00976,-0.887184,7.665,-6.2125,1.8725
11827,3625760,0.467504,-0.011468,-0.890112,6.5275,-5.9325,1.2075
11828,3625857,0.47214,-0.005368,-0.889868,5.215,-5.67,0.5425
11829,3625955,0.475068,-0.004392,-0.8857201,4.41,-5.53,0.105
11830,3626052,0.466528,-0.001464,-0.8827921,3.745,-5.4425,-0.3675
11831,3626149,0.462624,0.007320001,-0.8852321,2.975,-5.355,-0.63
11832,3626247,0.458476,0.004392,-0.885476,2.625,-5.215,-0.7
11833,3626344,0.467504,0.003416,-0.882548,2.0475,-5.0575,-0.805
11834,3626442,0.469944,0.009516001,-0.8791321,1.4875,-5.285,-0.875
11835,3626539,0.470432,0.010492,-0.8791321,1.225,-5.67,-0.8575
11836,3626636,0.468968,0.012932,-0.878156,1.4175,-6.195,-0.7175
11837,3626734,0.468236,0.020496,-0.877668,1.6625,-6.6325,-0.3325
11838,3626831,0.466772,0.008296001,-0.876692,2.2225,-6.825,0.1575
11839,3626929,0.460428,-0.00244,-0.878888,2.0475,-6.72,-0.0175
11840,3627026,0.4553041,0.001464,-0.884012,1.61,-6.2825,-0.42
11841,3627123,0.45628,0.000488,-0.8820601,1.61,-5.8625,-0.7
11842,3627221,0.458964,0.000976,-0.885476,1.6975,-5.9675,-0.7875
11843,3627318,0.464088,0.008052001,-0.880352,1.855,-6.16,-0.9625
11844,3627416,0.471164,0.008540001,-0.877424,1.995,-6.4575,-0.8400001
11845,3627513,0.46726,0.008784,-0.877668,2.3625,-6.965,-0.6125
11846,3627610,0.458232,0.010736,-0.8866961,2.6775,-7.245,-0.3325
11847,3627708,0.466772,0.010736,-0.881572,3.22,-7.63,-0.2275
11848,3627805,0.467748,0.007808001,-0.8791321,3.885,-7.91,0.1225
11849,3627902,0.46848,0.0061,-0.877912,4.4275,-8.3125,0.6125
11850,3628000,0.461648,0.00366,-0.872788,5.285,-8.855,0.9625
11851,3628097,0.4404201,0.00976,-0.88816,5.495,-9.5025,1.1725
11852,3628195,0.436028,0.022936,-0.88328,5.6525,-9.6425,1.4875
11853,3628292,0.442128,0.01098,-0.884012,5.7575,-9.52,2.24
11854,3628389,0.451156,0.001952,-0.883524,5.67,-8.9075,2.625
11855,3628487,0.449692,-0.000732,-0.884012,5.5125,-8.715,2.625
11856,3628584,0.45384,-0.000976,-0.883768,5.145,-8.365,2.38
11857,3628682,0.453352,-0.012688,-0.882548,5.0575,-8.295,2.3275
11858,3628779,0.453352,-0.004636001,-0.8874281,4.8125,-7.9625,2.065
11859,3628876,0.441152,0.001708,-0.88328,4.725,-7.5775,1.8375
11860,3628974,0.444812,0.008296001,-0.891576,4.9,-6.9125,1.715
11861,3629071,0.454816,0.005612,-0.896944,5.6525,-6.3,1.855
11862,3629168,0.44774,0.05587601,-0.9089001,5.88,-5.5825,2.0825
11863,3629266,0.453108,0.05978,-0.90158,7.5075,-4.7425,3.64
11864,3629363,0.452864,0.014396,-0.891088,9.8175,-4.2875,5.915
11865,3629461,0.457012,0.011712,-0.893284,10.6925,-3.6575,6.685
11866,3629558,0.44896,0.013176,-0.90036,10.15,-2.1,7.35
11867,3629655,0.45018,0.002684,-0.894504,9.5725,0.5425,8.085
11868,3629753,0.474092,-0.032452,-0.868396,9.2575,3.4475,8.7325
11869,3629850,0.446032,-0.034892,-0.898896,7.4725,6.5275,8.085
11870,3629948,0.440908,-0.011956,-0.919636,6.125,10.22,7.91
11871,3630045,0.437004,0.011224,-0.9433041,5.6525,15.8375,8.715
11872,3630142,0.444324,0.005368,-0.935984,7.14,22.1025,10.3775
11873,3630240,0.426268,-0.043432,-0.949404,8.995,29.3125,10.955
11874,3630337,0.3599,-0.127856,-0.9052401,10.325,38.3425,9.205
11875,3630434,0.428952,-0.06954,-0.9701441,4.025,52.0975,4.62
11876,3630532,0.392596,-0.08881599,-0.964532,5.425,64.505,1.47
11877,3630629,0.396012,-0.109068,-0.9674601,4.62,79.9575,-3.0625
11878,3630726,0.391132,-0.113948,-0.982588,6.7375,97.545,-9.0125
11879,3630824,0.40138,-0.087352,-0.989664,8.82,117.81,-15.3475
11880,3630921,0.405772,-0.043432,-1.0126,11.55,139.86,-20.51
11881,3631019,0.424316,-0.004392,-1.030656,17.675,163.7125,-23.6775
11882,3631116,0.435784,0.036112,-1.04798,24.78,188.825,-24.36
11883,3631213,0.465064,0.121512,-1.09556,33.81,213.71,-21.0
11884,3631311,0.475068,0.174704,-1.113372,45.115,238.07,-13.0025
11885,3631408,0.493856,0.247416,-1.1285,58.6425,261.52,-0.63
11886,3631505,0.510936,0.235216,-1.098488,76.3175,283.0975,16.9925
11887,3631603,0.516304,0.241804,-1.083604,90.59751,306.8275,35.4725
11888,3631700,0.581696,0.201056,-1.03822,106.015,333.655,52.64
11889,3631798,0.636108,0.121024,-1.033584,121.5025,361.4275,66.9375
11890,3631895,0.781044,-0.022448,-0.9921041,130.1125,387.625,74.62
11891,3631992,0.9237841,-0.187636,-0.883524,128.0125,411.67,73.255
11892,3632090,1.372744,-0.455792,-0.75884,124.6,425.18,62.7375
11893,3632187,1.914912,-0.389424,-0.964776,110.6175,410.025,49.6125
11894,3632284,2.074488,-0.245952,-1.09312,108.4475,371.455,48.895
11895,3632382,1.965664,-0.103212,-1.282708,111.195,313.215,49.2625
11896,3632479,1.635288,0.000732,-1.132892,122.4475,248.2375,52.64
11897,3632577,1.020896,0.091012,-1.01382,133.8575,196.21,53.375
11898,3632674,0.50386,0.459696,-0.7707961,131.075,145.355,43.2075
11899,3632771,-0.019764,-0.305976,-0.838628,155.925,82.4425,34.93
11900,3632869,1.923452,-0.77714,-3.253984,69.0725,10.465,22.435
11901,3632966,-0.330864,0.569252,-1.464732,-50.5575,-136.2725,-26.4425
11902,3633063,-0.176656,1.125084,-1.27002,-89.88,-186.1825,-57.7675
11903,3633161,-0.417972,0.989176,-0.8522921,-12.53,-186.935,-60.62
11904,3633258,-0.257908,0.537044,-0.7808001,55.58,-173.565,-61.285
11905,3633356,-0.0793,0.049044,-0.746152,81.235,-167.8425,-58.03
11906,3633453,0.04148,-0.210328,-0.7861681,58.5025,-174.6325,-56.7175
11907,3633550,0.138836,-0.248392,-0.8383841,12.9675,-188.3175,-53.8825
11908,3633648,0.24888,-0.148352,-0.87108,-28.63,-204.4525,-46.8825
11909,3633745,0.34892,-0.069296,-0.8764481,-51.7825,-220.57,-34.265
11910,3633842,0.445056,-0.07612801,-0.8513161,-59.255,-234.9025,-18.48
11911,3633940,0.525088,-0.15494,-0.811788,-61.6875,-246.8025,-4.305
11912,3634037,0.611464,-0.259616,-0.781044,-68.145,-255.745,5.9675
11913,3634135,0.721264,-0.330132,-0.777628,-81.795,-262.255,11.6025
11914,3634232,0.8357,-0.347212,-0.787632,-98.7175,-267.89,13.405
11915,3634329,0.941108,-0.30622,-0.813008,-112.28,-273.28,13.755
11916,3634427,1.032608,-0.2745,-0.831064,-116.4975,-277.375,14.63
11917,3634524,1.091412,-0.284992,-0.8291121,-112.2625,-278.635,16.4675
11918,3634622,1.17486,-0.301584,-0.820328,-106.225,-275.065,18.6025
11919,3634719,1.213656,-0.296216,-0.814472,-100.345,-269.22,20.335
11920,3634816,1.263676,-0.2928,-0.77836,-95.6025,-261.17,21.455
11921,3634914,1.275632,-0.268888,-0.729072,-93.1875,-251.6325,20.3875
11922,3635011,1.39202,-0.300852,-0.678808,-90.79,-237.125,16.4675
11923,3635108,1.65554,-0.41114,-0.671976,-89.67,-219.835,9.6075
11924,3635206,1.962736,-0.472628,-0.66368,-93.6425,-207.375,1.3825
11925,3635303,2.140368,-0.508008,-0.538508,-96.35501,-203.6125,-5.67
11926,3635401,2.179896,-0.532896,-0.314028,-94.2025,-200.1825,-11.55
11927,3635498,2.20088,-0.557052,-0.05172801,-86.7475,-188.2125,-16.1
11928,3635595,2.199416,-0.554124,0.186904,-75.3025,-168.3675,-16.59
11929,3635693,2.159644,-0.50386,0.368684,-60.8125,-144.6025,-13.16
11930,3635790,2.087908,-0.470432,0.499712,-42.7525,-119.385,-6.3875
11931,3635887,2.05814,-0.467504,0.559004,-27.3525,-93.87,2.695
11932,3635985,2.073268,-0.502884,0.565836,-20.44,-70.3325,12.215
11933,3636082,2.030324,-0.410164,0.59658,-23.6775,-52.6925,20.475
11934,3636180,1.845372,-0.133712,0.776896,-18.235,-39.34,26.215
11935,3636277,1.941996,-0.156892,0.665144,11.8475,-12.6175,34.615
11936,3636374,1.247084,-0.19642,0.568032,50.2075,6.1425,28.595
11937,3636472,0.58682,-0.372832,-0.878156,62.685,21.385,4.62
11938,3636569,-1.100684,-0.976488,-2.131096,82.005,15.8025,-11.48
11939,3636667,-1.04798,-1.552084,-1.384212,57.015,48.02,-17.71
11940,3636764,0.8210601,-1.385188,-0.389424,-25.095,115.5525,10.185
11941,3636861,2.136464,0.623664,-2.03618,-71.3825,137.6725,26.8275
11942,3636959,2.460496,1.803892,-1.975668,-28.6475,72.31,9.555
11943,3637056,0.198616,0.750056,-0.517768,9.8175,-33.145,-7.525
11944,3637154,0.273036,-1.111176,-0.9186601,93.135,-10.78,12.6
11945,3637251,0.5119121,-0.9489161,-1.017724,18.6025,19.0575,-3.5175
11946,3637348,0.30744,0.13786,-0.731512,-28.1925,-3.5525,-17.3075
11947,3637446,0.610732,0.424072,-0.970876,-32.8125,8.435,-22.82
11948,3637543,0.482388,0.065148,-0.820084,-2.73,2.345,-15.5225
11949,3637641,0.429196,0.046604,-0.8298441,3.5175,0.4375,-9.5375
11950,3637738,0.501176,0.107604,-0.9010921,4.165,3.29,-5.8275
11951,3637835,0.5607121,0.054412,-0.873032,8.9775,1.89,-2.59
11952,3637933,0.482876,0.057096,-0.869372,12.1275,-1.1025,0.3675
11953,3638030,0.440908,0.014396,-0.8862081,14.91,-2.555,2.87
11954,3638128,0.5246,-0.109068,-0.9120721,16.0475,-2.4325,4.06
11955,3638225,0.555832,-0.120292,-0.874252,9.975,-3.7625,2.9925
11956,3638322,0.5119121,-0.0427,-0.889868,2.94,-5.6525,0.91
11957,3638420,0.503372,-0.053192,-0.888404,1.8025,-5.67,-0.5425
11958,3638517,0.5172801,-0.04026,-0.882548,0.5075,-5.18,-1.6275
11959,3638614,0.518256,-0.025376,-0.877912,-0.7,-5.145,-2.5725
11960,3638712,0.504348,-0.033428,-0.8725441,-0.7175,-5.6175,-3.3075
11961,3638809,0.489464,-0.021716,-0.871568,-1.4175,-5.9675,-3.955
11962,3638907,0.487268,-0.031964,-0.873276,-1.89,-6.2475,-4.515
11963,3639004,0.470188,-0.028304,-0.873032,-3.0275,-6.5975,-5.3725
11964,3639101,0.438468,-0.015372,-0.8713241,-3.5875,-7.3675,-5.915
11965,3639199,0.44896,0.007076001,-0.8662001,-3.675,-7.14,-5.74
11966,3639296,0.461892,0.024644,-0.8708361,-3.01,-7.175,-4.6725
11967,3639393,0.485804,0.021716,-0.869128,-1.4175,-7.2625,-3.22
11968,3639491,0.507276,0.017568,-0.873032,-0.2625,-7.4725,-1.645
11969,3639588,0.493856,0.012932,-0.868884,1.155,-8.015,-0.07
11970,3639686,0.487024,0.0183,-0.862784,2.7475,-8.47,1.6275
11971,3639783,0.482144,-0.002196,-0.862296,5.285,-8.4875,3.185
11972,3639880,0.462624,0.01098,-0.869372,8.365,-8.26,4.4625
11973,3639978,0.478484,0.007076001,-0.8615641,12.285,-7.35,5.95
11974,3640075,0.475068,0.020008,-0.87352,16.2575,-7.49,7.56
11975,3640173,0.487512,0.024888,-0.8769361,18.445,-7.245,9.24
11976,3640270,0.47824,0.0,-0.883524,20.02,-8.0675,10.5525
11977,3640367,0.486048,-0.027084,-0.895236,19.7925,-8.75,11.4975
11978,3640465,0.490196,-0.027816,-0.8866961,18.865,-9.5025,12.075
11979,3640562,0.485804,-0.018544,-0.875716,17.955,-10.4475,12.4775
11980,3640660,0.482388,-0.029036,-0.876692,16.9925,-10.395,12.5125
11981,3640757,0.473848,-0.04026,-0.879376,15.295,-9.9575,11.655
11982,3640854,0.4819,-0.06075601,-0.876204,14.035,-9.205,10.3425
11983,3640952,0.486536,-0.07027201,-0.878156,12.7925,-8.2775,8.9075
11984,3641049,0.485804,-0.06222,-0.881816,11.305,-7.56,7.77
11985,3641146,0.475312,-0.059536,-0.876692,9.6075,-6.7025,6.7025
11986,3641244,0.471164,-0.050264,-0.877424,7.5075,-5.5475,5.915
11987,3641341,0.467992,-0.047092,-0.875716,6.6675,-4.7425,5.565
11988,3641438,0.469456,-0.05172801,-0.872056,6.1075,-3.955,5.3725
11989,3641536,0.4636,-0.047824,-0.876692,5.775,-4.1125,5.145
11990,3641633,0.463844,-0.041968,-0.879864,5.355,-3.9375,5.005
11991,3641731,0.461404,-0.06222,-0.8698601,5.74,-4.1825,4.9525
11992,3641828,0.453352,-0.07417601,-0.8725441,5.845,-4.76,4.48
11993,3641925,0.457744,-0.09150001,-0.864492,5.635,-5.3725,3.7625
11994,3642023,0.449692,-0.08052,-0.874252,5.18,-6.0375,2.5375
11995,3642120,0.451156,-0.071248,-0.872788,4.6725,-6.4925,1.33
11996,3642217,0.454084,-0.06539201,-0.872788,4.55,-6.86,0.665
11997,3642315,0.456524,-0.059536,-0.873276,4.1475,-7.4375,0.035
11998,3642412,0.45872,-0.061,-0.875472,3.7625,-7.77,-0.21
11999,3642510,0.465552,-0.054168,-0.877668,3.5,-7.98,-0.1925
12000,3642607,0.470676,-0.055388,-0.8764481,3.3075,-7.9975,0.035
12001,3642704,0.458964,-0.06222,-0.874252,3.255,-8.295,0.2275
12002,3642802,0.453108,-0.062464,-0.8744961,3.255,-8.54,0.07
12003,3642899,0.449448,-0.060024,-0.881572,2.94,-8.6975,-0.1925
12004,3642996,0.4453,-0.060512,-0.882548,2.59,-8.9425,-0.525
12005,3643094,0.461892,-0.066124,-0.875472,2.2225,-9.0825,-0.6475
12006,3643191,0.464332,-0.05929201,-0.877424,1.9775,-9.31,-0.77
12007,3643288,0.4758,-0.06832001,-0.872788,2.0125,-9.2225,-0.7
12008,3643386,0.467016,-0.06563601,-0.8808401,1.925,-9.1,-0.63
12009,3643483,0.470188,-0.068076,-0.879864,1.9425,-8.715,-0.805
12010,3643581,0.46238,-0.072956,-0.8808401,1.855,-8.365,-1.015
12011,3643678,0.456036,-0.061488,-0.881816,1.7325,-8.1025,-1.225
12012,3643775,0.464088,-0.063196,-0.878156,1.785,-8.05,-1.33
12013,3643873,0.459208,-0.059048,-0.87718,1.8025,-8.26,-1.435
12014,3643970,0.45262,-0.060268,-0.8791321,1.89,-8.575,-1.6625
12015,3644067,0.458232,-0.066124,-0.8786441,1.89,-8.785,-1.7675
12016,3644165,0.458964,-0.0671,-0.8847441,2.065,-8.9425,-1.96
12017,3644262,0.457012,-0.07442,-0.8805961,2.2575,-8.8375,-2.0125
12018,3644360,0.457744,-0.07612801,-0.881816,2.3275,-8.54,-2.2575
12019,3644457,0.457988,-0.072956,-0.884988,2.3975,-8.12,-2.485
12020,3644554,0.456524,-0.06539201,-0.885476,2.38,-7.6825,-2.7125
12021,3644652,0.458964,-0.06075601,-0.886452,2.485,-7.2275,-2.8175
12022,3644749,0.449448,-0.058804,-0.883036,2.7125,-6.965,-2.8175
12023,3644846,0.448472,-0.06222,-0.884988,2.7125,-6.965,-2.7475
12024,3644944,0.446276,-0.06563601,-0.881816,2.7125,-7.0525,-2.94
12025,3645041,0.439444,-0.063928,-0.8866961,2.52,-7.4025,-3.0975
12026,3645139,0.451156,-0.05246,-0.890112,2.24,-7.2625,-3.0275
12027,3645236,0.454572,-0.050752,-0.88816,2.485,-7.035,-2.695
12028,3645334,0.458964,-0.051484,-0.885476,2.8175,-6.755,-1.9775
12029,3645431,0.454328,-0.06075601,-0.8847441,3.185,-6.7025,-1.4
12030,3645528,0.45506,-0.056852,-0.881328,3.22,-6.685,-1.1725
12031,3645625,0.451888,-0.062952,-0.877668,3.4475,-6.545,-1.05
12032,3645723,0.443836,-0.066856,-0.881328,3.535,-6.545,-0.9975
12033,3645820,0.443104,-0.06880801,-0.892796,3.535,-6.37,-1.155
12034,3645918,0.443592,-0.050264,-0.903532,3.395,-5.81,-1.295
12035,3646015,0.453108,-0.006832001,-0.904508,3.2025,-4.76,-1.0675
12036,3646112,0.448472,-0.021228,-0.89182,4.025,-4.13,0.21
12037,3646210,0.438712,-0.036844,-0.890112,4.4275,-3.71,1.61
12038,3646307,0.433588,-0.053192,-0.8976761,4.585,-2.8875,2.52
12039,3646404,0.429684,-0.045384,-0.895236,4.2875,-1.4,2.975
12040,3646502,0.417728,-0.04636,-0.8991401,3.745,0.2625,3.4825
12041,3646599,0.41602,-0.062464,-0.9010921,3.2725,2.5375,4.13
12042,3646697,0.428708,-0.06636801,-0.909144,2.38,5.9325,4.2
12043,3646794,0.460184,-0.082228,-0.900848,1.9775,10.1325,4.3575
12044,3646891,0.442128,-0.08466801,-0.9037761,1.575,14.7175,4.27
12045,3646989,0.4392,-0.047824,-0.938912,-0.1925,20.93,4.1475
12046,3647086,0.427976,-0.050752,-0.9633121,0.7875,29.82,5.6
12047,3647183,0.438956,-0.03782,-0.974536,2.695,40.74,7.21
12048,3647281,0.30256,-0.269376,-0.9674601,9.59,52.7625,6.615
12049,3647378,0.404552,-0.0427,-1.06506,5.6875,70.945,1.1725
12050,3647476,0.403332,-0.127612,-0.979416,8.8375,88.37501,-2.5725
12051,3647573,0.40504,-0.06588,-1.029436,13.615,106.785,-5.8975
12052,3647670,0.420168,-0.072956,-1.022848,17.9375,128.3275,-9.0125
12053,3647768,0.418216,-0.063196,-1.042856,24.6925,151.2,-11.375
12054,3647865,0.405772,-0.007564001,-1.074088,31.57,178.15,-12.985
12055,3647963,0.409676,0.07686,-1.118984,41.335,208.075,-11.2175
12056,3648060,0.388204,0.099552,-1.148996,56.525,239.295,-4.445
12057,3648157,0.442616,0.126636,-1.193648,74.06,270.4275,6.79
12058,3648255,0.460428,0.142008,-1.158756,93.4675,297.22,21.7525
12059,3648352,0.4941,0.107116,-1.116788,109.9525,319.6025,38.1675
12060,3648449,0.593652,0.07027201,-1.063108,122.6925,341.565,53.9525
12061,3648547,0.75396,0.027572,-1.087508,133.7,364.175,66.8675
12062,3648644,0.840824,-0.1098,-0.999668,149.0125,381.1675,76.825
12063,3648742,1.025044,-0.227164,-0.8327721,152.005,393.1025,75.4075
12064,3648839,1.36518,-0.229116,-0.9250041,140.035,399.945,67.6025
12065,3648936,1.604056,-0.324032,-1.0126,143.885,386.0675,68.74
12066,3649034,1.893684,-0.208132,-1.181936,148.3825,348.3725,67.725
12067,3649131,1.721664,-0.156892,-1.284172,146.7375,291.3225,64.05
12068,3649228,1.389824,-0.001464,-1.035536,155.1375,237.3175,60.27
12069,3649326,0.816424,0.321592,-0.817156,148.5575,187.6,44.3625
12070,3649423,0.315248,-0.041968,-1.064816,160.475,123.7075,32.2175
12071,3649521,1.708,-0.8100801,-2.120116,102.2175,34.1775,8.2425
12072,3649618,0.334768,0.541192,-2.014708,-66.08,-72.6425,-53.7425
12073,3649715,0.007320001,1.210728,-1.513044,-93.835,-172.48,-84.245
12074,3649813,-0.302804,1.029924,-1.003816,-23.3625,-180.5825,-90.9125
12075,3649910,-0.255956,0.442128,-0.830576,52.2375,-171.43,-90.28251
12076,3650008,-0.066856,-0.16592,-0.8461921,69.1075,-161.07,-84.945
12077,3650105,0.0488,-0.354532,-0.968924,28.7175,-166.18,-77.54251
12078,3650202,0.120048,-0.28548,-1.040904,-24.745,-181.37,-64.0325
12079,3650300,0.162748,-0.142008,-1.033584,-60.9,-200.41,-43.9075
12080,3650397,0.177876,-0.075884,-0.955748,-75.495,-217.6475,-20.5275
12081,3650494,0.19764,-0.108824,-0.851072,-80.1675,-230.405,-0.98
12082,3650592,0.240096,-0.171044,-0.782264,-88.48001,-237.8775,9.5025
12083,3650689,0.34526,-0.207644,-0.793244,-103.2325,-241.71,10.9725
12084,3650787,0.499712,-0.236436,-0.8481441,-118.7375,-245.0875,6.755
12085,3650884,0.6539201,-0.24888,-0.886452,-130.2175,-251.9475,0.2975
12086,3650981,0.746152,-0.25742,-0.889868,-134.9425,-261.5025,-7.1225
12087,3651079,0.8132521,-0.277916,-0.885964,-132.6325,-268.31,-15.505
12088,3651176,0.8954801,-0.333548,-0.9108521,-125.545,-270.865,-23.485
12089,3651273,1.007232,-0.420412,-0.9242721,-115.675,-271.5825,-29.645
12090,3651371,1.086288,-0.473604,-0.920612,-107.275,-271.95,-32.445
12091,3651468,1.207556,-0.460672,-0.8957241,-100.1175,-269.43,-31.3425
12092,3651566,1.337852,-0.407724,-0.858148,-88.04251,-263.6025,-28.49
12093,3651663,1.591612,-0.443104,-0.854488,-69.335,-253.26,-23.8525
12094,3651760,1.868796,-0.547292,-0.841312,-51.4675,-244.2125,-18.6375
12095,3651858,2.0923,-0.560956,-0.7700641,-46.7425,-240.24,-14.8575
12096,3651955,2.214056,-0.484584,-0.598532,-49.9625,-238.3675,-12.985
12097,3652053,2.254804,-0.438224,-0.361852,-52.1325,-232.4525,-13.37
12098,3652150,2.2692,-0.460916,-0.09784401,-52.955,-217.4725,-16.0825
12099,3652247,2.319952,-0.393084,0.076616,-57.2425,-193.8475,-19.11
12100,3652345,2.33874,-0.38186,0.25254,-55.65,-168.5775,-18.1125
12101,3652442,2.283108,-0.458476,0.478484,-49.9275,-145.4775,-12.5125
12102,3652540,2.182824,-0.49166,0.692228,-51.555,-119.84,-4.4275
12103,3652637,2.081808,-0.42944,0.89792,-57.61,-87.78,6.9125
12104,3652734,2.079368,0.008052001,0.95648,-57.8375,-47.11,14.4375
12105,3652832,2.314584,-0.21594,0.743956,-27.51,-2.03,30.4325
12106,3652929,1.906372,0.351848,0.681492,4.2,24.605,25.7425
12107,3653027,1.315892,0.6985721,-0.226188,53.41,51.5025,-4.83
12108,3653124,0.194712,-0.464088,-1.263432,135.5375,49.875,-20.0025
12109,3653221,-0.9391561,-1.231468,-1.901492,133.84,40.775,-56.49
12110,3653319,-0.637084,-1.213656,-1.507432,57.0325,58.4325,-97.7025
12111,3653416,0.466772,-1.201456,-0.551684,12.5825,91.8925,-86.7125
12112,3653513,1.153144,-1.54696,-0.512888,14.7875,109.6025,-24.7625
12113,3653611,1.018212,-1.176324,-1.209752,-1.785,108.1325,26.46
12114,3653708,0.797636,0.181048,-1.289296,-63.2625,88.2,26.88
12115,3653806,0.573156,0.888648,-0.8364321,-67.7775,68.67,14.175
12116,3653903,0.998448,1.668716,-1.746064,-29.9775,66.255,-1.5225
12117,3654000,1.280268,-0.040748,-1.341756,71.295,44.7125,0.0525
12118,3654098,0.36356,-1.03334,-0.5846241,69.2825,-13.2125,10.2375
12119,3654195,0.461648,0.06636801,-0.941352,5.4775,6.545,4.095
12120,3654293,0.5206961,0.577548,-1.028704,-6.9475,12.18,1.19
12121,3654390,0.596336,0.023424,-0.931836,23.9575,1.1375,9.275
12122,3654487,0.49288,-0.014152,-0.851072,21.28,-3.1325,13.23
12123,3654585,0.583404,0.0549,-0.932568,11.0425,-5.075,13.8775
12124,3654682,0.535336,-0.101504,-0.874252,13.7025,-7.56,15.015
12125,3654780,0.527284,-0.128588,-0.876692,10.43,-7.7875,14.735
12126,3654877,0.5214281,-0.122244,-0.8740081,6.3525,-6.6325,13.3
12127,3654974,0.5397281,-0.17568,-0.854244,5.7575,-7.84,10.605
12128,3655072,0.556564,-0.13054,-0.859368,3.5525,-8.2775,7.35
12129,3655169,0.5429,-0.09711201,-0.848388,2.0825,-8.5925,4.7425
12130,3655267,0.512888,-0.09394001,-0.8508281,1.54,-9.31,2.9925
12131,3655364,0.497272,-0.087108,-0.85156,0.7525,-9.6075,1.61
12132,3655461,0.503128,-0.037088,-0.864736,-1.5225,-9.7475,0.4375
12133,3655559,0.53436,-0.030744,-0.850584,-1.47,-9.695,-0.105
12134,3655656,0.52704,-0.027328,-0.8569281,-1.855,-10.08,-0.2275
12135,3655754,0.4984921,-0.029768,-0.8671761,-1.4875,-10.85,-0.1925
12136,3655851,0.491172,-0.04148,-0.8657121,-0.875,-11.235,-0.14
12137,3655948,0.491904,-0.037576,-0.8708361,-0.735,-11.6725,-0.1925
12138,3656046,0.490928,-0.044896,-0.86864,-0.7175,-11.83,-0.455
12139,3656143,0.492636,-0.050996,-0.8676641,-0.245,-11.9175,-0.8225
12140,3656241,0.484584,-0.052704,-0.870592,0.0175,-11.62,-1.295
12141,3656338,0.480924,-0.049288,-0.877424,0.2275,-11.2175,-1.6625
12142,3656435,0.480192,-0.04636,-0.878888,0.3325,-10.0975,-2.1
12143,3656533,0.48068,-0.045872,-0.873032,0.42,-8.925,-2.3275
12144,3656630,0.47824,-0.037088,-0.8744961,0.7875,-8.5575,-2.6075
12145,3656728,0.473116,-0.048068,-0.873276,1.0325,-8.365,-2.8175
12146,3656825,0.477264,-0.046116,-0.8759601,0.8225,-7.8925,-2.975
12147,3656922,0.47946,-0.040504,-0.873764,1.015,-7.28,-3.36
12148,3657020,0.47824,-0.04026,-0.875472,0.98,-6.58,-3.85
12149,3657117,0.47824,-0.038796,-0.875228,1.155,-6.1775,-3.9025
12150,3657215,0.477508,-0.05002,-0.8708361,1.505,-5.8975,-4.1125
12151,3657312,0.47458,-0.05368,-0.873764,1.8375,-5.705,-4.69
12152,3657409,0.47458,-0.050264,-0.869616,2.1525,-5.5125,-5.53
12153,3657507,0.472384,-0.050996,-0.86864,2.17,-5.67,-6.44
12154,3657604,0.475556,-0.040748,-0.8744961,2.0125,-6.0025,-7.14
12155,3657701,0.477508,-0.029036,-0.875228,2.2925,-6.0025,-7.105
12156,3657799,0.48434,-0.0061,-0.877912,2.0475,-5.1625,-6.09
12157,3657896,0.479216,-0.016592,-0.87352,2.0475,-4.62,-4.6375
12158,3657994,0.480924,-0.014884,-0.87352,2.2225,-4.7425,-3.5525
12159,3658091,0.476532,-0.021228,-0.873276,2.45,-4.9175,-2.625
12160,3658188,0.4743361,-0.033184,-0.875228,2.6075,-5.1975,-2.0125
12161,3658286,0.472872,-0.022448,-0.8810841,2.625,-5.25,-1.8025
12162,3658383,0.471164,-0.030744,-0.875228,2.835,-5.145,-1.4525
12163,3658480,0.47824,-0.031232,-0.8723001,2.8,-5.1625,-1.2075
12164,3658578,0.473604,-0.034648,-0.873764,2.8175,-5.39,-1.0325
12165,3658675,0.469456,-0.038308,-0.86742,2.765,-5.46,-0.8925
12166,3658773,0.466772,-0.03782,-0.8718121,2.5375,-5.81,-0.9625
12167,3658870,0.46726,-0.040016,-0.8740081,2.3275,-5.88,-1.1375
12168,3658967,0.470676,-0.039284,-0.871568,2.1525,-6.0725,-1.33
12169,3659065,0.47336,-0.038796,-0.871568,2.2925,-6.3525,-1.3475
12170,3659162,0.476532,-0.03538,-0.8725441,2.4675,-6.6325,-1.33
12171,3659259,0.475312,-0.037088,-0.8725441,2.5725,-6.8075,-1.225
12172,3659357,0.467992,-0.040748,-0.870104,2.52,-7.1575,-1.19
12173,3659454,0.467504,-0.04026,-0.874252,2.45,-7.385,-1.2075
12174,3659552,0.463844,-0.041236,-0.874252,2.17,-7.5425,-1.54
12175,3659649,0.465552,-0.042456,-0.873276,1.995,-7.5075,-1.89
12176,3659746,0.47336,-0.044896,-0.8718121,1.925,-7.7,-2.17
12177,3659844,0.4743361,-0.047336,-0.8759601,2.2225,-7.7175,-2.345
12178,3659941,0.472872,-0.041724,-0.8759601,2.17,-7.5075,-2.6075
12179,3660039,0.469212,-0.047092,-0.875716,2.0475,-7.245,-2.7475
12180,3660136,0.470676,-0.043432,-0.8759601,2.03,-6.8425,-2.8875
12181,3660233,0.469944,-0.043676,-0.8744961,1.96,-6.4925,-3.045
12182,3660331,0.46238,-0.043676,-0.869372,1.715,-6.335,-3.325
12183,3660428,0.461648,-0.038308,-0.870104,1.365,-6.2825,-3.745
12184,3660526,0.458232,-0.040992,-0.870104,0.7875,-6.44,-4.2175
12185,3660623,0.464332,-0.047824,-0.8759601,0.0,-6.65,-5.04
12186,3660720,0.470432,-0.032696,-0.87962,-0.1925,-6.685,-5.4075
12187,3660818,0.474092,-0.02928,-0.877668,0.455,-6.8425,-5.11
12188,3660915,0.473116,-0.033428,-0.8784,1.12,-6.965,-4.515
12189,3661012,0.471652,-0.033184,-0.8718121,1.295,-6.8775,-4.1825
12190,3661110,0.470188,-0.036356,-0.874252,1.33,-6.8075,-3.8325
12191,3661207,0.46848,-0.033916,-0.87718,1.365,-6.7025,-3.8675
12192,3661305,0.4594521,-0.036356,-0.874252,0.91,-6.79,-4.025
12193,3661402,0.461404,-0.038552,-0.875228,0.245,-6.8075,-4.025
12194,3661499,0.4636,-0.030256,-0.8810841,-0.21,-6.615,-4.2
12195,3661597,0.466284,-0.030256,-0.878888,-0.1925,-6.5625,-4.1125
12196,3661694,0.46848,-0.021716,-0.877912,0.21,-6.3175,-3.6225
12197,3661792,0.465064,-0.026596,-0.873032,0.6125,-6.44,-3.0625
12198,3661889,0.467504,-0.030012,-0.87352,0.7175,-6.5625,-2.73
12199,3661986,0.461648,-0.031476,-0.8784,0.5425,-6.615,-2.59
12200,3662084,0.458964,-0.02928,-0.8847441,0.4025,-6.405,-2.6775
12201,3662181,0.45994,-0.029768,-0.8869401,0.14,-6.1775,-2.765
12202,3662278,0.465796,-0.024644,-0.8857201,0.2625,-5.7925,-2.6075
12203,3662376,0.4697,-0.020496,-0.879864,0.875,-5.53,-2.24
12204,3662473,0.463844,-0.020984,-0.877912,1.505,-5.6875,-1.8375
12205,3662571,0.468724,-0.026352,-0.875472,2.03,-5.88,-1.3825
12206,3662668,0.466284,-0.030988,-0.8784,2.31,-6.0725,-1.085
12207,3662765,0.458476,-0.029524,-0.879864,2.1525,-6.16,-0.98
12208,3662863,0.460184,-0.035868,-0.8940161,1.89,-5.6175,-0.8575
12209,3662960,0.453596,-0.006588,-0.897188,1.225,-4.655,-1.0675
12210,3663058,0.45994,-0.000976,-0.8903561,0.7,-3.0625,-0.945
12211,3663155,0.4514,-0.028548,-0.887916,0.7,-1.6625,-0.2975
12212,3663252,0.447984,-0.035624,-0.898164,0.1925,0.0875,-0.175
12213,3663350,0.447496,-0.02196,-0.909632,-0.735,2.9225,-0.5775
12214,3663447,0.469212,-0.00488,-0.9059721,-1.2425,6.6325,-0.4025
12215,3663544,0.457988,-0.016592,-0.9057281,-0.98,10.6225,0.63
12216,3663642,0.441396,-0.020984,-0.923052,-1.085,15.12,1.715
12217,3663739,0.44652,-0.012932,-0.930128,-0.5075,21.9275,2.6775
12218,3663837,0.446032,-0.031476,-0.931836,0.245,30.31,3.92
12219,3663934,0.438468,-0.08759601,-0.9418401,1.715,39.6375,3.5875
12220,3664031,0.403088,-0.112728,-0.892064,2.5375,50.4,0.35
12221,3664129,0.454084,-0.08808401,-0.9211,-2.8,63.595,-4.8825
12222,3664226,0.448228,-0.073932,-0.916464,0.035,73.3425,-8.4525
12223,3664323,0.465796,-0.057584,-0.9145121,-0.385,84.7175,-12.1275
12224,3664421,0.464088,-0.041968,-0.92354,1.47,96.1625,-14.7
12225,3664518,0.4743361,-0.020984,-0.931348,3.115,108.9025,-16.555
12226,3664616,0.48312,0.002684,-0.9433041,5.8625,122.85,-17.7975
12227,3664713,0.49166,0.028548,-0.9581881,10.5,138.5475,-18.165
12228,3664810,0.492392,0.049044,-0.996008,16.4325,154.5425,-16.905
12229,3664908,0.49654,0.05856,-0.9916161,23.38,172.025,-13.895
12230,3665005,0.501176,0.109068,-1.022604,29.6625,191.625,-9.38
12231,3665103,0.520208,0.115656,-1.036024,38.6225,211.33,-1.8025
12232,3665200,0.52826,0.140788,-1.011624,49.42,232.2075,7.7175
12233,3665297,0.536556,0.1891,-1.057496,58.52,255.535,19.3375
12234,3665395,0.5736441,0.173972,-1.037244,72.59,279.37,31.85
12235,3665492,0.5941401,0.157624,-1.02114,86.695,306.74,44.135
12236,3665589,0.660996,0.108336,-1.014796,98.75251,336.035,54.39
12237,3665687,0.8554641,0.01464,-1.047492,110.32,363.7025,61.2675
12238,3665784,1.043344,-0.217648,-0.860588,119.8575,387.1,62.2475
12239,3665882,1.511092,-0.375028,-0.7556681,121.38,393.855,55.0375
12240,3665979,1.976888,-0.214476,-1.07726,112.7,371.0175,49.07
12241,3666076,1.998116,-0.405528,-1.082384,143.15,319.55,58.205
12242,3666174,1.767536,0.018544,-1.113128,135.1875,258.65,49.6825
12243,3666271,1.219756,-0.026596,-0.928176,149.0475,202.72,47.04
12244,3666369,0.750056,0.035624,-0.6832,146.545,167.3525,40.04
12245,3666466,0.408944,0.293288,-0.197884,127.6275,138.8975,27.5625
12246,3666563,0.352336,-0.146888,-0.590968,129.2725,105.3325,19.74
12247,3666661,2.144028,-1.354688,-3.05244,75.495,58.8875,33.53
12248,3666758,0.13786,-0.135908,-1.423252,-59.2375,-70.0,22.785
12249,3666856,0.009028001,0.9679481,-1.327116,-132.6675,-159.4075,-3.43
12250,3666953,-0.263764,0.9952761,-0.790804,-68.3375,-163.2225,4.095
12251,3667050,-0.19032,0.742004,-0.692228,11.8825,-153.5275,5.67
12252,3667148,-0.006344,0.321836,-0.652212,56.035,-142.5725,4.165
12253,3667245,0.121024,0.051484,-0.692716,52.8675,-145.04,-0.91
12254,3667343,0.215452,-0.023668,-0.748592,18.41,-156.17,-9.1
12255,3667440,0.287432,0.08637601,-0.794708,-19.74,-172.1825,-14.6125
12256,3667537,0.332084,0.174948,-0.801784,-41.8775,-188.3525,-14.6125
12257,3667635,0.374052,0.165432,-0.78324,-46.1475,-202.3175,-9.8
12258,3667732,0.41724,0.090036,-0.746396,-45.2725,-213.8675,-4.8475
12259,3667829,0.451156,-0.030988,-0.6944241,-48.5625,-223.5625,-1.785
12260,3667927,0.499468,-0.124196,-0.6729521,-60.5325,-230.125,-1.68
12261,3668024,0.577304,-0.175924,-0.679296,-78.6625,-234.605,-4.305
12262,3668122,0.654896,-0.186904,-0.703696,-96.7575,-238.56,-7.21
12263,3668219,0.732976,-0.19642,-0.743956,-109.7425,-241.115,-9.345
12264,3668316,0.823256,-0.214232,-0.7998321,-115.3075,-241.3775,-9.9575
12265,3668414,0.9186601,-0.257908,-0.855708,-115.0975,-241.0275,-8.82
12266,3668511,1.001864,-0.319884,-0.898896,-112.4725,-240.8525,-6.4925
12267,3668608,1.052128,-0.356484,-0.936228,-110.915,-240.94,-4.41
12268,3668706,1.145092,-0.377224,-0.9562361,-109.8825,-239.19,-4.095
12269,3668803,1.136308,-0.394792,-0.92232,-106.1375,-237.6325,-5.2675
12270,3668901,1.20536,-0.393084,-0.9006041,-103.1625,-231.4025,-6.965
12271,3668998,1.381528,-0.408456,-0.9357401,-96.5475,-220.3075,-9.9575
12272,3669095,1.620404,-0.428708,-0.980148,-86.29251,-210.805,-12.7925
12273,3669193,1.776808,-0.4453,-0.953796,-75.25,-207.8475,-14.5775
12274,3669290,1.829512,-0.497272,-0.8193521,-65.15251,-208.18,-16.3975
12275,3669388,1.876848,-0.57218,-0.6470881,-60.6725,-204.4525,-20.5625
12276,3669485,1.91906,-0.671732,-0.440908,-62.0725,-194.88,-25.445
12277,3669582,1.993968,-0.600972,-0.29036,-69.825,-181.65,-29.5225
12278,3669680,2.0008,-0.523868,-0.094916,-68.32,-168.245,-28.8925
12279,3669777,1.987136,-0.466528,0.117608,-55.7025,-153.23,-22.2075
12280,3669875,1.988844,-0.435296,0.334036,-38.4825,-134.1375,-9.94
12281,3669972,1.816824,-0.259372,0.6939361,-19.005,-111.475,5.495
12282,3670069,1.970056,-0.332084,0.713212,1.9775,-76.23001,21.7525
12283,3670167,1.896368,-0.316468,0.754936,10.3425,-45.395,30.8175
12284,3670264,1.941996,-0.000488,0.6612401,7.2975,-18.69,22.6975
12285,3670361,1.790228,0.206668,0.562664,30.6075,-0.105,6.4925
12286,3670459,1.144604,0.029036,-0.199592,71.8725,10.255,-17.29
12287,3670556,-0.035624,-0.8298441,-1.411784,92.19001,-1.33,-36.365
12288,3670654,-1.137284,-1.082872,-2.230648,50.47,-10.9025,-73.255
12289,3670751,-0.767624,-1.520852,-0.827892,20.055,18.48,-69.58
12290,3670848,0.488,-1.540616,-0.107604,-13.5625,73.64,-12.7925
12291,3670946,1.358592,-0.840336,-1.056764,-46.165,117.145,32.865
12292,3671043,1.051884,0.523624,-1.662616,-96.98501,90.265,24.5
12293,3671140,0.720532,1.24318,-1.06872,-87.8675,50.2775,3.0275
12294,3671238,0.532652,0.8601,-0.800564,-35.455,40.5825,-9.135
12295,3671335,0.8044681,0.636108,-1.42984,8.225,47.1275,-14.035
12296,3671433,0.525088,-0.33428,-0.827892,62.8775,29.0675,1.26
12297,3671530,0.455548,-0.05124001,-0.877668,40.0225,18.69,0.8575
12298,3671627,0.504592,0.14274,-0.949404,33.0225,23.065,0.2625
12299,3671725,0.538508,0.07490801,-0.91012,36.085,19.8625,1.1025
12300,3671822,0.566812,-0.052216,-0.9391561,41.0375,16.87,3.955
12301,3671919,0.514108,-0.067588,-0.904752,37.6775,13.125,5.53
12302,3672017,0.504592,-0.037332,-0.906704,33.775,10.745,6.195
12303,3672114,0.601948,-0.179584,-1.0065,31.745,9.59,6.195
12304,3672212,0.5551,-0.232044,-0.8967,20.44,2.8,3.9025
12305,3672309,0.5206961,-0.058316,-0.92232,6.2825,-2.2225,0.14
12306,3672406,0.551928,-0.166652,-0.9250041,0.5775,-1.33,-4.2175
12307,3672504,0.528748,-0.239852,-0.8913321,-4.34,-4.48,-8.7325
12308,3672601,0.516304,-0.166408,-0.9171961,-16.1175,-4.7425,-14.0875
12309,3672698,0.514596,-0.116876,-0.908656,-23.905,-6.16,-18.0425
12310,3672796,0.492636,-0.071004,-0.8847441,-28.525,-8.54,-20.02
12311,3672893,0.513132,-0.027084,-0.889624,-31.3075,-9.9575,-21.0175
12312,3672991,0.4984921,0.019276,-0.8869401,-32.5675,-12.075,-21.14
12313,3673088,0.485072,0.035868,-0.863028,-31.8675,-13.8775,-20.2475
12314,3673185,0.4553041,0.098332,-0.849608,-29.6975,-14.595,-18.4275
12315,3673283,0.434808,0.118828,-0.8549761,-25.025,-13.86,-16.0125
12316,3673380,0.451156,0.088328,-0.8642481,-18.935,-12.6175,-13.65
12317,3673477,0.454084,0.070516,-0.845948,-14.875,-11.8475,-11.8825
12318,3673575,0.429196,0.119072,-0.8364321,-11.4625,-11.165,-9.52
12319,3673672,0.411872,0.139812,-0.820328,-5.11,-8.855,-6.6325
12320,3673770,0.417484,0.132248,-0.833992,3.2725,-5.6,-2.8875
12321,3673867,0.454572,0.051972,-0.8769361,10.3075,-2.625,0.21
12322,3673964,0.443592,0.012444,-0.87352,13.5275,-2.1175,1.68
12323,3674062,0.429684,0.05636401,-0.8610761,14.28,-1.7675,2.7125
12324,3674159,0.42456,0.06588,-0.850096,19.0225,-0.8225,4.7425
12325,3674256,0.4594521,0.057828,-0.863272,24.08,0.8575,6.8425
12326,3674354,0.467016,0.000976,-0.878156,27.1775,1.47,7.805
12327,3674451,0.464088,-0.033916,-0.891088,27.125,1.1375,7.7525
12328,3674548,0.457988,-0.006344,-0.8759601,25.4625,0.8400001,7.35
12329,3674646,0.459696,0.015616,-0.8718121,26.53,0.875,8.0675
12330,3674743,0.46848,-0.003172,-0.87718,29.505,0.9975,9.59
12331,3674841,0.465552,-0.009272001,-0.8903561,30.3625,0.1925,10.57
12332,3674938,0.478972,-0.031232,-0.900848,28.5075,-0.315,10.535
12333,3675035,0.49898,-0.059048,-0.903288,24.2725,-1.9075,10.01
12334,3675133,0.490196,-0.007808001,-0.889624,18.55,-4.1125,9.6075
12335,3675230,0.494344,-0.065148,-0.887672,16.905,-5.3375,9.0825
12336,3675327,0.490196,-0.071736,-0.8893801,13.9475,-6.16,7.42
12337,3675425,0.490684,-0.06880801,-0.884012,11.1475,-6.0725,5.425
12338,3675522,0.483364,-0.061,-0.885476,9.03,-6.2475,3.64
12339,3675620,0.487268,-0.048068,-0.883036,7.245,-6.09,2.31
12340,3675717,0.484828,-0.049532,-0.883524,5.8275,-6.0375,1.155
12341,3675814,0.48434,-0.05002,-0.883036,4.7075,-6.0725,0.35
12342,3675912,0.486536,-0.047824,-0.877424,3.7275,-5.88,-0.35
12343,3676009,0.479216,-0.048312,-0.877424,3.08,-5.7575,-0.8225
12344,3676106,0.477264,-0.04758,-0.876204,2.59,-5.6175,-1.33
12345,3676204,0.461892,-0.040016,-0.876204,2.0825,-5.7225,-1.8025
12346,3676301,0.438224,-0.025376,-0.876204,1.61,-5.9325,-2.065
12347,3676399,0.462136,-0.02562,-0.874252,1.2075,-5.7225,-2.17
12348,3676496,0.469944,-0.030256,-0.8725441,0.665,-5.845,-2.24
12349,3676593,0.466528,-0.0366,-0.875716,0.105,-6.4575,-2.3625
12350,3676691,0.467992,-0.038552,-0.8764481,0.1925,-6.9125,-2.24
12351,3676788,0.46604,-0.030256,-0.877424,0.315,-7.0175,-2.0125
12352,3676885,0.4697,-0.027816,-0.8740081,0.735,-7.0175,-1.715
12353,3676983,0.464088,-0.02074,-0.8744961,1.155,-7.0875,-1.505
12354,3677080,0.447984,-0.02928,-0.87352,1.7325,-7.315,-1.3475
12355,3677178,0.444324,-0.035624,-0.878156,1.995,-7.6125,-1.1025
12356,3677275,0.454328,-0.042456,-0.87718,1.9425,-7.735,-0.9625
12357,3677372,0.46726,-0.04758,-0.8801081,1.6625,-7.77,-0.8925
12358,3677470,0.471896,-0.042456,-0.877668,1.89,-7.805,-0.5775
12359,3677567,0.473848,-0.03904,-0.879376,3.0625,-7.5425,0.14
12360,3677665,0.470432,-0.027084,-0.878888,4.34,-7.28,0.77
12361,3677762,0.468724,-0.027328,-0.879376,5.2325,-7.0875,1.505
12362,3677860,0.4575,-0.034648,-0.8784,6.1425,-7.3675,2.1175
12363,3677957,0.454816,-0.028548,-0.8808401,6.3,-7.7,2.52
12364,3678054,0.452132,-0.037088,-0.8808401,6.3175,-7.875,2.8
12365,3678151,0.449204,-0.030256,-0.8874281,6.2825,-8.1725,2.9575
12366,3678249,0.45506,-0.037088,-0.881572,7.0175,-8.7325,3.78
12367,3678346,0.458964,-0.03294,-0.8805961,7.56,-9.345,4.6025
12368,3678444,0.463112,-0.03416,-0.8759601,7.7875,-10.2725,5.2325
12369,3678541,0.468236,-0.037088,-0.879864,7.6825,-10.5525,5.355
12370,3678638,0.460428,-0.042212,-0.8801081,7.1925,-10.6925,4.76
12371,3678736,0.456768,-0.05172801,-0.883768,6.265,-10.43,4.2175
12372,3678833,0.456036,-0.058072,-0.8808401,5.7575,-10.0975,3.535
12373,3678930,0.45628,-0.063928,-0.8847441,4.6375,-9.8,2.6775
12374,3679028,0.461404,-0.053436,-0.8827921,4.0425,-9.415,1.89
12375,3679125,0.45994,-0.05612,-0.8805961,3.8675,-9.5725,1.54
12376,3679223,0.470188,-0.065148,-0.8784,4.0075,-9.6075,1.505
12377,3679320,0.4636,-0.05734,-0.8808401,3.85,-9.38,1.4875
12378,3679417,0.452132,-0.055632,-0.883036,3.64,-9.3275,1.19
12379,3679515,0.453108,-0.052216,-0.885476,3.535,-8.855,0.98
12380,3679612,0.45018,-0.060268,-0.8874281,3.3425,-8.2425,0.735
12381,3679710,0.450912,-0.05172801,-0.8903561,2.94,-7.8925,0.56
12382,3679807,0.450668,-0.053192,-0.8869401,2.765,-7.525,0.42
12383,3679904,0.452132,-0.05002,-0.887184,2.7825,-7.175,0.35
12384,3680002,0.45018,-0.049044,-0.884012,2.765,-7.105,0.3325
12385,3680099,0.448472,-0.050752,-0.884012,2.7125,-7.14,0.42
12386,3680196,0.454084,-0.06222,-0.887916,2.5725,-7.07,0.385
12387,3680294,0.438956,-0.06124401,-0.8827921,2.275,-7.0525,0.4025
12388,3680391,0.440664,-0.05368,-0.8949921,1.5925,-6.65,0.07
12389,3680489,0.439932,-0.055144,-0.897432,1.2075,-5.845,-0.245
12390,3680586,0.438468,-0.018544,-0.901336,0.315,-4.6375,-0.6475
12391,3680683,0.443836,-0.009272001,-0.9010921,0.525,-3.3425,-0.175
12392,3680781,0.428952,-0.02928,-0.9023121,1.82,-2.4325,1.225
12393,3680878,0.446276,-0.045872,-0.899384,2.6425,-1.2775,2.45
12394,3680975,0.449204,-0.047336,-0.9018241,2.7475,0.4025,2.9575
12395,3681073,0.448716,-0.040748,-0.909144,2.38,2.4675,3.3775
12396,3681170,0.462624,-0.049044,-0.897432,2.3625,5.2325,4.34
12397,3681268,0.483364,-0.08881599,-0.8805961,2.0825,7.9975,5.1975
12398,3681365,0.425048,-0.067344,-0.926224,0.63,11.4625,5.11
12399,3681462,0.431392,-0.039284,-0.9540401,-0.105,16.9225,5.4075
12400,3681560,0.41968,-0.07442,-0.930616,1.26,23.835,6.51
12401,3681657,0.448716,-0.070516,-0.936472,1.5925,31.955,6.475
12402,3681754,0.368928,-0.200568,-0.927688,4.5325,40.32,4.9875
12403,3681852,0.429196,-0.06344,-0.9906401,0.5775,52.7275,0.77
12404,3681949,0.416752,-0.12322,-0.9394,1.75,65.485,-2.8875
12405,3682047,0.410652,-0.084912,-0.9696561,1.4875,80.08,-6.3875
12406,3682144,0.410652,-0.076372,-0.98332,3.4125,97.02,-9.73
12407,3682241,0.416996,-0.06880801,-0.992348,6.4225,116.3225,-12.7225
12408,3682339,0.411628,-0.02684,-1.031632,9.87,138.5825,-15.2425
12409,3682436,0.398696,-0.034404,-1.05774,17.955,164.115,-16.3975
12410,3682534,0.397476,-0.01708,-1.092388,25.7775,193.4975,-16.695
12411,3682631,0.409432,0.011712,-1.106052,35.21,223.4925,-14.9975
12412,3682728,0.414556,0.048312,-1.1346,45.92,253.1025,-10.675
12413,3682826,0.424316,0.063196,-1.098488,58.6075,278.8625,-3.395
12414,3682923,0.444568,0.096868,-1.087508,68.65251,302.855,6.37
12415,3683021,0.577304,0.08906,-1.089948,78.0325,325.9725,16.1525
12416,3683118,0.659776,0.09613601,-1.054324,88.44501,347.4275,24.605
12417,3683215,0.780556,-0.037332,-1.061156,103.8275,369.705,32.55
12418,3683313,1.02602,-0.18788,-0.921832,108.99,384.93,32.305
12419,3683410,1.260748,-0.292556,-0.8020281,104.1075,394.94,26.32
12420,3683508,1.627236,-0.346236,-0.904508,97.02,387.17,19.1625
12421,3683605,1.855376,-0.157868,-1.117764,94.65751,353.29,17.36
12422,3683702,1.741916,-0.139568,-1.110932,113.0325,300.2825,23.7475
12423,3683800,1.464244,-0.001708,-1.195844,128.3625,246.3825,29.715
12424,3683897,1.057984,0.016348,-0.811056,144.76,201.2325,34.0725
12425,3683995,0.7332201,0.266692,-0.489464,146.09,161.77,25.8125
12426,3684092,0.671488,-0.367708,-1.6531,142.6425,97.8075,20.825
12427,3684189,1.165832,-1.33712,-1.7751,94.30751,14.8575,38.08
12428,3684287,0.17202,0.259128,-1.29564,-63.4375,-83.2475,1.4175
12429,3684384,0.050508,0.7361481,-0.9869801,-101.7625,-126.91,-10.745
12430,3684482,-0.176168,0.832528,-0.709064,-50.6625,-136.08,-5.81
12431,3684579,-0.1037,0.567544,-0.627812,11.2,-125.8775,-2.0125
12432,3684676,0.037332,0.181048,-0.645136,43.1025,-121.0475,2.9925
12433,3684774,0.118584,0.006832001,-0.69906,30.87,-127.9425,2.0475
12434,3684871,0.189344,0.034648,-0.743468,-2.87,-142.1175,-0.6475
12435,3684969,0.238632,0.169092,-0.765428,-32.4625,-159.8975,0.0
12436,3685066,0.265716,0.233508,-0.743224,-44.38,-176.68,4.865
12437,3685163,0.310612,0.229604,-0.710528,-45.1675,-190.4875,10.0975
12438,3685261,0.35868,0.175192,-0.669292,-44.4325,-201.565,12.215
12439,3685358,0.404064,0.09320801,-0.6373281,-48.3175,-210.8575,10.1675
12440,3685456,0.45384,0.035868,-0.624884,-59.395,-218.1725,3.99
12441,3685553,0.515572,0.00366,-0.633668,-72.6075,-223.44,-4.0775
12442,3685650,0.590724,-0.044164,-0.658556,-83.09001,-227.605,-11.585
12443,3685748,0.665876,-0.09442801,-0.6885681,-90.42251,-231.245,-18.13
12444,3685845,0.738344,-0.150792,-0.721996,-95.3575,-233.3275,-23.275
12445,3685942,0.826428,-0.22082,-0.75884,-98.385,-233.5725,-26.425
12446,3686040,0.9208561,-0.273036,-0.8044681,-100.8525,-232.5575,-27.5975
12447,3686137,1.046516,-0.296948,-0.85034,-103.25,-230.6675,-26.7925
12448,3686235,1.110444,-0.338184,-0.852048,-101.3775,-229.7225,-25.165
12449,3686332,1.230492,-0.390888,-0.854732,-98.175,-225.89,-22.1725
12450,3686429,1.40422,-0.436272,-0.8791321,-94.57,-219.555,-18.4975
12451,3686527,1.60308,-0.484584,-0.87108,-89.845,-213.815,-14.5775
12452,3686624,1.743624,-0.542656,-0.796904,-85.97751,-210.455,-10.465
12453,3686722,1.825852,-0.5248441,-0.697108,-85.645,-206.71,-8.645
12454,3686819,1.859768,-0.515816,-0.558516,-83.4225,-199.8325,-8.435
12455,3686916,1.873432,-0.547048,-0.402844,-78.4525,-188.895,-9.2225
12456,3687014,1.931992,-0.5795,-0.28914,-75.25,-174.195,-11.6025
12457,3687111,2.029104,-0.481656,-0.236924,-72.8525,-160.4225,-14.2975
12458,3687209,2.046672,-0.31964,-0.14884,-60.1475,-151.7775,-12.18
12459,3687306,1.9215,-0.255712,0.058072,-34.4225,-145.74,-2.8
12460,3687403,1.754604,-0.24156,0.25864,-11.41,-133.875,8.5925
12461,3687501,1.668228,-0.166896,0.374784,-2.73,-112.21,15.925
12462,3687598,1.60552,-0.03294,0.416752,-4.5325,-87.2725,18.095
12463,3687695,1.594784,0.238876,0.37942,-7.7875,-61.9675,15.8025
12464,3687793,1.457412,0.45018,0.521672,10.85,-36.715,7.2975
12465,3687890,1.579656,0.298412,0.444324,44.555,-1.26,-2.2925
12466,3687988,1.110444,0.487268,0.101016,75.21501,16.8875,-30.3975
12467,3688085,0.560224,-0.030012,-0.802272,104.1775,26.39,-59.045
12468,3688182,-0.172264,-0.748592,-1.583804,121.975,17.57,-86.4325
12469,3688280,-0.807884,-1.102148,-1.332484,103.32,31.4825,-107.345
12470,3688377,-0.09247601,-1.540372,-0.52704,79.6775,73.7625,-80.7975
12471,3688475,0.649284,-1.773392,-0.324032,82.7925,121.6775,-9.5375
12472,3688572,0.9608721,-1.370792,-1.040416,48.1775,138.145,35.91
12473,3688669,1.339316,-0.8364321,-2.27408,-24.6225,120.47,25.2175
12474,3688767,2.523936,1.384212,-1.796084,-107.275,54.425,-30.45
12475,3688864,-0.281576,0.423096,-0.033672,-8.995,-58.3975,-15.5225
12476,3688962,1.183644,-0.298168,-1.373964,12.285,4.9,-5.5475
12477,3689059,0.337208,-0.355264,-0.700524,5.495,-4.9,-7.28
12478,3689156,0.438712,0.09589201,-0.8625401,-10.64,-8.575,-10.745
12479,3689254,0.436516,0.120536,-0.883768,-3.1675,0.9275,-8.9775
12480,3689351,0.362828,0.058072,-0.8327721,9.7475,-2.835,-5.005
12481,3689449,0.438224,0.0488,-0.8869401,13.16,1.295,-1.645
12482,3689546,0.434564,0.181048,-0.879376,8.1725,-1.1025,1.6625
12483,3689643,0.483852,0.118096,-0.899872,8.61,-3.605,6.475
12484,3689741,0.499956,0.01586,-0.849852,10.815,-7.035,10.185
12485,3689838,0.514596,0.004636001,-0.8820601,8.2425,-9.45,11.655
12486,3689935,0.5397281,-0.036844,-0.8930401,7.875,-10.29,12.67
12487,3690033,0.530456,-0.077836,-0.868884,8.9075,-10.465,13.0375
12488,3690130,0.531188,-0.13786,-0.879376,8.715,-10.1675,12.1975
12489,3690228,0.5165481,-0.142008,-0.8671761,7.3675,-9.17,10.36
12490,3690325,0.4819,-0.126392,-0.866688,5.2325,-8.225,8.2075
12491,3690422,0.47458,-0.143716,-0.863272,3.92,-8.26,6.16
12492,3690520,0.494588,-0.135664,-0.852536,1.96,-8.2075,3.6575
12493,3690617,0.5248441,-0.11956,-0.848388,-0.14,-8.1025,1.0675
12494,3690715,0.517036,-0.070028,-0.858636,-1.225,-8.5925,-0.875
12495,3690812,0.514108,-0.055144,-0.858392,-1.1375,-9.1525,-1.785
12496,3690909,0.498004,-0.02074,-0.868884,-0.8925,-9.38,-1.61
12497,3691007,0.48922,-0.008784,-0.87962,-0.77,-9.415,-0.63
12498,3691104,0.487268,-0.018788,-0.875472,-0.35,-9.66,0.7
12499,3691202,0.490196,-0.018056,-0.875228,-0.2625,-9.415,1.8725
12500,3691299,0.498736,-0.032208,-0.869372,0.175,-9.695,2.835
12501,3691396,0.504104,-0.045628,-0.864492,0.665,-10.115,3.4825
12502,3691494,0.499712,-0.050264,-0.8703481,0.9275,-10.4825,3.605
12503,3691591,0.492636,-0.073444,-0.864736,1.435,-10.8325,3.5525
12504,3691689,0.482876,-0.072712,-0.86498,1.4175,-10.7625,2.87
12505,3691786,0.47458,-0.06954,-0.869372,1.0675,-10.605,2.3275
12506,3691883,0.47702,-0.079544,-0.865956,1.2775,-10.8325,1.75
12507,3691981,0.470188,-0.07978801,-0.869372,0.6475,-11.0775,0.9625
12508,3692078,0.465064,-0.09150001,-0.8671761,0.455,-11.2,-0.1575
12509,3692175,0.466528,-0.07978801,-0.8723001,0.07,-11.1825,-1.365
12510,3692273,0.466528,-0.073688,-0.875472,-0.2975,-10.4825,-2.205
12511,3692370,0.471896,-0.06124401,-0.880352,-0.6125,-9.66,-3.08
12512,3692468,0.479216,-0.040992,-0.883524,-0.5075,-8.75,-3.465
12513,3692565,0.479704,-0.037088,-0.881328,-0.0875,-7.9275,-3.22
12514,3692662,0.4697,-0.04514,-0.876692,0.5775,-7.2275,-2.6075
12515,3692760,0.47336,-0.036356,-0.884012,0.77,-6.5975,-2.1175
12516,3692857,0.470432,-0.050508,-0.879376,1.4525,-6.265,-1.6975
12517,3692955,0.467992,-0.042944,-0.8810841,1.785,-5.95,-1.4175
12518,3693052,0.4636,-0.050996,-0.884012,1.995,-5.7225,-1.2425
12519,3693149,0.472384,-0.05368,-0.878888,2.0825,-5.3725,-1.33
12520,3693247,0.469212,-0.05124001,-0.877424,2.0825,-5.1975,-1.3125
12521,3693344,0.46604,-0.044164,-0.877668,2.1875,-5.11,-1.2775
12522,3693442,0.472872,-0.04148,-0.8759601,1.995,-5.0225,-1.1025
12523,3693539,0.476288,-0.043432,-0.87352,2.03,-5.1275,-0.875
12524,3693636,0.47214,-0.045872,-0.8764481,2.1525,-5.1625,-0.4725
12525,3693734,0.468236,-0.052704,-0.8786441,2.345,-5.11,-0.0875
12526,3693831,0.469944,-0.0549,-0.8784,2.485,-4.9,0.0
12527,3693928,0.470432,-0.05587601,-0.8769361,2.73,-4.7775,-0.07
12528,3694026,0.462624,-0.061,-0.874252,2.8525,-4.795,-0.1575
12529,3694123,0.457744,-0.061976,-0.879376,2.73,-4.9175,-0.49
12530,3694221,0.46604,-0.051484,-0.878156,2.59,-4.76,-0.7
12531,3694318,0.469212,-0.049044,-0.8769361,2.4675,-4.6725,-0.665
12532,3694415,0.465308,-0.053924,-0.873276,2.66,-4.795,-0.42
12533,3694513,0.468968,-0.0488,-0.8769361,2.695,-5.04,-0.3325
12534,3694610,0.4697,-0.05856,-0.873764,2.9575,-5.3375,-0.14
12535,3694708,0.465308,-0.060024,-0.874252,3.045,-5.565,-0.1925
12536,3694805,0.457012,-0.05856,-0.875228,3.185,-5.7575,-0.42
12537,3694902,0.450668,-0.058316,-0.87718,2.8525,-5.915,-0.525
12538,3695000,0.4575,-0.061488,-0.87474,2.66,-6.125,-0.77
12539,3695097,0.465064,-0.061976,-0.8725441,2.485,-6.265,-0.945
12540,3695195,0.464332,-0.061976,-0.875472,2.52,-6.615,-1.05
12541,3695292,0.464332,-0.070516,-0.869616,2.6075,-7.1225,-1.1025
12542,3695389,0.462624,-0.065148,-0.873764,2.45,-7.63,-1.3475
12543,3695487,0.460184,-0.060268,-0.8759601,2.4325,-7.875,-1.505
12544,3695584,0.45994,-0.058072,-0.879376,2.38,-7.9275,-1.4875
12545,3695682,0.466284,-0.055144,-0.878156,2.415,-7.9625,-1.505
12546,3695779,0.467016,-0.058804,-0.875472,2.3625,-7.875,-1.47
12547,3695876,0.462136,-0.06270801,-0.876204,2.2575,-8.015,-1.4525
12548,3695974,0.458476,-0.06661201,-0.877424,2.3625,-7.8925,-1.5575
12549,3696071,0.456768,-0.063928,-0.87474,2.0475,-7.945,-2.0125
12550,3696169,0.45262,-0.07027201,-0.878156,2.03,-7.945,-2.3625
12551,3696266,0.45628,-0.06880801,-0.879864,2.1525,-7.9275,-2.7125
12552,3696363,0.456036,-0.06222,-0.8801081,2.1175,-7.7525,-3.045
12553,3696461,0.463112,-0.055632,-0.879864,1.9775,-7.4375,-3.0975
12554,3696558,0.460916,-0.06661201,-0.8740081,1.9425,-7.42,-3.01
12555,3696655,0.458964,-0.066856,-0.877424,1.785,-7.5425,-3.2725
12556,3696753,0.4594521,-0.05978,-0.877912,1.54,-7.7525,-3.5875
12557,3696850,0.452864,-0.06880801,-0.8713241,1.47,-8.085,-3.85
12558,3696948,0.443836,-0.065148,-0.874252,1.225,-8.47,-4.4975
12559,3697045,0.444324,-0.064416,-0.8784,0.7875,-8.6275,-5.425
12560,3697142,0.454816,-0.05587601,-0.894504,0.4025,-8.2075,-6.1075
12561,3697240,0.4575,-0.040748,-0.892064,0.5075,-7.21,-5.9325
12562,3697337,0.458232,-0.043676,-0.887184,0.8400001,-6.02,-5.1975
12563,3697435,0.464332,-0.038064,-0.8852321,0.77,-4.9525,-4.3575
12564,3697532,0.459208,-0.037576,-0.8845,0.7,-4.095,-3.7275
12565,3697629,0.457256,-0.043188,-0.889136,0.1925,-3.2375,-3.0275
12566,3697727,0.454328,-0.05002,-0.8857201,-0.14,-2.0125,-2.66
12567,3697824,0.456768,-0.06954,-0.869128,-0.7525,-0.21,-2.5725
12568,3697921,0.434808,-0.060268,-0.913292,-1.715,2.0825,-2.8875
12569,3698019,0.445544,-0.049532,-0.924028,-2.03,5.25,-3.0275
12570,3698116,0.458232,-0.007320001,-0.9228081,-2.4675,9.3975,-3.01
12571,3698214,0.450424,0.023668,-0.93696,-2.2225,14.175,-1.4875
12572,3698311,0.44164,-0.01464,-0.937448,-0.8225,20.2125,1.8375
12573,3698408,0.447252,-0.03172,-0.9638,-0.1225,29.015,4.0425
12574,3698506,0.409676,-0.073688,-0.981612,1.295,40.7925,3.955
12575,3698603,0.360632,-0.142984,-0.9298841,2.7825,55.51,1.7675
12576,3698701,0.41602,-0.102724,-0.995032,-2.5025,74.13,-2.6425
12577,3698798,0.394792,-0.156892,-0.96014,1.9775,90.2475,-7.28
12578,3698895,0.40748,-0.138836,-0.976488,1.5225,109.62,-14.3675
12579,3698993,0.419436,-0.095648,-0.98576,3.6225,129.115,-20.405
12580,3699090,0.433588,-0.031232,-0.998204,6.79,149.8875,-23.975
12581,3699187,0.439444,0.011712,-1.01992,13.7375,171.1325,-24.5175
12582,3699285,0.453596,0.063196,-1.03578,21.8575,193.06,-22.4175
12583,3699382,0.476044,0.136396,-1.075308,31.08,214.13,-16.9225
12584,3699480,0.501176,0.145912,-1.059692,44.1875,233.24,-7.0175
12585,3699577,0.521916,0.156648,-1.050176,55.2825,252.455,5.845
12586,3699674,0.52582,0.17446,-1.059692,66.115,272.5975,20.23
12587,3699772,0.5978,0.206668,-1.056032,77.91,294.9275,34.405
12588,3699869,0.6497721,0.142496,-1.033096,91.98001,319.41,48.545
12589,3699967,0.7237041,-0.000732,-1.021628,106.54,344.785,59.815
12590,3700064,0.8615641,-0.12078,-0.9252481,108.6575,368.97,61.5125
12591,3700161,0.974536,-0.24522,-0.8091041,101.7975,389.3575,55.7725
12592,3700259,1.514508,-0.53924,-1.0004,92.3125,396.4975,44.135
12593,3700356,1.60064,-0.31842,-0.8591241,81.04251,369.4775,31.5525
12594,3700453,1.73972,-0.23302,-1.040904,76.09001,331.7125,26.8975
12595,3700551,1.651392,-0.22448,-1.136064,81.2175,281.9425,23.835
12596,3700648,1.269044,-0.061488,-1.057496,82.1625,232.365,25.1475
12597,3700746,0.87108,0.117608,-0.75762,85.1725,194.775,28.7525
12598,3700843,0.643428,0.39284,-0.535336,87.22,155.1375,26.145
12599,3700940,0.549244,-0.61854,-0.379908,114.1875,104.51,24.255
12600,3701038,2.387296,-1.285636,-3.87106,22.75,44.9575,37.345
12601,3701135,-0.155916,0.01952,-1.350052,-81.165,-122.2375,26.11
12602,3701232,-0.209352,1.053348,-1.307108,-156.31,-190.05,-2.24
12603,3701330,-0.515816,1.074576,-0.764696,-79.345,-185.5875,0.735
12604,3701427,-0.348188,0.791048,-0.729804,0.3675,-162.3125,-2.1175
12605,3701525,-0.088328,0.338672,-0.7510321,44.4675,-146.51,-4.515
12606,3701622,0.07198,0.060512,-0.830332,37.3625,-148.8375,-10.78
12607,3701719,0.208376,0.019276,-0.90158,1.435,-162.7325,-17.92
12608,3701817,0.287188,0.122488,-0.935984,-34.86,-181.965,-19.985
12609,3701914,0.321592,0.186172,-0.8908441,-53.2525,-201.0925,-15.9775
12610,3702011,0.321836,0.170556,-0.798368,-58.52,-216.405,-8.6975
12611,3702109,0.343064,0.09540401,-0.721264,-61.18,-224.6125,-2.695
12612,3702206,0.41114,-0.010736,-0.6985721,-69.4225,-227.1325,-0.2275
12613,3702304,0.538264,-0.09516001,-0.730536,-85.155,-228.0075,-1.6975
12614,3702401,0.6919841,-0.114192,-0.8086161,-104.125,-230.79,-5.5475
12615,3702498,0.839848,-0.11956,-0.89792,-117.8625,-236.425,-9.0825
12616,3702596,0.953308,-0.147132,-0.953796,-123.13,-245.3325,-11.095
12617,3702693,0.98088,-0.224236,-0.9228081,-122.605,-256.2525,-11.095
12618,3702790,0.949404,-0.3294,-0.8322841,-124.005,-262.64,-10.255
12619,3702888,0.971364,-0.36234,-0.76372,-132.86,-257.11,-10.36
12620,3702985,1.077504,-0.350628,-0.773968,-141.6975,-241.9725,-12.005
12621,3703083,1.365424,-0.33916,-0.929152,-142.7825,-223.02,-10.85
12622,3703180,1.696776,-0.407724,-1.054324,-136.4825,-211.4,-5.9675
12623,3703277,1.898076,-0.514352,-1.00406,-132.055,-213.15,-1.3475
12624,3703375,1.909056,-0.57828,-0.822768,-137.0425,-218.4,-0.5425
12625,3703472,1.88734,-0.552904,-0.6414761,-148.715,-216.7025,-3.185
12626,3703569,1.894904,-0.470432,-0.52704,-155.9775,-206.7625,-6.51
12627,3703667,1.935408,-0.50508,-0.392352,-150.64,-191.835,-10.0625
12628,3703764,1.925648,-0.6463561,-0.194712,-137.5675,-175.2275,-14.4725
12629,3703862,1.941752,-0.595848,-0.093696,-132.4575,-155.8025,-22.47
12630,3703959,1.971276,-0.503616,0.035136,-118.0375,-137.0775,-28.8575
12631,3704056,1.957368,-0.386008,0.154208,-89.6,-120.2425,-29.7675
12632,3704154,1.96664,-0.324276,0.245952,-52.01,-103.7575,-24.4475
12633,3704251,1.97518,-0.325984,0.327936,-16.87,-89.3025,-14.42
12634,3704348,1.90442,-0.30988,0.419192,6.02,-78.995,-4.655
12635,3704446,1.812676,-0.216184,0.487512,14.8225,-68.2325,1.2425
12636,3704543,1.545252,0.180072,0.761524,27.3525,-54.04,0.7875
12637,3704640,1.59454,0.208376,0.594872,66.7975,-26.0575,-0.6475
12638,3704738,1.145824,0.08003201,0.393084,113.9775,-3.5875,-12.04
12639,3704835,0.9823441,-0.528748,-0.03782,122.78,19.425,-35.35
12640,3704933,-0.358924,-0.10858,-0.966484,88.25251,27.405,-66.9025
12641,3705030,-1.725324,0.385032,-3.274724,74.4975,52.08,-91.2975
12642,3705127,-0.269132,-2.184044,-2.206004,177.9575,89.845,-44.03
12643,3705225,0.681736,-3.97232,0.8188641,191.345,92.47001,43.225
12644,3705322,1.175348,-0.745908,-0.555588,-45.01,112.7525,41.265
12645,3705420,1.673108,1.968104,-2.580544,-70.84001,125.7025,42.875
12646,3705517,1.480348,2.11548,-1.341024,47.2325,50.715,21.9275
12647,3705614,0.129076,-0.460428,-0.208376,113.8375,-17.5,21.035
12648,3705712,0.791292,-1.306132,-1.329312,129.885,27.16,30.24
12649,3705809,0.495564,-0.58072,-0.903532,38.9375,18.3575,10.8675
12650,3705907,0.339648,0.360876,-0.775188,8.2075,0.14,2.73
12651,3706004,0.7088201,-0.070516,-1.088972,23.5375,13.9825,3.57
12652,3706101,0.3965,-0.225456,-0.758596,25.76,-1.75,5.88
12653,3706199,0.5206961,0.174948,-0.940864,12.39,0.9625,6.405
12654,3706296,0.510204,0.183732,-0.9293961,12.215,1.61,9.87
12655,3706393,0.459208,-0.048068,-0.869616,16.9925,-3.535,13.755
12656,3706491,0.482144,-0.082716,-0.8679081,12.39,-4.2175,14.0875
12657,3706588,0.48312,-0.061732,-0.864736,6.4925,-6.9125,12.7225
12658,3706686,0.500444,-0.138348,-0.858392,5.635,-9.31,11.76
12659,3706783,0.4941,-0.183488,-0.8430201,4.655,-11.4275,9.555
12660,3706880,0.48434,-0.163968,-0.854244,1.2425,-12.4775,5.6525
12661,3706978,0.4941,-0.185928,-0.846924,-0.3675,-13.16,0.9275
12662,3707075,0.52216,-0.142496,-0.866932,-1.75,-12.8975,-3.3425
12663,3707173,0.522404,-0.100284,-0.8723001,-2.73,-12.04,-6.1075
12664,3707270,0.517524,-0.08296,-0.8769361,-1.9425,-11.83,-7.14
12665,3707367,0.520208,-0.048068,-0.877668,-1.4,-11.025,-6.8075
12666,3707465,0.512156,-0.018056,-0.87474,-0.595,-10.2025,-5.565
12667,3707562,0.4984921,0.007076001,-0.8784,0.175,-9.485,-3.5525
12668,3707659,0.493612,-0.014152,-0.869616,1.61,-9.38,-1.1725
12669,3707757,0.4819,-0.022204,-0.876692,2.6075,-9.695,0.525
12670,3707854,0.480192,-0.030256,-0.87352,2.7475,-9.4675,1.7325
12671,3707952,0.473116,-0.05172801,-0.8698601,2.8525,-9.5725,2.45
12672,3708049,0.47458,-0.07564,-0.872056,2.52,-9.695,2.38
12673,3708146,0.478728,-0.06270801,-0.877912,2.24,-9.2225,2.1525
12674,3708244,0.47092,-0.068076,-0.8725441,2.1,-8.8375,1.9075
12675,3708341,0.489952,-0.074664,-0.864492,1.6275,-8.4,1.5575
12676,3708438,0.479948,-0.06880801,-0.87108,0.8400001,-8.05,0.875
12677,3708536,0.471408,-0.06539201,-0.875716,0.7175,-8.0675,0.2625
12678,3708633,0.47824,-0.070028,-0.8759601,0.805,-7.84,-0.175
12679,3708731,0.487024,-0.050264,-0.8759601,0.9275,-7.525,-0.42
12680,3708828,0.482632,-0.045872,-0.877668,0.8575,-6.895,-0.0175
12681,3708925,0.4819,-0.05172801,-0.875472,1.2775,-6.5975,0.385
12682,3709023,0.477996,-0.053192,-0.8713241,1.2425,-6.405,0.7
12683,3709120,0.472872,-0.061732,-0.876204,1.4,-6.475,0.9275
12684,3709218,0.473848,-0.063684,-0.875472,1.61,-6.4225,0.9275
12685,3709315,0.471164,-0.06539201,-0.877424,1.7325,-6.125,0.735
12686,3709412,0.472384,-0.06636801,-0.871568,1.925,-5.81,0.35
12687,3709510,0.474092,-0.07027201,-0.8725441,2.17,-5.705,-0.0175
12688,3709607,0.475556,-0.069052,-0.8740081,2.345,-5.775,-0.2975
12689,3709705,0.472628,-0.064416,-0.876204,2.2575,-5.6175,-0.5075
12690,3709802,0.471896,-0.06270801,-0.8769361,2.3275,-5.2325,-0.5775
12691,3709899,0.468236,-0.059048,-0.872788,2.45,-5.075,-0.6125
12692,3709997,0.465552,-0.05929201,-0.8764481,2.3625,-5.1625,-0.7875
12693,3710094,0.462624,-0.060024,-0.875228,2.3625,-5.3725,-0.945
12694,3710191,0.466772,-0.05246,-0.8791321,2.3975,-5.3025,-1.015
12695,3710289,0.468724,-0.054412,-0.87474,2.45,-5.3025,-0.8225
12696,3710386,0.469212,-0.050264,-0.8723001,2.485,-5.4075,-0.525
12697,3710484,0.468724,-0.05587601,-0.869616,2.6425,-5.705,-0.2625
12698,3710581,0.467016,-0.05246,-0.8759601,2.59,-5.985,0.07
12699,3710678,0.465796,-0.055144,-0.8759601,2.59,-6.2475,0.42
12700,3710776,0.46482,-0.060268,-0.87474,2.59,-6.6325,0.665
12701,3710873,0.46482,-0.067832,-0.873276,2.5375,-7.1225,0.5775
12702,3710971,0.462624,-0.077104,-0.8725441,2.835,-7.6125,0.42
12703,3711068,0.463844,-0.071004,-0.87474,2.73,-7.735,0.035
12704,3711165,0.46238,-0.073444,-0.875716,2.66,-7.63,-0.1575
12705,3711263,0.46238,-0.069052,-0.87352,2.6425,-7.5775,-0.525
12706,3711360,0.462136,-0.069052,-0.87474,2.4675,-7.63,-0.7175
12707,3711457,0.458964,-0.06539201,-0.875716,2.59,-7.945,-0.98
12708,3711555,0.460184,-0.063196,-0.877912,2.5725,-8.1725,-1.0675
12709,3711652,0.464576,-0.061,-0.87718,2.6775,-8.19,-1.015
12710,3711750,0.465308,-0.067588,-0.874252,2.52,-8.26,-0.9275
12711,3711847,0.46726,-0.06270801,-0.8759601,2.3275,-8.33,-0.8400001
12712,3711944,0.464576,-0.066124,-0.8744961,2.345,-8.19,-0.8925
12713,3712042,0.463844,-0.07832401,-0.87718,2.4325,-8.0325,-0.91
12714,3712139,0.460672,-0.077348,-0.878888,2.275,-7.84,-1.295
12715,3712236,0.454816,-0.072468,-0.881572,2.31,-7.6825,-1.5925
12716,3712334,0.4575,-0.071248,-0.8805961,2.345,-7.455,-2.03
12717,3712431,0.456524,-0.0732,-0.876204,2.4325,-7.49,-2.415
12718,3712529,0.459208,-0.067832,-0.8786441,2.2925,-7.3675,-2.7125
12719,3712626,0.46238,-0.068076,-0.8740081,2.345,-7.2275,-2.7475
12720,3712723,0.457012,-0.067344,-0.877912,2.3975,-7.3325,-2.6425
12721,3712821,0.457744,-0.068076,-0.878156,2.4325,-7.5775,-2.5725
12722,3712918,0.454084,-0.0671,-0.878888,2.4675,-7.8575,-2.7475
12723,3713016,0.458476,-0.06344,-0.8810841,2.5725,-8.085,-2.7125
12724,3713113,0.454328,-0.061488,-0.878156,2.5725,-8.1025,-2.5725
12725,3713210,0.451156,-0.064904,-0.8786441,2.59,-8.435,-2.625
12726,3713308,0.45018,-0.061732,-0.877668,2.555,-8.7325,-2.765
12727,3713405,0.449204,-0.061,-0.879864,2.3625,-9.0825,-3.045
12728,3713503,0.44774,-0.06270801,-0.887672,2.205,-9.135,-3.185
12729,3713600,0.458476,-0.056852,-0.8827921,2.1525,-8.715,-2.94
12730,3713697,0.466772,-0.06270801,-0.889624,2.1875,-8.3475,-2.45
12731,3713795,0.4553041,-0.061488,-0.8888921,2.3625,-8.12,-2.1875
12732,3713892,0.45628,-0.073688,-0.884988,2.6075,-7.84,-1.89
12733,3713989,0.434564,-0.052704,-0.8744961,2.5025,-7.49,-1.8025
12734,3714087,0.445056,-0.067832,-0.8679081,2.38,-7.0875,-1.9075
12735,3714184,0.446764,-0.075396,-0.8903561,1.8025,-6.3,-2.065
12736,3714282,0.447252,-0.055144,-0.9037761,1.575,-5.2325,-2.38
12737,3714379,0.456524,-0.016104,-0.904996,0.8225,-3.6925,-2.2925
12738,3714476,0.45628,-0.053192,-0.8949921,1.8725,-2.8175,-0.875
12739,3714574,0.445544,-0.067588,-0.902556,2.5725,-1.5575,0.0875
12740,3714671,0.448228,-0.059048,-0.9042641,2.135,0.5075,0.035
12741,3714769,0.452864,-0.047336,-0.897432,1.7325,3.29,0.21
12742,3714866,0.45262,-0.057828,-0.8888921,1.6275,5.635,0.98
12743,3714963,0.479704,-0.082228,-0.8676641,1.365,8.085,1.645
12744,3715061,0.41724,-0.051972,-0.912316,0.1925,10.92,1.4875
12745,3715158,0.441884,-0.039284,-0.91744,-0.1925,15.6275,1.5575
12746,3715256,0.437004,-0.05002,-0.9211,0.4375,20.65,2.8175
12747,3715353,0.442372,-0.05978,-0.91988,1.225,26.4425,4.0075
12748,3715450,0.44896,-0.071492,-0.930372,2.2575,32.7775,4.165
12749,3715548,0.415532,-0.127856,-0.9469641,5.075,39.7425,3.2375
12750,3715645,0.411384,-0.117608,-0.912316,6.3,49.665,0.175
12751,3715742,0.435296,-0.09882,-0.955504,3.2025,62.755,-3.71
12752,3715840,0.42456,-0.08662001,-0.959896,7.6825,75.11,-5.95
12753,3715937,0.438712,-0.055388,-0.988932,8.715,90.9825,-8.4175
12754,3716035,0.425048,-0.055144,-0.998448,13.51,107.905,-9.73
12755,3716132,0.425048,-0.046116,-1.014064,17.955,128.7125,-11.0425
12756,3716229,0.432124,-0.02196,-1.0309,23.4675,152.1975,-11.4275
12757,3716327,0.449204,0.007076001,-1.054568,30.625,177.3275,-10.43
12758,3716424,0.466772,0.029768,-1.073844,40.495,201.845,-7.2625
12759,3716522,0.47336,0.05978,-1.085068,51.1,224.665,-1.4175
12760,3716619,0.4941,0.071004,-1.056276,63.07,244.895,7.3325
12761,3716716,0.5309441,0.07612801,-1.032364,73.955,262.64,18.0075
12762,3716814,0.594384,0.058804,-0.9901521,83.615,280.0525,30.03
12763,3716911,0.693692,-0.007808001,-0.937936,91.105,297.1675,40.3725
12764,3717009,0.861808,-0.08808401,-0.9001161,94.15,310.5375,47.11
12765,3717106,1.030168,-0.187148,-0.945256,93.1525,317.03,50.33
12766,3717203,1.099708,-0.146644,-0.81252,89.5125,315.245,51.31
12767,3717301,1.284904,-0.217648,-0.793488,93.9925,309.61,50.4875
12768,3717398,1.39324,-0.39284,-0.854,99.1375,290.9025,49.98
12769,3717496,1.497916,-0.262056,-1.008696,87.0625,258.65,44.1175
12770,3717593,1.334924,-0.118584,-0.9079241,73.605,218.7325,36.295
12771,3717690,1.054812,-0.086132,-0.6497721,73.045,183.225,36.0325
12772,3717788,0.782508,-0.050264,-0.609024,64.19,156.4675,33.2675
12773,3717885,0.5016641,-0.211548,-0.86864,49.245,120.6625,30.1175
12774,3717982,0.901336,-0.777628,-2.3119,-3.7275,46.76,32.27
12775,3718080,0.67344,0.022448,-1.884168,-101.675,-47.39,21.07
12776,3718177,-0.12444,0.926468,-1.517924,-159.0225,-120.33,3.8325
12777,3718275,-0.13542,0.8461921,-1.117276,-103.7925,-150.2725,3.5525
12778,3718372,-0.239364,0.636596,-0.9211,-50.61,-153.545,-1.715
12779,3718469,-0.150548,0.193736,-0.827892,-22.8725,-153.7375,-7.4375
12780,3718567,-0.039772,-0.007320001,-0.8357,-40.1625,-157.5525,-17.6925
12781,3718664,0.10126,-0.01586,-0.924516,-75.635,-167.09,-26.705
12782,3718762,0.225212,0.03904,-0.990396,-102.655,-182.6825,-29.4175
12783,3718859,0.28182,0.058804,-0.970876,-113.3825,-202.5275,-25.375
12784,3718956,0.285236,0.007564001,-0.8713241,-113.0325,-221.3925,-17.9025
12785,3719054,0.239608,-0.082716,-0.741272,-112.3325,-234.8325,-11.48
12786,3719151,0.245708,-0.173484,-0.665144,-118.37,-238.1575,-8.9075
12787,3719248,0.352092,-0.242292,-0.683444,-129.5,-233.555,-10.43
12788,3719346,0.503616,-0.29768,-0.732976,-140.7875,-229.1275,-13.3525
12789,3719443,0.6588,-0.343064,-0.7856801,-149.6425,-227.78,-17.2025
12790,3719541,0.769332,-0.391132,-0.811788,-153.02,-229.5825,-21.4025
12791,3719638,0.877424,-0.455792,-0.791048,-151.0075,-231.91,-23.59
12792,3719735,0.9674601,-0.510692,-0.7129681,-145.6875,-231.8575,-23.38
12793,3719833,1.109956,-0.567056,-0.623664,-136.7275,-225.435,-21.07
12794,3719930,1.358348,-0.651236,-0.597556,-122.675,-210.98,-14.1925
12795,3720028,1.67018,-0.7856801,-0.607316,-108.1675,-196.0525,-0.4725
12796,3720125,1.925648,-0.889868,-0.532896,-101.4825,-188.58,17.185
12797,3720222,2.007388,-0.9140241,-0.34038,-103.81,-186.305,34.405
12798,3720320,2.096204,-0.845704,-0.132736,-112.1575,-179.3575,49.8225
12799,3720417,2.257732,-0.760304,0.046116,-115.325,-164.8675,64.5575
12800,3720515,2.380708,-0.697352,0.265472,-109.1475,-147.7,77.84
12801,3720612,2.366312,-0.628544,0.52338,-97.895,-129.1675,87.5525
12802,3720710,2.223328,-0.530212,0.74664,-85.3125,-105.56,92.85501
12803,3720807,2.069852,-0.422364,0.8174001,-71.1025,-73.325,95.76
12804,3720904,1.88124,-0.05172801,0.7134561,-55.2125,-38.535,96.3025
12805,3721002,1.672376,0.2989,0.673928,-3.85,-10.6225,89.0925
12806,3721099,1.181692,-0.256932,0.070516,73.8675,21.2275,79.4325
12807,3721197,-0.6851521,-0.277184,-1.464976,89.4425,38.1325,53.2525
12808,3721294,-1.54086,-0.453596,-3.881796,101.745,38.8325,13.23
12809,3721391,-0.513376,-1.85318,-1.107516,156.2925,69.0025,11.865
12810,3721489,2.83772,-1.534272,-1.094584,34.09,91.9275,13.9125
12811,3721586,2.063508,1.10898,-0.8488761,-53.9175,48.93,-17.08
12812,3721684,0.147864,0.6980841,-1.097024,-10.43,-30.1175,0.63
12813,3721781,0.160308,-0.543388,-0.9154881,47.425,-4.5675,9.38
12814,3721878,0.401868,-0.64782,-0.687348,28.245,-0.105,5.915
12815,3721976,0.600972,-0.096868,-0.81252,-4.305,1.2075,-3.815
12816,3722073,0.599996,0.146644,-0.9501361,-10.815,-5.67,-7.3675
12817,3722170,0.503616,0.06636801,-0.931836,-1.8375,-11.095,-3.71
12818,3722268,0.516792,-0.047336,-0.879376,4.48,-10.3425,0.105
12819,3722365,0.5246,-0.017324,-0.8764481,4.0075,-7.49,1.8025
12820,3722463,0.518256,-0.008784,-0.877912,3.7275,-7.42,2.8
12821,3722560,0.511668,-0.04026,-0.86742,4.375,-8.1025,3.395
12822,3722657,0.476044,-0.043432,-0.8810841,3.4475,-8.7675,3.3075
12823,3722755,0.486536,-0.0427,-0.8784,2.2225,-8.5225,2.835
12824,3722852,0.543632,-0.024888,-0.856684,1.505,-7.98,2.6775
12825,3722950,0.5267961,-0.04636,-0.863516,1.505,-9.1525,2.94
12826,3723047,0.500932,-0.068076,-0.8596121,1.82,-10.22,2.9575
12827,3723144,0.5077641,-0.061976,-0.866688,0.91,-10.045,2.2225
12828,3723242,0.512156,-0.073444,-0.8591241,1.12,-9.6775,1.2425
12829,3723339,0.51362,-0.06075601,-0.8615641,0.455,-9.2575,0.07
12830,3723436,0.501176,-0.050264,-0.860344,0.14,-8.89,-0.8400001
12831,3723534,0.496296,-0.05978,-0.857172,0.2275,-9.1525,-1.6275
12832,3723631,0.487268,-0.048068,-0.8657121,0.105,-9.4325,-2.3275
12833,3723729,0.489708,-0.044896,-0.8713241,0.21,-9.66,-2.4675
12834,3723826,0.48922,-0.044652,-0.868396,0.98,-9.7475,-2.3625
12835,3723923,0.48556,-0.02074,-0.8713241,1.12,-9.275,-1.82
12836,3724021,0.483364,-0.028304,-0.873764,1.4875,-8.995,-0.9975
12837,3724118,0.48068,-0.033428,-0.8740081,1.7325,-8.7325,-0.28
12838,3724216,0.482632,-0.02684,-0.879864,1.68,-8.26,0.2975
12839,3724313,0.47702,-0.053436,-0.86864,2.2925,-7.9625,0.875
12840,3724410,0.483608,-0.04148,-0.8744961,1.925,-7.49,0.9975
12841,3724508,0.48434,-0.047336,-0.8703481,2.0825,-7.385,1.05
12842,3724605,0.482388,-0.05368,-0.866688,1.96,-7.2975,0.9625
12843,3724702,0.478484,-0.051972,-0.86742,1.6275,-7.1925,0.6475
12844,3724800,0.472872,-0.06075601,-0.868152,1.4525,-7.35,0.105
12845,3724897,0.473848,-0.055632,-0.8698601,1.4175,-7.4725,-0.56
12846,3724995,0.473116,-0.06222,-0.869128,1.5925,-7.8225,-1.365
12847,3725092,0.475312,-0.046604,-0.868152,1.4875,-8.0325,-1.96
12848,3725189,0.470432,-0.044164,-0.871568,1.3475,-8.295,-1.9425
12849,3725287,0.470432,-0.044164,-0.8723001,1.1725,-8.5575,-2.0825
12850,3725384,0.469944,-0.042212,-0.8784,0.7875,-8.575,-2.17
12851,3725482,0.470432,-0.04758,-0.87718,0.7875,-8.61,-2.2225
12852,3725579,0.472628,-0.037332,-0.8784,0.6475,-8.2775,-2.4325
12853,3725676,0.47458,-0.034892,-0.8805961,0.6475,-7.9275,-2.4675
12854,3725774,0.475068,-0.03416,-0.87718,0.9975,-7.56,-2.2575
12855,3725871,0.47458,-0.037332,-0.8784,1.4,-7.1575,-1.925
12856,3725968,0.472628,-0.033184,-0.87962,1.855,-6.965,-1.505
12857,3726066,0.47214,-0.039528,-0.8725441,2.03,-6.615,-1.155
12858,3726163,0.473116,-0.03904,-0.8769361,2.0125,-6.2825,-1.0675
12859,3726261,0.471164,-0.043188,-0.872056,2.1,-6.195,-1.0675
12860,3726358,0.466772,-0.04636,-0.8764481,2.1175,-6.1425,-1.2075
12861,3726455,0.46604,-0.05368,-0.876204,2.2575,-5.8975,-1.4525
12862,3726553,0.468724,-0.052704,-0.8769361,2.135,-5.5825,-1.89
12863,3726650,0.47214,-0.046848,-0.879864,2.0825,-5.1625,-2.275
12864,3726748,0.469456,-0.042456,-0.876692,2.1175,-4.655,-2.3975
12865,3726845,0.47214,-0.04026,-0.873764,2.17,-4.4975,-2.1875
12866,3726942,0.47092,-0.040992,-0.873764,2.2925,-4.55,-2.1875
12867,3727040,0.468968,-0.0427,-0.875472,2.1875,-4.725,-2.2925
12868,3727137,0.4636,-0.042212,-0.8723001,2.17,-4.76,-2.31
12869,3727235,0.465796,-0.037576,-0.8759601,2.1525,-4.83,-2.4675
12870,3727332,0.464332,-0.037088,-0.8759601,2.2575,-5.0925,-2.4325
12871,3727429,0.466284,-0.031964,-0.875716,2.205,-5.4775,-2.345
12872,3727527,0.465064,-0.03904,-0.8740081,2.3625,-5.7225,-2.2575
12873,3727624,0.46848,-0.038064,-0.8744961,2.345,-6.055,-2.17
12874,3727721,0.4697,-0.044896,-0.873276,2.5025,-6.3875,-1.9775
12875,3727819,0.46604,-0.052216,-0.871568,2.73,-6.7725,-1.96
12876,3727916,0.464332,-0.053436,-0.873764,2.7125,-7.0875,-2.135
12877,3728014,0.465308,-0.0549,-0.8723001,2.625,-7.175,-2.345
12878,3728111,0.460916,-0.051484,-0.8718121,2.4325,-7.175,-2.94
12879,3728208,0.459208,-0.04514,-0.875716,2.31,-7.175,-3.5
12880,3728306,0.45872,-0.056852,-0.873764,2.17,-7.0525,-3.92
12881,3728403,0.46238,-0.054168,-0.8708361,1.785,-7.0,-4.655
12882,3728501,0.462136,-0.060512,-0.873764,1.2425,-7.21,-5.3725
12883,3728598,0.46726,-0.043188,-0.877668,0.805,-7.0525,-6.0025
12884,3728695,0.466528,-0.044652,-0.87352,0.5425,-6.9475,-6.055
12885,3728793,0.46238,-0.039284,-0.8764481,0.2275,-7.0175,-6.02
12886,3728890,0.460916,-0.034404,-0.8801081,-0.14,-6.9125,-5.95
12887,3728987,0.460672,-0.035136,-0.878888,-0.5775,-6.5975,-5.5825
12888,3729085,0.461404,-0.03294,-0.881572,-1.19,-6.0725,-5.4425
12889,3729182,0.465064,-0.034404,-0.8801081,-1.645,-5.67,-5.3025
12890,3729280,0.47214,-0.03904,-0.878888,-1.9775,-5.4775,-5.0925
12891,3729377,0.471896,-0.041724,-0.8769361,-2.2575,-5.495,-5.1275
12892,3729474,0.469944,-0.038552,-0.876692,-2.415,-5.495,-5.1275
12893,3729572,0.463844,-0.03538,-0.877424,-2.555,-5.4075,-5.0575
12894,3729669,0.462868,-0.031964,-0.883768,-2.5025,-5.5825,-4.9525
12895,3729766,0.46116,-0.033428,-0.8845,-2.485,-5.4775,-4.83
12896,3729864,0.457744,-0.030012,-0.8847441,-2.8,-5.005,-4.7425
12897,3729961,0.46116,-0.029036,-0.881328,-2.8,-4.655,-4.6025
12898,3730058,0.462624,-0.026596,-0.878888,-2.695,-4.3925,-4.4275
12899,3730156,0.465064,-0.021716,-0.880352,-2.6425,-4.34,-4.2525
12900,3730253,0.463356,-0.024156,-0.883036,-2.38,-4.515,-3.9025
12901,3730351,0.462624,-0.018056,-0.8820601,-2.0125,-4.515,-3.5525
12902,3730448,0.470676,-0.017324,-0.876204,-1.715,-4.4975,-3.29
12903,3730545,0.459208,-0.028792,-0.880352,-1.3475,-4.3925,-3.01
12904,3730643,0.465308,-0.023912,-0.883768,-1.155,-4.025,-2.8525
12905,3730740,0.473116,-0.017812,-0.8820601,-0.91,-3.815,-2.73
12906,3730837,0.476532,-0.022692,-0.879864,-0.5075,-4.0425,-2.4325
12907,3730935,0.476044,-0.025864,-0.8759601,-0.1225,-4.305,-2.3975
12908,3731032,0.472628,-0.024888,-0.87962,0.0,-4.62,-2.4675
12909,3731130,0.458232,-0.026596,-0.883036,0.07,-4.76,-2.625
12910,3731227,0.447984,-0.023424,-0.8893801,-0.1925,-4.095,-2.835
12911,3731324,0.448716,-0.008052001,-0.8976761,-0.6475,-2.31,-2.905
12912,3731422,0.4575,0.010736,-0.8967,-0.8400001,-0.1925,-2.59
12913,3731519,0.465552,0.000976,-0.8940161,-0.4375,1.6275,-1.5225
12914,3731616,0.471408,-0.007320001,-0.892308,-0.1575,3.2375,-0.315
12915,3731714,0.475312,-0.016104,-0.8845,-0.0875,4.655,0.2625
12916,3731811,0.476044,-0.02196,-0.874252,-0.175,5.915,0.42
12917,3731908,0.477752,-0.02684,-0.873764,-0.1575,6.4225,0.35
12918,3732006,0.4819,-0.0305,-0.870104,-0.1925,6.3175,-0.175
12919,3732103,0.478484,-0.020252,-0.86742,-0.2275,6.0725,-0.56
12920,3732201,0.48434,-0.008784,-0.8703481,0.0,5.3025,-0.3325
12921,3732298,0.484828,-0.014396,-0.860588,0.7175,4.0075,0.175
12922,3732395,0.491416,-0.013908,-0.857172,1.015,2.66,0.455
12923,3732493,0.488,-0.019276,-0.85644,1.3475,1.0675,0.9275
12924,3732590,0.489708,-0.014396,-0.8620521,1.5925,-0.4725,1.19
12925,3732688,0.483608,-0.02196,-0.8652241,1.925,-1.75,1.295
12926,3732785,0.478484,-0.022448,-0.874252,2.0825,-2.205,1.33
12927,3732882,0.476044,-0.0244,-0.881328,2.1175,-1.715,1.26
12928,3732980,0.473116,-0.025132,-0.8847441,1.9075,-0.455,1.155
12929,3733077,0.475556,-0.01586,-0.886452,1.365,1.785,1.0675
12930,3733175,0.474092,-0.01464,-0.890112,0.8925,4.34,1.295
12931,3733272,0.47702,-0.015616,-0.883768,0.9975,7.0,1.6275
12932,3733369,0.476288,-0.009516001,-0.887672,0.56,9.52,2.0125
12933,3733467,0.47336,-0.022204,-0.878156,0.56,12.1975,2.6075
12934,3733564,0.481168,0.007320001,-0.87352,-1.12,15.4,3.185
12935,3733661,0.483608,-0.05368,-0.888648,-1.82,18.6725,4.2525
12936,3733759,0.477264,-0.037576,-0.8949921,0.735,22.855,4.025
12937,3733856,0.486536,-0.038064,-0.878888,-1.6625,28.1925,2.205
12938,3733954,0.483364,-0.03904,-0.888648,-1.5225,33.46,0.8925
12939,3734051,0.486292,-0.026352,-0.892552,-2.45,39.865,-0.28
12940,3734148,0.483364,-0.015372,-0.89792,-3.115,46.795,-1.0675
12941,3734246,0.490196,-0.000976,-0.90646,-3.71,54.845,-1.435
12942,3734343,0.489952,-0.010736,-0.9089001,-3.605,63.98,-1.295
12943,3734441,0.49044,-0.009028001,-0.9145121,-3.2725,74.6025,-0.7525
12944,3734538,0.472628,0.00122,-0.930128,-4.9875,87.7625,0.07
12945,3734635,0.487268,0.005612,-0.926468,-5.8275,103.495,1.8375
12946,3734733,0.5355801,0.05587601,-0.9613601,-8.715,121.1,4.7775
12947,3734830,0.56852,0.009272001,-0.884012,-9.8175,135.625,9.7825
12948,3734927,0.576328,-0.040016,-0.7895841,-19.25,144.6375,16.3275
12949,3735025,0.584868,0.032696,-0.9247601,-43.575,151.62,23.765
12950,3735122,0.617076,0.223992,-0.828868,-63.315,155.2075,35.28
12951,3735220,0.70028,0.27816,-0.83936,-75.7925,157.9375,48.3175
12952,3735317,0.6790521,0.169336,-0.799588,-74.13,154.8225,63.385
12953,3735414,0.812032,0.09638,-0.8591241,-89.985,150.0625,71.7325
12954,3735512,0.8466801,0.02196,-0.9337881,-120.05,136.955,73.5175
12955,3735609,0.799588,0.30378,-0.829356,-167.615,113.19,70.2625
12956,3735706,0.8100801,0.281576,-0.9028,-181.1775,91.735,71.99501
12957,3735804,0.487268,-0.00244,-1.164124,-186.8825,53.095,79.6775
12958,3735901,0.249612,0.6749041,-1.067256,-217.6825,7.42,76.86
12959,3735999,-0.001952,0.90646,-1.185108,-185.7975,-25.6025,84.595
12960,3736096,-0.183488,0.742492,-1.006012,-122.9025,-53.2175,87.46501
12961,3736193,-0.063684,0.803492,-0.930372,-95.4975,-71.33,71.2075
12962,3736291,-0.03416,0.581696,-1.099708,-87.08,-86.17,47.8975
12963,3736388,0.009028001,0.643672,-1.039928,-80.745,-111.4575,26.3025
12964,3736486,0.032696,0.5594921,-0.9757561,-67.27,-131.8275,10.185
12965,3736583,0.09247601,0.343552,-0.8808401,-47.67,-148.295,1.3475
12966,3736680,0.165676,0.189832,-0.7951961,-40.6525,-160.72,-5.5825
12967,3736778,0.194468,0.06344,-0.668316,-42.6475,-170.7825,-9.5375
12968,3736875,0.201544,-0.06588,-0.486048,-49.6825,-175.035,-10.5175
12969,3736972,0.16226,-0.171288,-0.294508,-61.1275,-169.6975,-7.945
12970,3737070,1.090924,1.36884,-1.018456,-79.8175,-149.59,2.415
12971,3737167,1.470588,-0.654896,-0.488,48.6675,-151.13,88.8125
12972,3737265,1.687748,-2.05326,-0.17202,148.6975,-160.8425,185.745
12973,3737362,2.436584,-2.631296,-0.009028001,87.99,-129.5525,224.315
12974,3737459,2.975336,-1.452044,0.7503,-38.43,-108.045,259.1225
12975,3737557,2.813808,-0.612684,0.182268,-124.9325,-91.1925,279.7375
12976,3737654,1.686528,0.410652,-0.620248,-102.27,-90.9125,277.6725
12977,3737751,0.469456,-0.4392,-0.641964,-77.91,-96.1625,238.49
12978,3737849,-0.213012,-0.513376,-1.114836,-52.325,-86.4675,214.6025
12979,3737946,-0.231556,-0.116876,-1.447896,-44.7125,-54.9675,156.975
12980,3738044,-0.160796,-0.711748,-1.332972,18.7075,-47.39,92.69751
12981,3738141,0.22936,-1.270264,-0.528016,41.9125,-28.6125,29.8375
12982,3738238,0.670268,0.100284,-1.053104,-22.9775,2.38,-15.1025
12983,3738336,0.408212,0.106872,-1.038708,-19.2325,9.6775,-26.145
12984,3738433,0.43798,0.002684,-0.929152,2.45,19.74,-18.725
12985,3738531,0.534604,0.140788,-0.9850281,-5.6875,32.9525,-9.2925
12986,3738628,0.442616,0.04758,-0.9720961,-7.5425,39.7075,4.795
12987,3738725,0.508008,-0.06222,-0.964044,-14.1225,51.0125,12.8275
12988,3738823,0.681736,-0.189832,-0.8095921,-12.3375,61.285,15.8375
12989,3738920,0.604144,0.006588,-0.86498,-30.0825,69.055,21.105
12990,3739018,0.60268,-0.002196,-0.83204,-35.665,72.7125,29.68
12991,3739115,0.6463561,0.027328,-0.799344,-43.3475,72.87,40.1625
12992,3739212,0.643184,0.054168,-0.76616,-51.205,68.6175,51.73
12993,3739310,0.6646561,0.06075601,-0.730048,-57.645,61.04,63.14
12994,3739407,0.660996,0.067344,-0.669292,-61.6525,50.26,75.2325
12995,3739504,0.6878361,0.133468,-0.66368,-65.975,38.22,84.49
12996,3739602,0.681736,0.080764,-0.660264,-65.205,25.0775,91.6125
12997,3739699,0.67466,0.113948,-0.65514,-65.135,11.515,98.56
12998,3739797,0.70516,0.0793,-0.67588,-63.805,-1.96,101.6575
12999,3739894,0.620736,-0.08003201,-0.547536,-55.9125,-19.53,105.6825
13000,3739991,0.664168,-0.047824,-0.622932,-59.36,-33.4425,101.5175
13001,3740089,0.562664,-0.15494,-0.617076,-50.085,-52.4825,93.275
13002,3740186,0.522892,-0.208864,-0.7605481,-39.8825,-69.9475,79.3275
13003,3740283,0.451156,-0.312076,-0.8427761,-25.41,-84.735,58.73
13004,3740381,0.442372,-0.367708,-0.866688,-6.895,-94.93751,33.2325
13005,3740478,0.44408,-0.379664,-0.861808,4.6025,-98.91001,7.5775
13006,3740576,0.50142,-0.120048,-0.914268,3.745,-96.4775,-10.9725
13007,3740673,0.431636,-0.0976,-0.8888921,2.0125,-91.2975,-19.075
13008,3740770,0.400648,-0.043676,-0.9952761,-3.85,-76.5625,-21.2275
13009,3740868,0.442372,0.256444,-1.07604,-6.0725,-58.9925,-17.115
13010,3740965,0.362096,0.06588,-1.05286,-0.175,-36.8375,-6.825
13011,3741062,0.396744,-0.071492,-0.976488,8.6275,-19.8975,1.33
13012,3741160,0.466772,-0.09638,-0.884012,5.4075,-7.8575,2.4675
13013,3741257,0.486048,-0.122488,-0.8430201,4.69,-4.5675,1.0325
13014,3741354,0.488488,-0.09882,-0.845216,4.3575,-4.8475,-1.715
13015,3741452,0.481656,-0.064904,-0.866688,3.8325,-6.3525,-3.5525
13016,3741549,0.488,-0.046848,-0.868884,4.2175,-7.105,-3.815
13017,3741647,0.476776,-0.0427,-0.870592,4.4625,-7.9275,-3.535
13018,3741744,0.474092,-0.028792,-0.8764481,4.1475,-8.5225,-3.185
13019,3741841,0.476288,-0.027328,-0.874984,4.06,-8.995,-2.45
13020,3741939,0.478484,-0.028792,-0.868152,4.165,-9.6075,-1.6975
13021,3742036,0.470188,-0.038064,-0.8657121,4.165,-10.5875,-1.1375
13022,3742134,0.463844,-0.040748,-0.872788,4.0425,-11.515,-0.8575
13023,3742231,0.479948,-0.044652,-0.866444,3.8675,-11.83,-0.8575
13024,3742328,0.46726,-0.05636401,-0.875472,3.64,-12.5125,-0.77
13025,3742426,0.461892,-0.081496,-0.87108,3.6225,-12.8975,-1.1025
13026,3742523,0.447008,-0.09784401,-0.883036,2.9925,-12.46,-1.9425
13027,3742621,0.45018,-0.09345201,-0.8845,2.5375,-11.2,-3.01
13028,3742718,0.444812,-0.114192,-0.8866961,1.7325,-9.8525,-4.235
13029,3742815,0.457012,-0.110776,-0.883524,0.6825,-8.4,-5.7225
13030,3742913,0.46848,-0.089792,-0.8805961,-1.1375,-7.14,-7.455
13031,3743010,0.476532,-0.075396,-0.873276,-2.7125,-6.8075,-8.8375
13032,3743107,0.475556,-0.052704,-0.875716,-4.4625,-7.4725,-9.905
13033,3743205,0.4743361,-0.046848,-0.87718,-6.0025,-8.68,-10.5175
13034,3743302,0.469944,-0.04148,-0.891088,-7.245,-9.52,-10.675
13035,3743400,0.465796,-0.045628,-0.896212,-8.3475,-9.9925,-10.605
13036,3743497,0.458232,-0.05612,-0.90036,-9.5725,-9.7125,-10.395
13037,3743594,0.447984,-0.043432,-0.897188,-10.535,-9.415,-10.22
13038,3743692,0.450668,-0.050508,-0.899384,-10.3775,-8.925,-10.0275
13039,3743789,0.446032,-0.050264,-0.892552,-10.29,-8.26,-9.8175
13040,3743886,0.437004,-0.038064,-0.892064,-10.2725,-8.085,-9.7475
13041,3743984,0.441152,-0.037332,-0.888648,-9.8,-7.8575,-9.31
13042,3744081,0.442128,-0.020496,-0.889136,-9.5725,-7.77,-8.785
13043,3744178,0.455792,-0.003904,-0.881572,-8.855,-7.28,-8.2075
13044,3744276,0.45872,-0.015372,-0.87962,-7.245,-6.965,-7.3325
13045,3744373,0.450668,-0.019276,-0.879376,-6.3,-6.6325,-6.755
13046,3744471,0.457988,-0.017324,-0.883524,-5.635,-6.23,-6.335
13047,3744568,0.45384,-0.031476,-0.882548,-5.1625,-6.1425,-6.0375
13048,3744665,0.449448,-0.020008,-0.8862081,-5.3725,-6.125,-6.0725
13049,3744763,0.454084,-0.01952,-0.887184,-5.2325,-5.8975,-6.02
13050,3744860,0.45872,-0.012932,-0.8842561,-5.18,-5.4075,-5.8975
13051,3744957,0.457012,-0.019764,-0.887672,-4.655,-5.5125,-5.775
13052,3745055,0.45628,-0.016348,-0.885476,-4.83,-5.39,-5.7925
13053,3745152,0.455792,-0.016836,-0.8888921,-4.8825,-5.145,-5.74
13054,3745250,0.4514,-0.0305,-0.8866961,-4.6725,-5.18,-5.8625
13055,3745347,0.446764,-0.017568,-0.878888,-5.0925,-5.11,-6.0375
13056,3745444,0.43676,-0.030012,-0.8820601,-4.8475,-4.9875,-5.985
13057,3745542,0.441152,-0.015372,-0.883768,-5.215,-4.5675,-6.0375
13058,3745639,0.444324,-0.008052001,-0.8801081,-5.355,-3.92,-5.9675
13059,3745736,0.434076,-0.006344,-0.883036,-4.795,-3.4475,-5.6525
13060,3745834,0.440176,0.005856,-0.8801081,-4.515,-2.6075,-5.25
13061,3745931,0.451644,0.009516001,-0.879376,-4.1825,-1.68,-4.6025
13062,3746029,0.45506,0.01342,-0.871568,-3.1675,-1.435,-3.6925
13063,3746126,0.46116,0.008296001,-0.877424,-2.1175,-1.4,-2.835
13064,3746223,0.460428,-0.003172,-0.876204,-1.3475,-1.715,-2.345
13065,3746321,0.4404201,0.007808001,-0.877912,-1.155,-1.6975,-2.24
13066,3746418,0.4514,0.010248,-0.8759601,-0.63,-1.0325,-1.9425
13067,3746515,0.460916,0.004148001,-0.881328,0.1225,-0.2625,-1.61
13068,3746613,0.461404,0.005612,-0.87962,0.42,0.14,-1.4175
13069,3746710,0.457988,0.00122,-0.8903561,0.7175,0.6825,-1.2075
13070,3746808,0.468236,0.004148001,-0.888648,0.91,1.1725,-0.945
13071,3746905,0.456036,-0.00976,-0.902068,0.595,1.61,-0.91
13072,3747002,0.459208,0.0,-0.8957241,-0.14,2.6775,-0.8575
13073,3747100,0.457012,-0.00244,-0.89182,-0.56,4.2175,-0.91
13074,3747197,0.451644,-0.000732,-0.8964561,-0.7875,5.985,-0.91
13075,3747295,0.453108,-0.007564001,-0.8964561,-0.77,7.8925,-0.8225
13076,3747392,0.47336,-0.007076001,-0.889868,-1.3475,9.59,-0.735
13077,3747490,0.485804,0.00976,-0.8740081,-2.205,10.5,-0.3675
13078,3747587,0.488976,0.0061,-0.861808,-3.15,10.465,0.3325
13079,3747684,0.494588,0.013176,-0.862784,-4.06,9.555,1.085
13080,3747781,0.496052,-0.009516001,-0.850096,-3.465,7.6475,1.295
13081,3747879,0.490196,0.002684,-0.8513161,-3.36,5.355,0.63
13082,3747976,0.501176,0.022936,-0.8425321,-2.59,3.2725,0.21
13083,3748074,0.503616,0.013908,-0.8427761,-1.1375,1.0675,0.1225
13084,3748171,0.499224,0.016836,-0.85156,0.455,-1.26,-0.1925
13085,3748268,0.504836,0.038064,-0.853756,1.61,-3.3075,0.0525
13086,3748366,0.491172,0.023668,-0.86498,2.8175,-4.7075,0.91
13087,3748463,0.485804,0.021228,-0.8874281,3.2725,-4.8125,1.855
13088,3748560,0.477508,0.007076001,-0.8845,3.2375,-4.0425,2.7475
13089,3748658,0.470432,0.001952,-0.8847441,2.2225,-2.6075,3.3425
13090,3748755,0.465552,0.001464,-0.893772,1.505,-0.28,4.1125
13091,3748853,0.469944,-0.000732,-0.884988,0.91,2.6075,5.145
13092,3748950,0.480436,-0.001708,-0.8827921,1.3825,5.7225,5.775
13093,3749047,0.487268,-0.0122,-0.8708361,2.59,8.5225,5.7925
13094,3749145,0.49166,-0.015616,-0.860832,2.345,9.905,5.0225
13095,3749242,0.507032,-0.025376,-0.8466801,2.9225,9.695,3.535
13096,3749339,0.524356,0.013176,-0.808372,3.3775,6.4925,1.8025
13097,3749437,0.5246,0.016348,-0.798856,4.97,0.3675,1.7325
13098,3749534,0.533628,0.03782,-0.80276,6.9125,-6.3525,2.7475
13099,3749632,0.54656,0.026108,-0.792024,9.5025,-12.9675,4.795
13100,3749729,0.540704,0.021228,-0.793488,11.3575,-19.565,6.72
13101,3749826,0.529968,0.040992,-0.82838,13.2125,-25.6725,8.0325
13102,3749924,0.48556,0.004148001,-0.8723001,15.54,-28.84,9.7475
13103,3750021,0.462624,-0.010004,-0.8949921,16.73,-28.49,11.13
13104,3750119,0.44286,-0.032452,-0.9167081,16.625,-26.495,11.5675
13105,3750216,0.430904,-0.06539201,-0.9254921,16.2575,-22.89,10.8675
13106,3750313,0.421144,-0.072956,-0.9335441,14.2275,-17.745,8.9775
13107,3750411,0.424804,-0.069784,-0.934276,11.8125,-11.7775,6.475
13108,3750508,0.442128,-0.04758,-0.917684,9.835,-6.2475,4.445
13109,3750605,0.45018,-0.04026,-0.9089001,8.505,-1.715,3.185
13110,3750703,0.43432,-0.07564,-0.9372041,7.7175,2.4675,2.7125
13111,3750800,0.438468,0.035624,-0.925736,5.285,8.5575,1.365
13112,3750897,0.49166,0.115412,-0.8708361,5.5475,14.0175,2.66
13113,3750995,0.498736,0.115168,-0.868396,8.855,14.91,7.875
13114,3751092,0.532408,0.08857201,-0.8615641,13.4925,14.105,14.5425
13115,3751190,0.5124001,-0.018544,-0.850584,17.535,12.355,20.0375
13116,3751287,0.5119121,-0.081984,-0.841312,18.76,11.025,21.77
13117,3751384,0.515084,-0.08637601,-0.833992,17.7275,9.8,19.845
13118,3751482,0.512156,-0.08466801,-0.8296,16.8175,7.945,17.675
13119,3751579,0.513864,-0.09052401,-0.82838,15.715,5.7575,16.3975
13120,3751676,0.489952,-0.110776,-0.851072,13.895,3.395,15.575
13121,3751774,0.472628,-0.132248,-0.858392,11.69,2.5375,13.58
13122,3751871,0.46604,-0.12566,-0.8769361,8.365,4.41,10.3075
13123,3751969,0.479704,-0.06832001,-0.91012,5.5475,8.68,8.12
13124,3752066,0.462136,-0.08296,-0.9145121,5.32,14.7175,7.5425
13125,3752163,0.461892,-0.08174001,-0.916464,4.8125,23.1175,7.525
13126,3752261,0.46726,-0.070028,-0.919636,3.6225,33.495,7.315
13127,3752358,0.46604,-0.062952,-0.9311041,3.5875,44.8875,6.965
13128,3752455,0.463356,-0.05124001,-0.9394,4.1125,57.68,6.335
13129,3752553,0.451888,-0.049044,-0.957456,5.95,71.8375,5.81
13130,3752650,0.457988,-0.03416,-0.9828321,7.6475,87.92,5.0925
13131,3752748,0.454816,-0.044408,-0.979416,10.9375,104.825,4.4625
13132,3752845,0.4697,-0.073688,-0.94306,15.8725,119.4025,3.395
13133,3752942,0.528992,-0.11346,-0.90646,21.385,131.8975,1.61
13134,3753040,0.55144,-0.144204,-0.8471681,26.3725,142.03,-0.8575
13135,3753137,0.5734,-0.114924,-0.844972,26.8975,152.355,-3.29
13136,3753234,0.550952,-0.043188,-0.911096,26.0925,162.82,-3.535
13137,3753332,0.580476,-0.000732,-0.8845,30.7825,174.8075,0.35
13138,3753429,0.567544,0.07856801,-0.908656,29.33,192.535,6.8775
13139,3753527,0.5673,0.129808,-0.952332,22.6275,216.8425,17.0975
13140,3753624,0.733952,0.299388,-0.9882001,5.005,246.26,29.1025
13141,3753721,0.903044,0.233752,-0.982588,-24.99,276.5,44.1875
13142,3753819,1.256356,-0.056608,-1.008452,-75.67,296.59,53.3575
13143,3753916,1.692384,-0.034404,-1.301008,-149.0825,296.3625,52.78
13144,3754013,1.639924,0.249612,-1.09678,-198.7825,273.21,60.55
13145,3754111,1.475468,0.08954801,-1.108492,-212.2225,242.655,68.495
13146,3754208,1.262456,-0.05856,-1.231468,-236.635,212.415,75.9675
13147,3754306,0.878156,0.2745,-1.266848,-279.1075,165.7775,84.5775
13148,3754403,0.141276,0.626348,-0.9357401,-260.0325,117.635,113.2425
13149,3754500,0.850096,1.976644,-1.519876,-222.5125,80.78,91.805
13150,3754598,0.44652,1.403,-2.009096,-185.15,26.95,4.9175
13151,3754695,-0.194712,0.8906,-1.380552,-112.945,-69.2125,-43.7325
13152,3754792,-0.390156,0.45994,-1.187548,-128.6775,-96.5825,-97.28251
13153,3754890,-0.329156,0.030012,-1.189256,-138.95,-117.5475,-119.665
13154,3754987,-0.272304,-0.223016,-1.2322,-155.3825,-138.075,-117.635
13155,3755085,-0.327204,-0.427244,-1.158268,-162.7325,-165.235,-96.145
13156,3755182,-0.401624,-0.615124,-0.978684,-165.4625,-189.5775,-61.18
13157,3755279,-0.424316,-0.72956,-0.7747001,-171.85,-204.295,-21.455
13158,3755377,-0.314028,-0.787388,-0.681004,-180.04,-207.3575,17.0975
13159,3755474,-0.161284,-0.813496,-0.636108,-182.105,-205.6075,52.5875
13160,3755571,0.03538,-0.850096,-0.641964,-177.6775,-200.795,82.6875
13161,3755669,0.288408,-0.9386681,-0.720044,-165.06,-195.8775,104.65
13162,3755766,0.560468,-1.142896,-0.764452,-149.135,-194.985,119.0175
13163,3755864,0.8332601,-1.263676,-0.79056,-138.6175,-199.395,127.9425
13164,3755961,1.031388,-1.301984,-0.7442,-129.3075,-206.5875,135.94
13165,3756058,1.187792,-1.299544,-0.597312,-115.9375,-211.1725,145.81
13166,3756156,1.175348,-1.365912,-0.284016,-96.0575,-209.3875,156.9225
13167,3756253,1.23586,-1.398364,-0.090036,-86.0825,-193.095,165.41
13168,3756350,1.387872,-1.350052,-0.053924,-88.41001,-170.0475,170.6075
13169,3756448,1.612108,-1.26514,-0.114436,-93.45,-152.5475,175.3325
13170,3756545,1.782176,-1.159732,-0.138836,-93.9225,-145.25,181.8425
13171,3756642,1.742404,-0.966728,0.015128,-90.35251,-145.11,190.225
13172,3756740,1.504016,-0.6790521,0.24034,-82.6,-139.545,198.205
13173,3756837,2.334104,1.352248,-0.719312,-80.64,-119.1925,197.19
13174,3756935,4.234376,-0.1037,-0.761524,46.935,-113.015,216.79
13175,3757032,4.24804,1.700436,1.005036,32.0425,-180.3025,136.1675
13176,3757129,2.621536,-0.5736441,-1.303448,48.8425,-188.44,39.025
13177,3757227,-2.491484,-2.266516,-2.222108,101.36,-178.9375,56.4025
13178,3757324,-1.616988,0.523868,-1.255136,-27.9825,-63.4025,23.555
13179,3757421,1.990064,-0.172752,-0.843508,-12.1975,71.5925,-13.965
13180,3757519,0.509716,0.217892,-0.6661201,5.915,-1.8025,-4.4625
13181,3757616,0.581452,-0.2928,-0.7473721,6.65,-10.5875,0.1225
13182,3757714,0.64294,-0.2806,-0.753716,11.655,-19.6875,-2.485
13183,3757811,0.332328,-0.038796,-0.993568,-11.5675,-23.0475,-8.4525
13184,3757908,0.475068,-0.092232,-0.899384,-3.885,-18.5325,-7.945
13185,3758006,0.494832,-0.1403,-0.8935281,-8.7325,-11.025,-8.5925
13186,3758103,0.502152,-0.199348,-0.850096,-8.7325,-10.4125,-11.6725
13187,3758201,0.560468,-0.018788,-0.8610761,-17.01,-6.4225,-15.855
13188,3758298,0.44896,0.040748,-0.91378,-18.795,-8.7325,-15.7325
13189,3758395,0.461648,0.032696,-0.9154881,-16.0475,-7.735,-13.7375
13190,3758493,0.491416,0.048312,-0.881816,-13.5625,-5.9675,-12.18
13191,3758590,0.497272,0.036112,-0.866932,-11.9875,-6.3175,-10.465
13192,3758687,0.488976,0.034892,-0.875716,-9.905,-7.7175,-8.89
13193,3758785,0.45994,-0.038064,-0.902556,-8.68,-8.6275,-7.875
13194,3758882,0.447252,-0.011956,-0.892064,-10.01,-8.645,-8.015
13195,3758979,0.443104,0.036356,-0.878888,-10.9375,-8.19,-8.0325
13196,3759077,0.457988,0.026352,-0.88328,-9.03,-7.4375,-7.0525
13197,3759174,0.45872,-0.000976,-0.8908441,-7.6125,-6.8775,-6.265
13198,3759272,0.470676,0.020496,-0.8671761,-8.3125,-7.3325,-5.95
13199,3759369,0.478728,0.027816,-0.8676641,-7.6475,-7.315,-5.32
13200,3759466,0.467748,0.01952,-0.881572,-5.845,-7.2625,-4.3225
13201,3759564,0.465308,0.004636001,-0.8810841,-4.83,-6.8775,-3.745
13202,3759661,0.456524,-0.011956,-0.8769361,-4.41,-6.6675,-3.85
13203,3759759,0.447252,0.006344,-0.8906,-4.8825,-6.2475,-4.2
13204,3759856,0.460184,0.011712,-0.881572,-4.5675,-5.39,-4.095
13205,3759953,0.470188,0.023424,-0.865468,-4.06,-4.935,-3.745
13206,3760051,0.469212,0.021472,-0.866444,-3.045,-5.18,-3.29
13207,3760148,0.467016,0.01952,-0.8808401,-2.1875,-5.635,-2.9575
13208,3760245,0.461648,0.012688,-0.8862081,-1.8025,-5.8275,-2.66
13209,3760343,0.454084,0.016836,-0.8852321,-1.785,-5.4425,-2.6425
13210,3760440,0.461404,0.016592,-0.8857201,-1.68,-5.1975,-2.5725
13211,3760537,0.46238,-0.005856,-0.8857201,-1.54,-5.5125,-2.31
13212,3760635,0.4553041,-0.015372,-0.892796,-2.2225,-5.635,-2.765
13213,3760732,0.4453,-0.001464,-0.8908441,-3.5525,-5.25,-3.8325
13214,3760830,0.444324,0.016592,-0.8954801,-4.235,-4.3925,-4.4275
13215,3760927,0.457012,0.011712,-0.896944,-4.445,-3.5525,-4.4275
13216,3761024,0.464088,0.020496,-0.880352,-4.8825,-3.29,-4.4625
13217,3761122,0.468968,0.026108,-0.873276,-5.285,-3.3425,-4.6725
13218,3761219,0.472872,0.018788,-0.8713241,-4.8125,-3.57,-4.62
13219,3761317,0.468968,0.03172,-0.869616,-4.5325,-4.41,-4.725
13220,3761414,0.463112,0.052948,-0.864004,-4.165,-5.1975,-4.6375
13221,3761511,0.459208,0.05002,-0.86498,-2.6425,-5.1975,-3.9725
13222,3761609,0.460428,0.057584,-0.86498,-0.875,-5.1275,-3.15
13223,3761706,0.466284,0.050996,-0.868152,1.12,-5.2325,-2.2575
13224,3761804,0.46482,0.05929201,-0.868152,3.395,-5.4075,-1.365
13225,3761901,0.469212,0.058804,-0.865956,6.2125,-5.9675,-0.07
13226,3761998,0.473116,0.055632,-0.8642481,8.855,-6.9825,1.1375
13227,3762096,0.475556,0.054412,-0.87108,11.13,-8.1025,2.3275
13228,3762193,0.471652,0.020984,-0.881816,12.6,-9.03,3.3075
13229,3762290,0.458232,-0.022204,-0.891088,12.705,-9.345,3.395
13230,3762388,0.448716,-0.030744,-0.8930401,11.3575,-8.89,2.275
13231,3762485,0.435296,-0.022936,-0.90402,9.4675,-8.2425,0.91
13232,3762583,0.447252,-0.021716,-0.897432,8.4175,-6.755,-0.35
13233,3762680,0.45384,-0.007076001,-0.8862081,7.56,-5.46,-1.1375
13234,3762777,0.459208,0.008540001,-0.884012,7.735,-4.6375,-1.435
13235,3762875,0.458232,0.011224,-0.881816,7.875,-4.025,-1.365
13236,3762972,0.466772,-0.011224,-0.896212,7.5775,-3.3775,-1.5575
13237,3763069,0.4553041,0.007564001,-0.892796,7.0175,-3.5175,-1.61
13238,3763167,0.4636,0.006344,-0.8805961,6.3875,-3.2725,-1.54
13239,3763264,0.4636,0.02074,-0.879376,6.2475,-3.2725,-1.4175
13240,3763362,0.4594521,0.008540001,-0.8786441,6.79,-3.185,-1.05
13241,3763459,0.472872,-0.004636001,-0.8784,6.8775,-2.8875,-0.455
13242,3763556,0.489708,-0.012688,-0.882548,6.545,-2.87,0.4725
13243,3763654,0.48678,-0.0122,-0.873276,4.9525,-2.8175,0.98
13244,3763751,0.46726,0.00122,-0.8725441,3.64,-3.3075,0.9275
13245,3763848,0.459208,0.009028001,-0.873276,3.7625,-3.36,0.7875
13246,3763946,0.438468,-0.00366,-0.888404,4.1825,-3.535,0.63
13247,3764043,0.448228,-0.022204,-0.889624,3.9375,-3.29,-0.21
13248,3764141,0.448228,-0.026108,-0.883036,2.6075,-3.2725,-1.3475
13249,3764238,0.45384,-0.015616,-0.8847441,1.1025,-3.255,-2.2925
13250,3764335,0.470676,-0.0244,-0.8786441,0.105,-3.185,-3.0275
13251,3764433,0.450668,-0.011712,-0.8805961,-0.8925,-3.185,-3.4475
13252,3764530,0.41968,0.001708,-0.8842561,-1.2075,-3.1325,-4.0425
13253,3764627,0.402844,0.043432,-0.883524,-1.3825,-3.3775,-4.6725
13254,3764725,0.440908,0.025864,-0.8820601,-0.385,-3.675,-4.7775
13255,3764822,0.461404,0.013176,-0.8764481,0.35,-4.2175,-4.935
13256,3764920,0.44652,0.038064,-0.880352,-0.6825,-5.0225,-5.1625
13257,3765017,0.435296,0.006344,-0.8808401,-0.1575,-5.4775,-5.18
13258,3765114,0.468968,0.016348,-0.8857201,-0.56,-5.285,-5.145
13259,3765212,0.463844,-0.006832001,-0.885964,-0.63,-5.6875,-5.04
13260,3765309,0.46482,0.020252,-0.882304,-1.7675,-5.7575,-5.18
13261,3765406,0.46116,-0.000732,-0.889868,-1.715,-5.67,-5.0925
13262,3765504,0.465064,0.010736,-0.89182,-2.1,-5.285,-5.4075
13263,3765601,0.462136,0.008296001,-0.889136,-2.5025,-4.7775,-5.46
13264,3765699,0.45262,0.031964,-0.896212,-2.9925,-3.955,-5.635
13265,3765796,0.457744,0.063684,-0.8954801,-2.6775,-2.555,-5.4775
13266,3765893,0.430904,0.088328,-0.883036,-1.0675,-1.82,-4.5675
13267,3765991,0.435052,0.06270801,-0.8591241,2.3275,-1.295,-2.5025
13268,3766088,0.472628,0.039284,-0.862296,5.2325,-1.3475,-0.4725
13269,3766185,0.463844,0.01464,-0.8723001,6.3525,-2.66,0.4375
13270,3766283,0.454816,0.001464,-0.873764,6.8075,-3.5,0.7
13271,3766380,0.462136,0.001464,-0.881572,6.1425,-3.8675,0.595
13272,3766477,0.461404,-0.007076001,-0.8820601,5.845,-3.885,0.4375
13273,3766575,0.457256,0.016348,-0.881328,4.97,-3.99,0.4025
13274,3766672,0.446764,0.012932,-0.87352,5.215,-3.9375,0.5425
13275,3766770,0.437248,0.024888,-0.8744961,5.4775,-3.8675,0.7875
13276,3766867,0.437492,0.02928,-0.879376,6.2125,-3.3775,1.1025
13277,3766964,0.444324,0.011224,-0.880352,7.0875,-2.6075,1.5225
13278,3767062,0.44896,0.019276,-0.8769361,7.3675,-1.435,1.7675
13279,3767159,0.446276,0.004392,-0.8959681,7.7525,0.2975,1.7325
13280,3767256,0.447252,0.002684,-0.905484,7.4375,3.0975,1.785
13281,3767354,0.426024,0.030744,-0.936472,6.1075,7.315,2.17
13282,3767451,0.4331,0.024888,-0.947452,5.425,13.1775,3.22
13283,3767549,0.454328,0.05124001,-0.955992,2.59,21.49,5.355
13284,3767646,0.488244,0.107604,-0.964776,-2.9225,31.64,10.7625
13285,3767743,0.33184,0.069052,-1.122156,-11.1475,45.7975,20.4925
13286,3767841,0.268888,-0.294264,-1.069452,-2.0125,71.85501,23.555
13287,3767938,0.298656,-0.027328,-1.168516,-10.9025,106.365,14.8225
13288,3768035,0.306708,-0.21594,-1.114592,-4.8125,143.5875,3.6575
13289,3768133,0.226188,-0.256688,-1.14802,0.91,181.755,-10.22
13290,3768230,0.251076,-0.19764,-1.150704,-3.3425,221.9175,-25.9175
13291,3768328,0.3111,-0.174948,-1.13704,-2.94,253.82,-35.945
13292,3768425,0.393816,-0.205448,-1.159732,-8.7325,276.8325,-40.075
13293,3768522,0.600972,-0.152744,-1.183644,-27.51,292.075,-40.81
13294,3768620,0.978196,-0.245952,-1.048468,-46.76,295.12,-39.69
13295,3768717,1.22244,-0.259128,-1.054324,-86.3625,279.335,-48.755
13296,3768814,1.12484,-0.42578,-1.233664,-155.4525,243.95,-60.1125
13297,3768912,0.9730721,0.13786,-1.304912,-235.795,188.7025,-58.275
13298,3769009,0.835456,0.32818,-1.467904,-259.7175,129.885,-26.565
13299,3769107,0.205448,0.10614,-1.72996,-184.975,62.5275,32.375
13300,3769204,0.439444,0.238876,-1.166076,-117.88,-1.6275,88.7425
13301,3769301,0.16592,-0.010492,-1.5006,-79.765,-22.68,130.3575
13302,3769399,-0.140544,-0.024156,-1.068232,-56.315,-70.77,155.855
13303,3769496,-0.176656,0.350872,-0.932324,-75.0925,-89.1975,154.77
13304,3769594,-0.120536,0.5363121,-0.879864,-71.33,-101.745,151.3575
13305,3769691,-0.04392,0.529236,-0.860832,-54.145,-113.0325,145.39
13306,3769788,0.019764,0.485316,-0.8044681,-41.93,-126.5775,134.12
13307,3769886,0.064904,0.419924,-0.737856,-38.5875,-139.7025,119.2975
13308,3769983,0.109312,0.377956,-0.674416,-42.56,-149.3625,103.495
13309,3770080,0.164212,0.359168,-0.645136,-49.8225,-155.26,88.04251
13310,3770178,0.250832,0.316712,-0.635376,-57.015,-157.8675,73.5875
13311,3770275,0.326472,0.23302,-0.6182961,-63.805,-159.285,59.22
13312,3770372,0.390644,0.155184,-0.62586,-72.8,-159.32,44.345
13313,3770470,0.50264,0.11712,-0.6649,-82.88,-157.465,30.38
13314,3770567,0.653676,0.071004,-0.721996,-88.9,-155.2425,19.1275
13315,3770665,0.794708,-0.028792,-0.72956,-90.0375,-155.9075,10.01
13316,3770762,0.907436,-0.115412,-0.6980841,-90.405,-157.5875,1.89
13317,3770859,1.015772,-0.1708,-0.6539201,-89.6875,-157.325,-4.3925
13318,3770957,1.1346,-0.246684,-0.601948,-84.525,-154.35,-7.665
13319,3771054,1.266848,-0.346724,-0.5363121,-76.0025,-149.5725,-8.085
13320,3771152,1.396168,-0.41236,-0.482144,-67.1125,-143.2725,-5.8975
13321,3771249,1.500844,-0.447984,-0.415288,-56.35,-135.9575,-1.1725
13322,3771346,1.54208,-0.47336,-0.328424,-42.8575,-127.3825,7.2275
13323,3771444,1.582828,-0.459696,-0.26962,-29.505,-116.4625,18.1825
13324,3771541,1.623088,-0.419192,-0.222772,-17.3075,-104.615,30.1
13325,3771638,1.61894,-0.357216,-0.179096,-6.125,-94.325,41.6675
13326,3771736,1.56038,-0.28548,-0.12566,2.6775,-85.505,51.345
13327,3771833,1.491328,-0.215452,-0.081252,8.855,-76.125,57.9775
13328,3771931,1.4518,-0.14396,-0.086864,12.7225,-65.1875,61.9325
13329,3772028,1.41642,-0.064416,-0.113704,16.03,-54.8975,63.9975
13330,3772125,1.332484,-0.051484,-0.100772,22.8725,-46.9,65.87
13331,3772223,1.06384,0.201056,-0.125904,29.3125,-38.92,67.0775
13332,3772320,1.0309,0.409188,-0.268888,62.4225,-32.2875,65.2575
13333,3772417,0.442128,-0.325008,-0.41846,114.03,-21.4375,75.5825
13334,3772515,-0.942816,-0.493124,-1.726056,94.57,-20.8425,62.2475
13335,3772612,-0.830332,-0.318176,-2.718648,57.2425,10.6575,32.1825
13336,3772710,0.256444,-0.96868,-1.054812,36.645,45.15,34.965
13337,3772807,1.763144,-0.427244,-0.82228,-24.64,74.97,30.555
13338,3772904,1.623332,0.542168,-1.681648,-43.225,51.9225,7.875
13339,3773002,0.701988,0.5777921,-1.057984,-14.805,-7.14,3.71
13340,3773099,-0.107848,0.752984,-0.482876,-0.8925,-26.9325,-4.34
13341,3773197,-0.138592,0.253516,-0.528504,29.5925,2.8175,-4.6375
13342,3773294,0.163968,-0.15372,-0.866932,50.0675,27.1425,1.47
13343,3773391,0.612196,-0.434076,-0.9725841,61.4075,33.215,8.26
13344,3773489,0.839116,-0.243512,-1.036756,32.725,26.215,1.3125
13345,3773586,0.6034121,-0.198372,-0.9340321,19.425,7.035,-1.155
13346,3773684,0.509716,-0.106384,-0.929152,9.0825,2.975,-4.55
13347,3773781,0.495564,0.040504,-0.892796,3.115,2.1,-5.6875
13348,3773878,0.54412,0.001464,-0.9018241,4.8825,2.695,-5.2325
13349,3773976,0.477264,-0.111752,-0.8903561,8.2775,0.5425,-3.92
13350,3774073,0.441152,-0.081496,-0.873764,5.0575,-0.63,-4.1825
13351,3774170,0.47824,-0.001708,-0.8908441,2.0475,0.2975,-4.6025
13352,3774268,0.50508,-0.007076001,-0.8903561,2.9575,0.3325,-4.1475
13353,3774365,0.50386,0.005612,-0.873276,4.655,-1.0675,-3.185
13354,3774462,0.482388,0.040504,-0.8769361,7.63,-0.7875,-0.9625
13355,3774560,0.498004,-0.020984,-0.897188,12.495,-0.4725,1.4525
13356,3774657,0.488488,-0.027328,-0.869372,11.8125,-1.715,2.31
13357,3774755,0.493612,0.019032,-0.886452,9.87,-3.8675,2.9925
13358,3774852,0.492636,0.0,-0.8784,10.0275,-5.425,3.465
13359,3774949,0.493612,-0.01586,-0.8808401,9.765,-6.825,3.4475
13360,3775047,0.482388,-0.036844,-0.87474,9.0125,-7.7875,3.045
13361,3775144,0.449936,-0.071004,-0.8759601,8.365,-8.5225,2.2225
13362,3775242,0.45628,-0.08759601,-0.889136,6.3875,-8.75,0.805
13363,3775339,0.478484,-0.08906,-0.887184,3.2025,-8.5225,-0.7525
13364,3775437,0.494344,-0.070516,-0.8866961,0.175,-8.225,-2.38
13365,3775534,0.498248,-0.0671,-0.877424,-1.6975,-7.6475,-3.6925
13366,3775631,0.485316,-0.03782,-0.879864,-2.9925,-7.14,-4.55
13367,3775729,0.49898,-0.017568,-0.877668,-2.9925,-6.2825,-4.585
13368,3775826,0.50996,-0.01952,-0.874984,-2.1875,-5.9325,-4.13
13369,3775923,0.498004,-0.031476,-0.869128,-0.8925,-6.09,-3.2375
13370,3776021,0.478484,-0.027328,-0.875716,1.4175,-5.985,-1.61
13371,3776118,0.466284,-0.005368,-0.869372,4.585,-6.0725,0.105
13372,3776215,0.457744,-0.003172,-0.860588,7.91,-6.1075,1.7675
13373,3776313,0.4553041,0.011712,-0.8723001,11.76,-6.3525,3.64
13374,3776410,0.475312,0.010248,-0.8723001,15.1025,-5.7925,5.5475
13375,3776507,0.473604,0.016836,-0.8708361,16.87,-5.5125,7.175
13376,3776605,0.477508,-0.011956,-0.8862081,16.6075,-5.4775,8.4875
13377,3776702,0.460428,-0.047092,-0.885964,16.0825,-6.0375,8.89
13378,3776800,0.455548,-0.06588,-0.887184,14.7,-6.685,8.6975
13379,3776897,0.444812,-0.05636401,-0.8857201,14.4025,-7.3675,8.68
13380,3776994,0.471652,-0.052948,-0.8708361,13.79,-7.4375,8.68
13381,3777092,0.473604,-0.057096,-0.8676641,12.74,-7.4375,8.7325
13382,3777189,0.457012,-0.030744,-0.8808401,11.06,-6.9475,8.5925
13383,3777286,0.490684,-0.061,-0.8713241,9.7475,-5.6525,8.6275
13384,3777384,0.470432,-0.0732,-0.8725441,9.6075,-5.355,8.295
13385,3777481,0.437004,-0.08052,-0.8769361,8.54,-4.97,7.3325
13386,3777579,0.41236,-0.07198,-0.881572,8.0325,-4.8825,6.2475
13387,3777676,0.444324,-0.0732,-0.875716,7.665,-5.075,5.7575
13388,3777773,0.47214,-0.066124,-0.8718121,7.105,-5.53,5.285
13389,3777871,0.483608,-0.07442,-0.8740081,6.3875,-6.125,5.04
13390,3777968,0.487024,-0.084912,-0.8769361,6.125,-6.8425,4.8475
13391,3778066,0.488244,-0.08954801,-0.874252,5.6525,-6.93,4.4625
13392,3778163,0.480924,-0.099308,-0.8713241,5.46,-6.9825,3.92
13393,3778260,0.466772,-0.098332,-0.86864,5.18,-6.895,3.2375
13394,3778358,0.456036,-0.091744,-0.870592,4.7075,-7.0525,2.2575
13395,3778455,0.454572,-0.083936,-0.8786441,4.305,-7.245,1.365
13396,3778552,0.460672,-0.08564401,-0.87352,4.0075,-7.35,0.6475
13397,3778650,0.46238,-0.08369201,-0.87718,3.7625,-7.4025,0.14
13398,3778747,0.464332,-0.080276,-0.87474,3.6925,-7.4375,-0.1225
13399,3778844,0.462624,-0.07856801,-0.870592,3.57,-7.455,-0.49
13400,3778942,0.443836,-0.085156,-0.8759601,3.1675,-7.875,-0.9625
13401,3779039,0.445056,-0.0793,-0.876204,2.7125,-8.575,-1.6625
13402,3779137,0.4575,-0.075884,-0.872056,2.1525,-8.8725,-1.8725
13403,3779234,0.463844,-0.08418,-0.875716,2.2575,-9.59,-2.0825
13404,3779331,0.4697,-0.075884,-0.875472,1.9425,-9.835,-2.31
13405,3779429,0.4636,-0.082228,-0.877912,1.995,-9.765,-2.275
13406,3779526,0.456524,-0.086864,-0.8786441,2.17,-9.8875,-2.52
13407,3779623,0.45384,-0.092232,-0.875228,1.9775,-9.9225,-2.9925
13408,3779721,0.448716,-0.091012,-0.875472,1.8375,-10.15,-3.5525
13409,3779818,0.456524,-0.08637601,-0.87718,1.4,-10.1675,-4.3225
13410,3779916,0.452864,-0.09320801,-0.875228,1.2425,-10.57,-5.0925
13411,3780013,0.452864,-0.09052401,-0.881328,0.98,-10.815,-6.055
13412,3780110,0.464088,-0.069296,-0.891576,0.49,-10.36,-6.58
13413,3780208,0.464332,-0.051972,-0.8913321,0.665,-9.205,-5.8275
13414,3780305,0.454084,-0.06832001,-0.8801081,0.98,-8.085,-4.5675
13415,3780403,0.4553041,-0.056852,-0.8857201,0.8400001,-7.5775,-3.9725
13416,3780500,0.451156,-0.06880801,-0.88328,1.1375,-7.3675,-3.605
13417,3780597,0.446032,-0.071492,-0.878156,1.1375,-7.4375,-3.3425
13418,3780695,0.441152,-0.081496,-0.877668,0.8575,-7.7,-3.64
13419,3780792,0.434564,-0.08564401,-0.87962,0.1575,-7.805,-4.3925
13420,3780890,0.441884,-0.089792,-0.873276,-0.56,-7.7875,-5.565
13421,3780987,0.452376,-0.08369201,-0.887916,-1.2425,-7.735,-6.6325
13422,3781084,0.443104,-0.06270801,-0.891088,-1.82,-7.28,-6.8775
13423,3781182,0.449936,-0.05929201,-0.8874281,-2.135,-6.1425,-6.4575
13424,3781279,0.446032,-0.06075601,-0.877668,-2.2575,-5.4775,-6.0375
13425,3781376,0.4392,-0.069784,-0.891088,-2.765,-4.9,-5.845
13426,3781474,0.436028,-0.050752,-0.90768,-3.535,-3.57,-5.775
13427,3781571,0.44774,-0.027084,-0.9089001,-3.6925,-1.6975,-5.39
13428,3781669,0.447008,-0.0427,-0.9010921,-2.87,-0.0175,-4.13
13429,3781766,0.442372,-0.043432,-0.9089001,-2.1525,1.925,-2.905
13430,3781863,0.446032,-0.046848,-0.911828,-1.6975,4.4275,-1.925
13431,3781961,0.446032,-0.052704,-0.9106081,-1.505,7.7525,-1.1375
13432,3782057,0.450912,-0.077836,-0.9037761,-1.3825,11.935,-0.35
13433,3782154,0.484096,-0.064904,-0.877668,-1.7325,17.3075,-0.2975
13434,3782251,0.420168,-0.038796,-0.936716,-2.695,23.66,0.07
13435,3782349,0.432612,-0.000732,-0.9720961,-2.1,32.3925,1.96
13436,3782446,0.37576,-0.10248,-0.988932,0.63,42.595,4.165
13437,3782543,0.398452,-0.073444,-0.9784401,0.1575,56.28,3.2375
13438,3782641,0.404064,-0.09516001,-0.9818561,-1.7325,72.6775,0.1925
13439,3782738,0.378444,-0.136152,-0.9947881,1.575,89.1625,-3.2375
13440,3782836,0.377712,-0.120048,-1.025776,3.115,110.215,-9.0825
13441,3782933,0.36356,-0.100284,-1.060424,7.63,134.575,-14.9975
13442,3783030,0.367708,-0.05002,-1.102148,13.895,163.3275,-19.88
13443,3783128,0.366488,0.015372,-1.159,22.575,195.16,-21.735
13444,3783225,0.3782,0.07490801,-1.186572,34.335,227.045,-19.2675
13445,3783323,0.4331,0.142252,-1.20902,48.1775,257.88,-11.62
13446,3783420,0.48678,0.16836,-1.201212,63.84,283.4475,2.065
13447,3783517,0.619028,0.182024,-1.208288,78.47,305.3575,19.25
13448,3783615,0.871568,0.1281,-1.278072,90.56251,323.4175,36.575
13449,3783712,1.212924,-0.027084,-1.380552,101.36,332.15,50.4875
13450,3783809,1.280512,-0.13176,-1.103856,99.4875,325.815,52.815
13451,3783907,1.469124,-0.041968,-1.36396,79.5375,315.8225,49.0525
13452,3784004,1.367376,-0.360876,-1.289296,74.0775,288.6975,50.9775
13453,3784102,1.176324,-0.221796,-1.195112,45.325,249.235,38.3425
13454,3784199,0.8332601,-0.08881599,-0.94672,19.1625,211.995,27.4575
13455,3784296,0.360632,0.056852,-0.7373681,-3.15,176.015,20.1775
13456,3784394,0.483608,0.193492,-1.579168,-11.3575,126.07,23.3625
13457,3784491,0.7237041,-0.118096,-1.814628,-12.95,81.3575,28.525
13458,3784589,0.183732,0.608536,-1.457656,-45.9025,5.81,11.5325
13459,3784686,-0.052216,0.6463561,-1.236348,-32.7425,-35.175,4.8475
13460,3784783,-0.279624,0.39406,-0.9140241,1.365,-64.7675,4.865
13461,3784881,-0.264984,0.22448,-0.8095921,6.6325,-75.705,-1.995
13462,3784978,-0.193004,0.168116,-0.800564,-5.635,-85.26,-9.485
13463,3785075,-0.114924,0.200568,-0.82838,-22.295,-97.3175,-15.155
13464,3785173,-0.058316,0.231068,-0.8298441,-31.64,-111.965,-17.1325
13465,3785270,-0.0122,0.201788,-0.80642,-34.1425,-126.525,-16.135
13466,3785368,0.040504,0.162504,-0.772748,-36.435,-139.51,-14.595
13467,3785465,0.09589201,0.13542,-0.74664,-41.3175,-150.115,-14.35
13468,3785562,0.170068,0.120292,-0.744444,-47.0925,-158.0775,-15.0675
13469,3785660,0.266936,0.11468,-0.763476,-52.185,-164.0625,-16.7475
13470,3785757,0.385032,0.09711201,-0.80276,-55.2475,-169.645,-19.04
13471,3785854,0.506544,0.047092,-0.8427761,-57.6625,-176.26,-22.1025
13472,3785952,0.5968241,-0.009028001,-0.86132,-60.8475,-184.415,-26.495
13473,3786049,0.668072,-0.07832401,-0.843264,-65.0475,-191.94,-31.57
13474,3786147,0.719556,-0.161772,-0.8113001,-70.9625,-196.5425,-36.0675
13475,3786244,0.7956841,-0.219112,-0.8086161,-79.45,-195.9825,-39.305
13476,3786341,0.9254921,-0.223748,-0.860344,-87.2375,-191.6775,-40.075
13477,3786439,1.095316,-0.24522,-0.9154881,-89.635,-187.8275,-37.8175
13478,3786536,1.179252,-0.289628,-0.896944,-87.1675,-188.02,-34.7025
13479,3786634,1.250744,-0.319152,-0.83814,-84.5425,-187.4775,-31.78
13480,3786731,1.309548,-0.298412,-0.770308,-81.55001,-183.47,-30.275
13481,3786828,1.376648,-0.263764,-0.69906,-74.3575,-175.1575,-29.2075
13482,3786926,1.478152,-0.259128,-0.644404,-62.335,-162.785,-27.125
13483,3787023,1.574776,-0.276696,-0.5885281,-48.3,-147.945,-24.29
13484,3787120,1.701656,-0.329888,-0.5363121,-36.6625,-132.5275,-21.7
13485,3787218,1.846592,-0.384544,-0.499956,-31.465,-119.035,-20.9825
13486,3787315,1.992748,-0.411872,-0.44408,-34.3,-109.76,-21.56
13487,3787413,2.02886,-0.399184,-0.332328,-40.8975,-106.995,-21.2975
13488,3787510,1.966152,-0.296704,-0.191784,-46.48,-106.6275,-19.775
13489,3787607,1.850496,-0.183976,-0.06563601,-43.715,-103.2325,-15.785
13490,3787705,1.712392,-0.153232,0.044408,-31.605,-95.2525,-9.555
13491,3787802,1.6043,-0.164944,0.110532,-18.48,-83.265,-3.395
13492,3787900,1.543788,-0.161284,0.109312,-10.0275,-69.37,1.33
13493,3787997,1.469612,-0.128832,0.086864,-5.495,-57.9775,4.0425
13494,3788094,1.401048,-0.072468,0.063684,-2.905,-48.3175,4.6725
13495,3788192,1.328336,-0.038552,0.054656,0.28,-39.3925,3.99
13496,3788289,1.26514,-0.042212,0.046604,3.955,-29.89,1.96
13497,3788386,1.217804,-0.060268,0.04758,6.0025,-19.95,-1.8025
13498,3788484,1.174372,-0.078812,0.034648,6.02,-9.7125,-7.2275
13499,3788581,1.204628,0.368928,-0.304268,8.19,-0.28,-15.295
13500,3788679,1.001132,0.493856,-0.2257,60.865,7.2625,-22.0325
13501,3788776,0.873764,-0.10858,-0.35502,126.3325,15.365,-17.9375
13502,3788873,0.05734,-0.476288,-0.7556681,139.6675,12.8275,-26.635
13503,3788971,-1.702632,0.064904,-2.452444,104.3,10.535,-46.8825
13504,3789068,-1.270752,-0.429196,-3.799812,134.3825,33.88,-28.56
13505,3789165,-0.057584,-3.968904,0.195688,225.0325,56.84,57.3475
13506,3789263,0.8559521,-1.257088,-0.396256,4.6375,79.9575,49.385
13507,3789360,3.482856,1.592832,-2.318,-102.83,122.9025,-16.9925
13508,3789457,0.576084,1.2749,-0.87718,-5.46,-17.045,-1.8025
13509,3789555,-0.29768,-0.09028,-0.376492,55.0725,-48.545,14.4025
13510,3789652,0.671732,-0.804224,-1.210728,70.8925,18.305,20.8075
13511,3789749,0.393816,-0.445788,-0.75274,27.16,5.075,10.0275
13512,3789847,0.460184,0.182756,-0.832528,9.2575,-1.12,3.3425
13513,3789944,0.542656,-0.061488,-0.9442801,19.88,4.4975,3.7625
13514,3790042,0.454572,-0.243512,-0.811056,22.3125,-3.2725,4.8825
13515,3790139,0.500688,-0.109312,-0.874252,16.9225,-2.1525,4.4625
13516,3790236,0.483608,-0.011956,-0.889624,12.635,-2.52,3.605
13517,3790334,0.472384,-0.026108,-0.893284,12.11,-4.7775,4.2
13518,3790431,0.46726,-0.0366,-0.8976761,10.9375,-3.9375,5.18
13519,3790529,0.461404,-0.006832001,-0.879376,7.7875,-3.08,5.775
13520,3790626,0.456036,-0.047092,-0.8723001,6.44,-3.7275,6.37
13521,3790723,0.480436,-0.129076,-0.874252,6.3,-5.5825,6.8425
13522,3790821,0.5463161,-0.12078,-0.8642481,3.5175,-6.0025,6.475
13523,3790918,0.5511961,-0.06954,-0.863272,1.3475,-6.6325,5.88
13524,3791015,0.513864,-0.109068,-0.874984,2.345,-7.98,6.02
13525,3791113,0.479704,-0.117364,-0.872788,2.8525,-7.875,5.6525
13526,3791210,0.50386,-0.07442,-0.870104,1.1725,-6.2475,4.9
13527,3791308,0.487268,-0.08954801,-0.862296,1.3475,-6.2475,4.62
13528,3791405,0.48678,-0.094916,-0.8576601,1.365,-7.1575,4.4625
13529,3791502,0.506056,-0.111752,-0.846924,0.8225,-8.12,3.8675
13530,3791600,0.49288,-0.112728,-0.850584,0.2625,-9.415,2.695
13531,3791697,0.484096,-0.104188,-0.858148,-0.7,-10.5,1.715
13532,3791794,0.503616,-0.098088,-0.8642481,-1.4,-10.955,1.0325
13533,3791892,0.506056,-0.083936,-0.8610761,-2.205,-10.5525,0.875
13534,3791989,0.4933681,-0.08662001,-0.8559521,-2.2225,-10.4825,0.5775
13535,3792087,0.487268,-0.067832,-0.864004,-2.7475,-11.0775,0.0
13536,3792184,0.490684,-0.06222,-0.866444,-2.0825,-11.7775,-0.1225
13537,3792281,0.476776,-0.08857201,-0.8610761,-0.9975,-12.635,-0.1575
13538,3792379,0.476532,-0.084912,-0.865956,-0.8925,-13.4925,-0.5425
13539,3792476,0.482388,-0.103212,-0.857172,-0.7175,-13.825,-1.19
13540,3792573,0.472872,-0.10126,-0.869616,-1.12,-13.7725,-2.0475
13541,3792671,0.472872,-0.091256,-0.874252,-1.47,-13.1775,-2.905
13542,3792768,0.471164,-0.10248,-0.878888,-1.6625,-12.145,-3.36
13543,3792866,0.47092,-0.096868,-0.881328,-1.8375,-10.71,-4.1825
13544,3792963,0.479704,-0.086864,-0.877912,-1.785,-9.065,-4.8825
13545,3793060,0.475556,-0.07856801,-0.877668,-1.1725,-7.98,-5.425
13546,3793158,0.470432,-0.066856,-0.8808401,-0.735,-7.07,-5.565
13547,3793255,0.47336,-0.059048,-0.8801081,-0.1575,-6.4575,-5.285
13548,3793352,0.47458,-0.052704,-0.879864,0.1575,-5.8275,-4.62
13549,3793450,0.473848,-0.05002,-0.874984,0.63,-5.635,-3.6575
13550,3793547,0.475068,-0.05124001,-0.8786441,0.91,-5.705,-2.7125
13551,3793644,0.477996,-0.06270801,-0.8718121,1.435,-5.7575,-2.03
13552,3793742,0.473604,-0.069296,-0.873032,1.645,-5.9675,-1.54
13553,3793839,0.469944,-0.07564,-0.86864,1.8725,-6.0725,-1.4
13554,3793937,0.469212,-0.0793,-0.876692,1.68,-6.0725,-1.575
13555,3794034,0.467504,-0.07832401,-0.877912,1.6625,-6.0375,-1.82
13556,3794131,0.468236,-0.07027201,-0.876692,1.89,-5.6875,-1.8725
13557,3794229,0.46848,-0.06661201,-0.8791321,2.2575,-5.3725,-1.715
13558,3794326,0.471408,-0.065148,-0.875228,2.45,-5.1975,-1.4175
13559,3794423,0.471164,-0.069296,-0.873032,2.6075,-5.0925,-1.2425
13560,3794521,0.471896,-0.069296,-0.8718121,2.7125,-5.0225,-1.0675
13561,3794618,0.467504,-0.073932,-0.875716,2.7475,-5.04,-0.9975
13562,3794716,0.466284,-0.071736,-0.875228,2.87,-5.075,-1.015
13563,3794813,0.468968,-0.069052,-0.8708361,2.87,-5.1275,-0.9625
13564,3794910,0.468236,-0.06880801,-0.870104,2.9925,-5.5125,-0.805
13565,3795008,0.457744,-0.07978801,-0.873764,2.94,-5.915,-0.665
13566,3795105,0.46116,-0.077836,-0.8759601,2.7125,-6.0025,-0.8400001
13567,3795202,0.467748,-0.076616,-0.873276,2.695,-6.09,-1.0325
13568,3795300,0.470432,-0.074664,-0.875472,2.7475,-6.125,-1.1025
13569,3795397,0.4697,-0.07490801,-0.873764,2.9575,-6.09,-1.1025
13570,3795495,0.467748,-0.081252,-0.8725441,3.045,-6.3175,-0.91
13571,3795592,0.464088,-0.08637601,-0.8759601,3.22,-6.44,-0.945
13572,3795689,0.457988,-0.08369201,-0.877668,3.1675,-6.5275,-1.2775
13573,3795787,0.461892,-0.08100801,-0.8740081,3.01,-6.335,-1.5225
13574,3795884,0.464088,-0.07808001,-0.874984,3.045,-6.195,-1.6275
13575,3795982,0.47092,-0.072468,-0.8784,3.0625,-6.055,-1.575
13576,3796079,0.473116,-0.07856801,-0.876204,3.3775,-5.88,-1.3825
13577,3796176,0.472628,-0.079544,-0.87718,3.4825,-5.6875,-1.3125
13578,3796274,0.46726,-0.081984,-0.8723001,3.6575,-5.4775,-1.2425
13579,3796371,0.458964,-0.082228,-0.8698601,3.7975,-5.5475,-1.12
13580,3796468,0.446276,-0.08100801,-0.8764481,3.675,-6.0725,-1.3475
13581,3796566,0.451644,-0.09442801,-0.870592,3.5525,-6.615,-1.47
13582,3796663,0.451644,-0.0854,-0.871568,3.2025,-7.0875,-2.1175
13583,3796761,0.46116,-0.075396,-0.878156,2.52,-7.3325,-2.7125
13584,3796858,0.464332,-0.081496,-0.87474,2.625,-7.8225,-2.695
13585,3796955,0.465796,-0.070516,-0.8764481,2.345,-7.9275,-2.8525
13586,3797053,0.463844,-0.07222401,-0.875228,2.4675,-8.155,-2.7475
13587,3797150,0.464332,-0.0793,-0.87718,2.59,-8.19,-2.625
13588,3797247,0.462624,-0.081252,-0.876204,2.66,-8.3475,-2.555
13589,3797345,0.455548,-0.08784,-0.879376,2.695,-8.5925,-2.52
13590,3797442,0.448716,-0.09052401,-0.877424,2.5725,-8.645,-2.87
13591,3797540,0.451156,-0.08100801,-0.875716,2.205,-8.6275,-3.3075
13592,3797637,0.4553041,-0.08052,-0.8791321,1.995,-8.7325,-3.535
13593,3797734,0.45262,-0.084912,-0.871568,1.9425,-8.9775,-3.885
13594,3797832,0.444324,-0.08369201,-0.87108,1.5925,-9.38,-4.5675
13595,3797929,0.437492,-0.083936,-0.8784,0.8925,-9.73,-5.215
13596,3798027,0.44652,-0.081496,-0.880352,0.14,-9.6075,-5.8625
13597,3798124,0.453596,-0.06588,-0.885476,-0.98,-8.96,-6.335
13598,3798221,0.447008,-0.061732,-0.875228,-1.435,-7.945,-6.23
13599,3798319,0.441396,-0.079056,-0.88328,-1.6625,-6.5975,-5.88
13600,3798416,0.432124,-0.081252,-0.9189041,-2.6775,-4.515,-5.8975
13601,3798513,0.428708,-0.022692,-0.942816,-4.3225,0.175,-6.3175
13602,3798611,0.43188,0.005368,-0.9506241,-4.8825,6.5275,-5.67
13603,3798708,0.454084,-0.008052001,-0.9562361,-3.9725,14.0875,-3.3075
13604,3798806,0.48678,-0.03172,-0.91622,-3.4475,22.6275,-0.4725
13605,3798903,0.418216,-0.055388,-0.986248,-3.2375,33.3375,1.785
13606,3799000,0.384544,-0.14884,-1.028948,-0.2625,48.1425,2.87
13607,3799098,0.263032,-0.293776,-0.9725841,1.5575,67.1475,-1.015
13608,3799195,0.365268,-0.20374,-1.029192,-5.04,94.2025,-11.48
13609,3799292,0.343064,-0.210328,-1.00528,-2.1,116.8125,-20.93
13610,3799390,0.36478,-0.133712,-1.011624,-2.765,142.38,-29.505
13611,3799487,0.38796,-0.024644,-1.03822,-0.77,167.93,-34.86
13612,3799585,0.403576,0.026108,-1.035536,6.2475,192.8325,-35.4375
13613,3799682,0.443104,0.062464,-1.037244,14.98,217.2625,-31.9375
13614,3799779,0.457988,0.063928,-1.007232,24.5175,237.79,-24.5
13615,3799877,0.471408,0.072712,-1.01016,32.1825,254.625,-14.9275
13616,3799974,0.584868,0.059536,-0.976976,36.6975,267.8375,-3.6925
13617,3800072,0.7088201,0.048068,-0.9442801,35.105,276.115,5.9675
13618,3800169,0.801052,0.038064,-1.073844,31.465,279.125,14.9275
13619,3800266,1.05652,-0.013176,-0.8601,29.5225,272.825,24.6925
13620,3800364,1.423008,-0.565836,-0.643672,29.4,248.115,17.675
13621,3800461,1.568188,-0.445788,-0.856196,-21.245,213.185,-21.63
13622,3800559,1.239764,-0.18788,-1.668716,-103.4425,157.43,-50.5225
13623,3800656,0.49166,-0.315492,-1.722884,-148.435,67.6375,-54.6525
13624,3800753,0.228384,0.063684,0.503128,-119.0875,7.595,-36.2775
13625,3800851,-0.4594521,0.231556,-1.575752,-67.305,33.075,-2.975
13626,3800948,1.477176,-0.34404,1.841224,-39.2875,21.105,4.7075
13627,3801045,1.237812,0.964044,0.439688,-33.0225,24.99,4.7075
13628,3801143,1.737524,-0.169092,0.294264,30.8525,54.3025,13.1075
13629,3801240,2.002264,0.157136,-2.368996,12.3375,18.8475,1.96
13630,3801338,0.495076,-0.970632,-2.3973,-48.545,-169.4525,3.185
13631,3801435,-2.512468,1.014796,0.624152,-4.865,-298.97,5.5825
13632,3801532,-0.7068681,1.054812,-0.031476,-32.76,-166.88,8.1375
13633,3801630,-0.62708,-0.559248,0.018056,101.64,-118.7025,59.255
13634,3801727,-0.011956,-0.379176,-0.640744,42.42,-104.4925,52.29
13635,3801824,-0.011712,0.235948,-0.8596121,-28.49,-128.5375,36.3125
13636,3801922,-0.032696,0.599752,-0.887184,-34.5625,-159.18,38.605
13637,3802019,-0.05856,0.321348,-0.807884,-4.48,-181.7375,47.7925
13638,3802117,0.120536,0.0122,-0.9191481,-2.0475,-195.7025,49.28
13639,3802214,0.268156,0.149084,-1.03334,-33.4425,-213.745,41.5275
13640,3802311,0.254492,0.327448,-1.018456,-49.7175,-232.8375,37.1
13641,3802409,0.21106,0.209108,-0.932324,-42.2275,-241.1675,40.9675
13642,3802506,0.250832,-0.05246,-0.903532,-40.74,-236.8975,45.92
13643,3802604,0.286456,-0.1708,-0.8976761,-60.7775,-229.1625,47.1625
13644,3802701,0.275232,-0.185928,-0.809836,-87.115,-220.885,50.2075
13645,3802798,0.135176,-0.160308,-0.553148,-106.2775,-206.0275,59.395
13646,3802896,0.29036,-0.103456,-0.659776,-120.015,-174.5275,72.1175
13647,3802993,4.854624,-0.6517241,-4.42372,-110.3025,-135.9925,100.3625
13648,3803091,6.001424,-3.002664,4.802896,206.57,-184.555,238.4375
13649,3803188,7.982704,-1.875872,1.495964,44.17,81.60251,66.115
13650,3803285,-1.45668,0.24644,-2.639836,-169.6975,-102.2875,-60.62
13651,3803383,-3.339872,-0.739076,-0.27206,83.125,-94.43,96.5125
13652,3803480,0.171776,-0.091988,-1.319064,-45.5525,42.7525,-27.1075
13653,3803577,1.383236,0.35746,-0.7427361,6.1775,-9.0475,-26.6
13654,3803675,0.86864,0.6688041,-1.140456,-22.925,-17.3075,-17.185
13655,3803772,0.415288,-0.564372,-0.777384,38.4825,-27.7725,7.315
13656,3803870,0.432856,-0.387716,-0.853512,19.1975,-19.4775,2.065
13657,3803967,0.51606,0.039528,-0.9464761,-1.8725,-12.7225,-9.8
13658,3804064,0.5185,0.0366,-0.896944,-1.015,-9.625,-10.1325
13659,3804162,0.471408,-0.038064,-0.897188,1.645,-8.47,-6.195
13660,3804259,0.47824,-0.064904,-0.88816,1.5925,-7.9975,-4.165
13661,3804357,0.467016,-0.09272,-0.887672,0.42,-6.685,-4.375
13662,3804454,0.478728,-0.107848,-0.869128,-0.2275,-6.965,-5.495
13663,3804551,0.48922,-0.07076001,-0.8637601,-2.38,-7.9625,-6.8425
13664,3804649,0.47214,-0.04026,-0.881816,-3.1325,-9.6775,-6.9475
13665,3804746,0.452376,-0.05172801,-0.8949921,-2.205,-10.5175,-6.0725
13666,3804844,0.448472,-0.055388,-0.894504,-1.33,-10.0625,-5.635
13667,3804941,0.447252,-0.05172801,-0.88328,-0.9975,-9.2575,-5.46
13668,3805038,0.42944,-0.05612,-0.887184,-0.595,-8.9775,-5.1975
13669,3805136,0.432368,-0.040992,-0.8930401,-0.7,-8.26,-4.8475
13670,3805233,0.44164,-0.050996,-0.8857201,-0.1925,-7.49,-4.2
13671,3805331,0.449448,-0.056608,-0.8820601,0.455,-7.0525,-3.71
13672,3805428,0.455548,-0.069784,-0.878156,0.9625,-7.035,-3.5525
13673,3805525,0.45262,-0.063196,-0.885964,0.7875,-7.315,-3.7975
13674,3805623,0.447008,-0.05856,-0.8842561,0.6475,-7.245,-3.9375
13675,3805720,0.443104,-0.05124001,-0.884988,0.7175,-7.2975,-3.78
13676,3805817,0.443348,-0.053192,-0.894504,0.91,-7.35,-3.57
13677,3805915,0.447008,-0.05172801,-0.891088,1.1725,-7.035,-3.4125
13678,3806012,0.450668,-0.054656,-0.8842561,1.4175,-6.9125,-3.36
13679,3806110,0.462624,-0.05856,-0.8845,1.4875,-6.965,-3.2375
13680,3806207,0.456524,-0.05612,-0.8908441,1.575,-7.315,-3.1325
13681,3806304,0.454328,-0.056852,-0.887916,1.7325,-7.385,-2.975
13682,3806402,0.439444,-0.057828,-0.889624,1.855,-7.4025,-2.905
13683,3806499,0.431148,-0.05636401,-0.8976761,1.68,-7.245,-2.8875
13684,3806597,0.44164,-0.048556,-0.892308,1.8025,-6.5275,-2.625
13685,3806694,0.447984,-0.054412,-0.889136,2.275,-6.2825,-2.1875
13686,3806791,0.447984,-0.069784,-0.890112,2.415,-6.44,-2.1175
13687,3806889,0.44896,-0.06344,-0.8906,2.0125,-6.405,-2.38
13688,3806986,0.448472,-0.064904,-0.8906,1.855,-6.16,-2.59
13689,3807084,0.450912,-0.064172,-0.889868,1.6975,-5.8275,-2.6775
13690,3807181,0.447252,-0.06539201,-0.884988,1.575,-5.67,-2.8
13691,3807278,0.4392,-0.064416,-0.887184,1.47,-5.495,-2.975
13692,3807376,0.434076,-0.059048,-0.8903561,1.47,-5.495,-3.1675
13693,3807473,0.443104,-0.057584,-0.891576,1.68,-5.32,-3.0975
13694,3807570,0.446276,-0.05587601,-0.8888921,1.75,-5.215,-3.0625
13695,3807668,0.4453,-0.054656,-0.888404,1.4875,-5.075,-2.9925
13696,3807765,0.447496,-0.053436,-0.884988,1.61,-5.005,-2.835
13697,3807863,0.451644,-0.055388,-0.8827921,1.715,-5.1275,-2.6075
13698,3807960,0.448472,-0.05978,-0.8842561,2.0125,-5.4425,-2.485
13699,3808057,0.44652,-0.06075601,-0.88328,2.1175,-5.6175,-2.5025
13700,3808155,0.447008,-0.06222,-0.8845,2.4325,-5.705,-2.45
13701,3808252,0.454816,-0.066124,-0.8888921,2.6075,-5.8625,-2.52
13702,3808350,0.45994,-0.06466001,-0.889868,2.2225,-5.8975,-2.7125
13703,3808447,0.456768,-0.058316,-0.8913321,1.8725,-5.67,-3.1675
13704,3808544,0.462136,-0.06075601,-0.8888921,1.96,-5.67,-3.4825
13705,3808642,0.462624,-0.054656,-0.889136,1.8375,-5.4775,-3.57
13706,3808739,0.455792,-0.057096,-0.8893801,2.0475,-5.39,-3.71
13707,3808836,0.44286,-0.059048,-0.887916,2.3625,-5.4425,-3.815
13708,3808934,0.430172,-0.05929201,-0.8906,2.555,-5.425,-3.9025
13709,3809031,0.420656,-0.064904,-0.889136,2.905,-5.285,-3.78
13710,3809129,0.415288,-0.049532,-0.893284,2.87,-5.075,-3.535
13711,3809226,0.414556,-0.053436,-0.886452,3.1675,-5.0225,-2.94
13712,3809323,0.415532,-0.05172801,-0.888404,3.4475,-5.0925,-2.31
13713,3809421,0.436272,-0.051972,-0.886452,3.6575,-5.0225,-1.6625
13714,3809518,0.4404201,-0.058804,-0.887672,3.885,-5.11,-1.19
13715,3809616,0.447008,-0.05612,-0.8874281,3.8675,-5.2675,-1.1375
13716,3809713,0.4453,-0.059048,-0.887916,3.92,-5.355,-1.12
13717,3809810,0.447008,-0.057096,-0.8866961,3.71,-5.4075,-1.1375
13718,3809908,0.442616,-0.06075601,-0.891088,3.675,-5.4425,-1.015
13719,3810005,0.439444,-0.061,-0.888648,3.7275,-5.46,-1.0675
13720,3810103,0.437248,-0.06270801,-0.888648,3.6925,-5.2675,-1.015
13721,3810200,0.44896,-0.06222,-0.887916,3.57,-5.1275,-1.085
13722,3810297,0.448472,-0.065148,-0.889868,3.36,-4.9525,-1.1025
13723,3810395,0.447008,-0.05612,-0.889136,2.765,-4.9875,-1.1375
13724,3810492,0.447496,-0.06539201,-0.892552,2.485,-4.8475,-0.98
13725,3810589,0.448228,-0.062464,-0.8906,2.2925,-4.6025,-1.0325
13726,3810687,0.436516,-0.065148,-0.889868,2.345,-4.6025,-1.015
13727,3810784,0.443348,-0.0671,-0.8869401,2.485,-4.5675,-0.98
13728,3810882,0.452376,-0.067344,-0.889624,2.52,-4.48,-1.085
13729,3810979,0.456036,-0.06344,-0.889136,2.38,-4.34,-1.2075
13730,3811076,0.454572,-0.07027201,-0.8869401,2.24,-4.2175,-1.4525
13731,3811174,0.443348,-0.069784,-0.8869401,2.0125,-4.1125,-1.75
13732,3811271,0.437004,-0.06075601,-0.8857201,2.1875,-3.955,-1.8375
13733,3811369,0.422364,-0.063196,-0.8827921,2.52,-4.2875,-1.7675
13734,3811466,0.412848,-0.060024,-0.8888921,2.8875,-4.6375,-1.6275
13735,3811563,0.421876,-0.067832,-0.885476,3.57,-4.795,-1.365
13736,3811661,0.433832,-0.055632,-0.886452,3.6225,-4.8125,-1.225
13737,3811758,0.442128,-0.06075601,-0.882304,4.13,-4.9525,-1.1725
13738,3811856,0.45018,-0.061732,-0.883036,4.445,-5.145,-1.05
13739,3811953,0.437248,-0.06344,-0.8801081,4.515,-5.67,-1.015
13740,3812050,0.429684,-0.06344,-0.88816,4.62,-6.125,-0.9975
13741,3812148,0.43066,-0.06588,-0.8893801,4.8825,-6.1425,-0.9275
13742,3812245,0.437004,-0.06588,-0.8935281,4.9875,-5.985,-0.91
13743,3812343,0.4404201,-0.068076,-0.894748,4.9525,-5.95,-0.805
13744,3812440,0.449936,-0.066124,-0.891576,4.4625,-5.5475,-0.805
13745,3812537,0.457012,-0.07027201,-0.893284,3.9025,-5.3025,-0.735
13746,3812635,0.454816,-0.076372,-0.8845,3.3075,-5.005,-0.7525
13747,3812732,0.446764,-0.06954,-0.886452,2.66,-4.9175,-0.9975
13748,3812829,0.445056,-0.073688,-0.886452,2.5375,-4.8825,-1.19
13749,3812927,0.444812,-0.07442,-0.884988,2.59,-4.8125,-1.365
13750,3813024,0.443348,-0.06832001,-0.886452,2.52,-4.9875,-1.435
13751,3813122,0.43188,-0.07490801,-0.8862081,2.59,-5.0575,-1.575
13752,3813219,0.428708,-0.07027201,-0.888648,2.4675,-4.9175,-1.6975
13753,3813316,0.426512,-0.07027201,-0.889624,2.7475,-4.9175,-1.5925
13754,3813414,0.43188,-0.06270801,-0.888648,2.94,-4.9175,-1.645
13755,3813511,0.44164,-0.06588,-0.8852321,3.3775,-5.1275,-1.4175
13756,3813609,0.451888,-0.066856,-0.883768,3.6925,-5.3375,-1.19
13757,3813706,0.442616,-0.07222401,-0.884012,3.6225,-5.6525,-1.19
13758,3813804,0.428708,-0.072712,-0.887672,3.4125,-5.9675,-1.4
13759,3813901,0.410896,-0.070028,-0.890112,3.3075,-6.3875,-1.5575
13760,3813998,0.400892,-0.064172,-0.89182,3.0625,-6.44,-1.54
13761,3814096,0.411872,-0.063196,-0.9006041,2.7475,-6.0725,-1.225
13762,3814193,0.437736,-0.06563601,-0.8967,3.1325,-5.565,-0.7
13763,3814290,0.472384,-0.07417601,-0.879376,3.4125,-5.285,-0.49
13764,3814388,0.463844,-0.080764,-0.881328,3.5525,-5.845,-0.665
13765,3814485,0.463356,-0.084912,-0.881816,3.5875,-6.09,-1.1725
13766,3814583,0.449936,-0.08418,-0.888404,3.255,-6.2125,-1.785
13767,3814680,0.441884,-0.07856801,-0.889624,3.08,-6.16,-2.205
13768,3814778,0.429196,-0.070516,-0.8967,2.66,-5.7575,-2.3625
13769,3814875,0.433344,-0.06222,-0.8957241,2.6775,-5.1625,-2.0475
13770,3814972,0.445544,-0.06832001,-0.888648,2.695,-4.6025,-1.855
13771,3815070,0.4453,-0.07198,-0.890112,2.6075,-4.2525,-1.6275
13772,3815167,0.4404201,-0.073444,-0.8888921,2.6425,-4.0425,-1.47
13773,3815264,0.445788,-0.07198,-0.885476,2.45,-3.9725,-1.5575
13774,3815362,0.438468,-0.07076001,-0.892308,2.0125,-3.745,-1.6625
13775,3815459,0.432368,-0.067344,-0.896944,1.8725,-3.4825,-1.575
13776,3815557,0.440176,-0.06344,-0.892308,2.0125,-2.9925,-1.19
13777,3815654,0.45018,-0.070028,-0.8842561,2.38,-3.1325,-0.8575
13778,3815751,0.454572,-0.07222401,-0.881572,2.2575,-3.3775,-0.945
13779,3815849,0.455548,-0.080764,-0.8862081,2.1175,-3.7625,-1.155
13780,3815946,0.4514,-0.077104,-0.884012,1.785,-3.9375,-1.5575
13781,3816043,0.452376,-0.071004,-0.884988,1.75,-3.92,-1.9775
13782,3816141,0.448716,-0.0732,-0.8869401,1.89,-4.3225,-2.0825
13783,3816238,0.445788,-0.071248,-0.890112,1.9075,-4.5675,-1.995
13784,3816336,0.443836,-0.069052,-0.891576,1.6625,-4.7075,-1.9425
13785,3816433,0.447008,-0.06954,-0.886452,1.3825,-4.7075,-1.785
13786,3816530,0.444324,-0.07222401,-0.885476,1.26,-4.865,-1.715
13787,3816628,0.444324,-0.073688,-0.8862081,1.2075,-4.865,-1.715
13788,3816725,0.43798,-0.0732,-0.887184,1.3825,-5.145,-1.9075
13789,3816822,0.439688,-0.070028,-0.887916,1.6275,-5.32,-2.0475
13790,3816920,0.446276,-0.075884,-0.883036,1.855,-5.4775,-2.0825
13791,3817017,0.45018,-0.073932,-0.8827921,1.8025,-5.635,-2.2925
13792,3817115,0.446276,-0.07686,-0.881328,1.9425,-5.88,-2.5025
13793,3817212,0.428464,-0.07490801,-0.87962,1.96,-6.2125,-2.6075
13794,3817309,0.417484,-0.077592,-0.892796,2.1,-6.5625,-2.835
13795,3817407,0.427976,-0.06466001,-0.8954801,2.135,-6.1775,-2.835
13796,3817504,0.429196,-0.073688,-0.891088,2.345,-5.8625,-2.45
13797,3817601,0.443348,-0.071736,-0.885476,2.135,-5.495,-2.485
13798,3817699,0.446764,-0.068564,-0.883524,2.065,-5.4425,-2.4325
13799,3817796,0.447496,-0.071248,-0.8866961,2.24,-5.6,-2.4675
13800,3817894,0.442372,-0.075884,-0.887184,2.31,-5.775,-2.5025
13801,3817991,0.440908,-0.074664,-0.888648,2.345,-5.67,-2.415
13802,3818088,0.435052,-0.074664,-0.888404,2.2575,-5.565,-2.6075
13803,3818186,0.42822,-0.07417601,-0.8893801,2.24,-5.4425,-2.695
13804,3818283,0.428708,-0.070516,-0.8906,2.1525,-5.39,-2.7475
13805,3818381,0.4331,-0.07076001,-0.8903561,2.345,-5.285,-2.73
13806,3818478,0.440176,-0.067588,-0.8906,2.5025,-5.215,-2.695
13807,3818575,0.442372,-0.07222401,-0.8874281,2.6775,-5.11,-2.6075
13808,3818673,0.444324,-0.07417601,-0.88816,2.8175,-5.1975,-2.625
13809,3818770,0.442616,-0.07515201,-0.8874281,2.7825,-5.075,-2.52
13810,3818868,0.44164,-0.07222401,-0.8893801,2.6075,-5.075,-2.59
13811,3818965,0.440176,-0.069784,-0.889136,2.5725,-4.9525,-2.52
13812,3819062,0.438712,-0.071004,-0.8913321,2.4675,-4.9175,-2.625
13813,3819160,0.441152,-0.067344,-0.8903561,2.31,-4.8475,-2.5375
13814,3819257,0.442128,-0.0732,-0.889868,2.345,-4.7425,-2.3625
13815,3819355,0.442616,-0.071248,-0.888404,2.135,-4.655,-2.3625
13816,3819452,0.44652,-0.069784,-0.887916,1.995,-4.725,-2.3975
13817,3819549,0.442128,-0.073444,-0.8866961,2.0125,-4.83,-2.415
13818,3819647,0.44286,-0.0732,-0.8857201,1.96,-5.0225,-2.45
13819,3819744,0.437492,-0.072468,-0.8888921,2.0125,-5.075,-2.3975
13820,3819842,0.433588,-0.068564,-0.892796,1.995,-5.1625,-2.345
13821,3819939,0.438468,-0.070516,-0.8913321,2.17,-5.2325,-2.275
13822,3820036,0.4392,-0.067344,-0.888648,2.1875,-5.1275,-2.205
13823,3820134,0.4404201,-0.06880801,-0.887184,2.275,-5.18,-2.1
13824,3820231,0.441396,-0.071736,-0.8874281,2.4325,-5.285,-2.135
13825,3820328,0.442128,-0.07442,-0.886452,2.3975,-5.3025,-2.1875
13826,3820426,0.439444,-0.074664,-0.8857201,2.38,-5.495,-2.1525
13827,3820523,0.438468,-0.071248,-0.890112,2.345,-5.53,-2.38
13828,3820621,0.43432,-0.072956,-0.88816,2.31,-5.4425,-2.2925
13829,3820718,0.431636,-0.071736,-0.8913321,2.205,-5.4075,-2.205
13830,3820815,0.435784,-0.067832,-0.892064,2.1175,-5.2325,-2.205
13831,3820913,0.442128,-0.06636801,-0.889868,2.1875,-5.25,-2.275
13832,3821010,0.439444,-0.07442,-0.885476,2.38,-5.4075,-2.0825
13833,3821107,0.440176,-0.070028,-0.888404,2.345,-5.32,-2.1175
13834,3821205,0.440176,-0.070516,-0.8869401,2.345,-5.39,-2.135
13835,3821302,0.438224,-0.07222401,-0.887916,2.31,-5.3375,-2.1525
13836,3821400,0.432856,-0.07198,-0.889868,2.135,-5.2675,-2.1525
13837,3821497,0.433588,-0.07198,-0.8967,2.1525,-5.2675,-2.205
13838,3821594,0.43554,-0.072712,-0.896944,2.17,-5.0925,-2.24
13839,3821692,0.43554,-0.0732,-0.8906,2.1,-4.8475,-2.1175
13840,3821789,0.443836,-0.067832,-0.889624,2.1,-4.97,-2.1525
13841,3821887,0.4404201,-0.071248,-0.890112,2.205,-5.04,-2.17
13842,3821984,0.439688,-0.07612801,-0.8842561,2.24,-5.18,-2.1525
13843,3822081,0.437004,-0.073688,-0.889624,2.3625,-5.2675,-2.1525
13844,3822179,0.432368,-0.077592,-0.892308,2.24,-5.3375,-2.2575
13845,3822276,0.431392,-0.072468,-0.891576,2.0475,-5.2325,-2.24
13846,3822373,0.433344,-0.06832001,-0.895236,1.9425,-4.9175,-2.1875
13847,3822471,0.43676,-0.071004,-0.887916,1.925,-4.83,-2.205
13848,3822568,0.441396,-0.069052,-0.890112,2.065,-4.725,-2.1525
13849,3822666,0.442372,-0.073444,-0.8869401,2.17,-4.8125,-2.065
13850,3822763,0.437736,-0.072712,-0.8888921,2.17,-4.9525,-2.1175
13851,3822860,0.440176,-0.076372,-0.8852321,2.1875,-4.9875,-2.17
13852,3822958,0.440664,-0.07442,-0.888404,2.24,-4.97,-2.1
13853,3823055,0.439932,-0.07027201,-0.8903561,2.135,-4.97,-2.205
13854,3823153,0.441396,-0.070516,-0.889868,2.1525,-5.075,-2.2575
13855,3823250,0.436516,-0.072712,-0.890112,2.1525,-5.145,-2.2925
13856,3823347,0.438224,-0.071492,-0.8903561,2.2225,-5.1975,-2.1875
13857,3823445,0.438224,-0.073688,-0.892308,2.135,-5.145,-2.205
13858,3823542,0.43798,-0.074664,-0.891576,1.925,-5.11,-2.205
13859,3823640,0.438468,-0.07198,-0.8903561,1.5575,-4.8125,-2.2225
13860,3823737,0.439444,-0.069784,-0.892064,1.435,-4.62,-2.2925
13861,3823834,0.441152,-0.067832,-0.8913321,1.3125,-4.515,-2.3975
13862,3823932,0.438712,-0.072712,-0.8908441,1.3475,-4.515,-2.275
13863,3824029,0.439932,-0.06954,-0.887184,1.4,-4.655,-2.3275
13864,3824126,0.434076,-0.070516,-0.889136,1.5225,-4.8475,-2.3625
13865,3824224,0.43432,-0.071248,-0.888648,1.82,-5.005,-2.3625
13866,3824321,0.441396,-0.068076,-0.888404,1.9775,-5.0575,-2.45
13867,3824419,0.442372,-0.072956,-0.8857201,2.1,-5.145,-2.4675
13868,3824516,0.441884,-0.070028,-0.8908441,2.0825,-5.2325,-2.52
13869,3824613,0.438956,-0.071004,-0.889868,2.1525,-5.355,-2.625
13870,3824711,0.43676,-0.069784,-0.889136,2.2225,-5.2675,-2.6425
13871,3824808,0.438712,-0.0732,-0.891576,2.4675,-5.2675,-2.6425
13872,3824905,0.433832,-0.06954,-0.8893801,2.5025,-5.25,-2.695
13873,3825003,0.435296,-0.06539201,-0.896212,2.4675,-5.285,-2.6075
13874,3825100,0.435784,-0.071248,-0.887916,2.6425,-5.215,-2.485
13875,3825198,0.440664,-0.070028,-0.8935281,2.4325,-5.0925,-2.345
13876,3825295,0.444568,-0.0732,-0.889868,2.0825,-4.795,-2.38
13877,3825392,0.441884,-0.07027201,-0.887916,1.785,-4.6725,-2.31
13878,3825490,0.440664,-0.071736,-0.889624,1.89,-4.7775,-2.2575
13879,3825587,0.440176,-0.072956,-0.8874281,1.855,-4.7425,-2.415
13880,3825685,0.43432,-0.07027201,-0.8847441,1.9775,-4.935,-2.625
13881,3825782,0.426512,-0.067588,-0.8935281,2.0825,-5.2325,-2.625
13882,3825879,0.427732,-0.068564,-0.891576,2.1875,-5.285,-2.555
13883,3825977,0.435784,-0.067832,-0.889868,2.2575,-5.1625,-2.4325
13884,3826074,0.437248,-0.068076,-0.892552,2.2925,-5.145,-2.275
13885,3826171,0.43798,-0.0671,-0.888648,2.3625,-5.145,-2.2225
13886,3826269,0.438468,-0.071492,-0.8913321,2.2925,-5.18,-2.275
13887,3826366,0.434808,-0.070028,-0.890112,2.1525,-5.11,-2.2575
13888,3826464,0.442372,-0.06880801,-0.8906,2.0475,-5.04,-2.24
13889,3826561,0.434808,-0.071004,-0.889868,2.0475,-5.1625,-2.24
13890,3826658,0.428708,-0.069052,-0.8866961,2.03,-5.0575,-2.345
13891,3826756,0.43676,-0.072712,-0.8888921,2.135,-5.0925,-2.38
13892,3826853,0.446032,-0.066124,-0.900848,2.065,-5.0925,-2.31
13893,3826951,0.445056,-0.06832001,-0.894748,1.995,-5.11,-2.2925
13894,3827048,0.4392,-0.07198,-0.8827921,1.75,-5.0575,-2.3275
13895,3827145,0.442128,-0.071492,-0.887916,1.5925,-5.215,-2.345
13896,3827243,0.437736,-0.073932,-0.891576,1.645,-5.3025,-2.52
13897,3827340,0.432612,-0.07027201,-0.890112,1.6975,-5.25,-2.6075
13898,3827437,0.427488,-0.071004,-0.892308,1.715,-5.2675,-2.6425
13899,3827535,0.428464,-0.068076,-0.892308,1.7675,-5.215,-2.6775
13900,3827632,0.430172,-0.07076001,-0.891576,1.9425,-5.1625,-2.6425
13901,3827729,0.436028,-0.06880801,-0.891576,1.9425,-5.075,-2.625
13902,3827827,0.438224,-0.0671,-0.8913321,1.6975,-4.9875,-2.555
13903,3827924,0.441396,-0.067588,-0.88816,1.7325,-5.005,-2.485
13904,3828022,0.44164,-0.067588,-0.89182,1.6625,-4.9175,-2.4325
13905,3828119,0.437004,-0.067832,-0.890112,1.47,-4.9875,-2.4325
13906,3828216,0.434564,-0.068076,-0.892064,1.645,-4.83,-2.4675
13907,3828314,0.434808,-0.068564,-0.888404,1.7325,-4.8475,-2.555
13908,3828411,0.427976,-0.068564,-0.892064,1.7325,-4.8825,-2.5725
13909,3828509,0.43432,-0.066124,-0.8903561,1.89,-4.9525,-2.415
13910,3828606,0.43554,-0.06588,-0.888648,2.065,-4.8475,-2.275
13911,3828703,0.439688,-0.064172,-0.891088,2.1525,-5.0575,-2.2575
13912,3828801,0.441396,-0.06588,-0.8903561,2.2575,-5.0925,-2.24
13913,3828898,0.435296,-0.069296,-0.8903561,2.24,-5.1275,-2.275
13914,3828996,0.442616,-0.068076,-0.8903561,2.24,-5.0925,-2.17
13915,3829093,0.4392,-0.069784,-0.891088,2.24,-5.1275,-2.1175
13916,3829190,0.436516,-0.068076,-0.892552,2.1525,-5.005,-2.1525
13917,3829288,0.435784,-0.067344,-0.891088,2.03,-4.83,-2.1525
13918,3829385,0.432612,-0.068076,-0.889136,2.0475,-4.9175,-2.345
13919,3829482,0.423096,-0.068076,-0.8959681,1.925,-5.0225,-2.31
13920,3829580,0.435784,-0.06222,-0.892064,1.995,-4.9,-2.3625
13921,3829677,0.438712,-0.063684,-0.884988,2.1875,-4.7075,-2.275
13922,3829775,0.439688,-0.06661201,-0.889136,2.1875,-4.9,-2.24
13923,3829872,0.443836,-0.06880801,-0.892552,2.03,-4.935,-2.205
13924,3829969,0.4453,-0.067344,-0.8930401,1.785,-4.7425,-2.135
13925,3830067,0.440908,-0.0671,-0.89182,1.4875,-4.4275,-2.065
13926,3830164,0.437004,-0.07076001,-0.889624,1.365,-4.445,-1.96
13927,3830262,0.435784,-0.06832001,-0.891576,1.3825,-4.4625,-1.9775
13928,3830359,0.435296,-0.0671,-0.8906,1.47,-4.515,-2.0825
13929,3830456,0.435296,-0.067588,-0.889136,1.61,-4.655,-2.205
13930,3830554,0.442616,-0.067832,-0.8935281,1.5575,-4.515,-2.24
13931,3830651,0.443348,-0.073444,-0.8913321,1.155,-4.165,-2.1875
13932,3830749,0.442128,-0.069784,-0.895236,0.5425,-4.0425,-2.31
13933,3830846,0.445056,-0.068076,-0.8949921,-0.035,-3.6575,-2.4325
13934,3830943,0.440908,-0.06344,-0.888648,-0.665,-3.29,-2.3975
13935,3831041,0.439688,-0.063928,-0.892552,-0.7875,-3.2725,-2.5375
13936,3831138,0.434808,-0.062952,-0.88816,-0.2625,-3.4825,-2.4675
13937,3831235,0.4331,-0.063928,-0.887672,0.1575,-3.745,-2.52
13938,3831333,0.424072,-0.056852,-0.888648,0.91,-4.2875,-2.52
13939,3831430,0.43432,-0.057828,-0.884988,1.505,-4.4975,-2.4675
13940,3831528,0.443348,-0.061488,-0.8862081,2.2225,-4.8475,-2.3275
13941,3831625,0.439444,-0.06344,-0.8888921,2.5025,-5.0925,-2.205
13942,3831722,0.4404201,-0.063196,-0.892064,2.5725,-5.145,-2.205
13943,3831820,0.441396,-0.063684,-0.8908441,2.555,-5.2675,-2.205
13944,3831917,0.437004,-0.063928,-0.8906,2.5025,-5.2675,-2.275
13945,3832015,0.424804,-0.065148,-0.8913321,2.45,-5.32,-2.3275
13946,3832112,0.433588,-0.06222,-0.8913321,2.555,-5.285,-2.1525
13947,3832209,0.437248,-0.0671,-0.8913321,2.765,-5.1975,-2.1875
13948,3832307,0.44164,-0.061976,-0.887916,2.695,-5.0925,-2.2225
13949,3832404,0.439932,-0.06661201,-0.888404,2.555,-5.0925,-2.17
13950,3832502,0.438956,-0.064416,-0.8893801,2.38,-5.145,-2.205
13951,3832599,0.436516,-0.06880801,-0.891576,2.2225,-5.0925,-2.2925
13952,3832696,0.438468,-0.06636801,-0.8908441,2.065,-4.9525,-2.345
13953,3832794,0.43554,-0.06588,-0.887672,2.135,-4.97,-2.38
13954,3832891,0.435296,-0.066124,-0.8893801,2.1875,-5.0575,-2.4675
13955,3832988,0.436272,-0.061488,-0.8913321,2.275,-4.9875,-2.415
13956,3833086,0.438224,-0.062952,-0.889624,2.3975,-4.97,-2.2925
13957,3833183,0.44164,-0.062464,-0.8906,2.3275,-4.9875,-2.2925
13958,3833281,0.441152,-0.06539201,-0.8888921,2.17,-4.97,-2.2925
13959,3833378,0.439932,-0.0671,-0.8903561,1.9775,-4.9175,-2.345
13960,3833475,0.435784,-0.064904,-0.888648,1.7675,-4.9175,-2.38
13961,3833573,0.434076,-0.063196,-0.8893801,1.8025,-4.83,-2.4325
13962,3833670,0.435052,-0.05929201,-0.892552,1.855,-4.8125,-2.38
13963,3833768,0.432612,-0.060268,-0.8906,2.1525,-4.9175,-2.31
13964,3833865,0.441396,-0.063196,-0.88816,2.275,-4.9,-2.1875
13965,3833962,0.439688,-0.061976,-0.8908441,2.345,-5.0225,-2.1
13966,3834060,0.439444,-0.064904,-0.891088,2.2575,-5.1975,-2.0475
13967,3834157,0.43798,-0.06563601,-0.890112,2.17,-5.1625,-2.1875
13968,3834255,0.436028,-0.06636801,-0.891088,2.135,-5.1625,-2.1875
13969,3834352,0.436516,-0.067832,-0.8893801,2.17,-5.11,-2.2225
13970,3834449,0.432124,-0.06222,-0.889868,2.0475,-5.145,-2.24
13971,3834547,0.431636,-0.06222,-0.8913321,2.0825,-5.0925,-2.2925
13972,3834644,0.438468,-0.061732,-0.8893801,2.3275,-5.1975,-2.17
13973,3834742,0.440908,-0.06075601,-0.888648,2.485,-5.215,-2.17
13974,3834839,0.440664,-0.06222,-0.8888921,2.485,-5.215,-2.24
13975,3834936,0.439688,-0.063928,-0.889136,2.45,-5.215,-2.1875
13976,3835034,0.4331,-0.06563601,-0.887916,2.485,-5.3375,-2.1875
13977,3835131,0.432124,-0.064904,-0.889624,2.415,-5.3375,-2.2925
13978,3835229,0.430172,-0.065148,-0.8903561,2.3275,-5.3025,-2.2925
13979,3835326,0.42822,-0.06222,-0.8893801,2.5025,-5.285,-2.3275
13980,3835423,0.432124,-0.06124401,-0.8866961,2.5025,-5.355,-2.24
13981,3835521,0.43798,-0.06270801,-0.887672,2.7825,-5.3375,-2.2925
13982,3835618,0.442616,-0.062464,-0.887184,3.045,-5.495,-2.17
13983,3835715,0.443104,-0.064904,-0.89182,3.325,-5.565,-2.1
13984,3835813,0.443104,-0.068564,-0.892552,3.185,-5.53,-2.1525
13985,3835910,0.442128,-0.06880801,-0.893772,2.5375,-5.32,-2.24
13986,3836008,0.440664,-0.06588,-0.8903561,2.2925,-5.1975,-2.3275
13987,3836105,0.441884,-0.063928,-0.8913321,2.2225,-5.0925,-2.2925
13988,3836202,0.438468,-0.063928,-0.89182,2.2575,-5.0575,-2.3275
13989,3836300,0.440176,-0.06539201,-0.8913321,2.2925,-4.97,-2.24
13990,3836397,0.440176,-0.06466001,-0.892308,2.205,-4.935,-2.17
13991,3836495,0.435296,-0.06661201,-0.8908441,2.17,-4.9875,-2.2225
13992,3836592,0.431392,-0.06832001,-0.891576,2.1525,-4.9875,-2.2225
13993,3836689,0.437248,-0.066856,-0.892064,2.0825,-4.8475,-2.345
13994,3836787,0.439932,-0.064172,-0.89182,1.9775,-4.8125,-2.3625
13995,3836884,0.43798,-0.06270801,-0.891088,1.89,-4.76,-2.3275
13996,3836982,0.4392,-0.063196,-0.890112,1.9775,-4.8825,-2.275
13997,3837079,0.438468,-0.061732,-0.888404,2.03,-4.9,-2.205
13998,3837176,0.434808,-0.061976,-0.892552,2.03,-4.9875,-2.1525
13999,3837274,0.43066,-0.063928,-0.8906,2.065,-4.9,-2.135
14000,3837371,0.43554,-0.063928,-0.893284,2.205,-4.935,-2.1525
14001,3837469,0.43798,-0.062952,-0.892308,2.24,-4.865,-2.135
14002,3837566,0.4404201,-0.064904,-0.891576,2.24,-4.7775,-1.995
14003,3837663,0.437248,-0.06466001,-0.8913321,2.2225,-4.9175,-2.065
14004,3837761,0.4392,-0.063196,-0.891088,2.2225,-4.9,-2.135
14005,3837858,0.438224,-0.06539201,-0.8913321,2.1175,-4.8125,-2.1525
14006,3837956,0.434808,-0.06588,-0.8888921,2.17,-4.9,-2.135
14007,3838053,0.432124,-0.06466001,-0.889868,2.135,-4.97,-2.205
14008,3838150,0.43188,-0.065148,-0.89426,2.1175,-4.8475,-2.17
14009,3838248,0.432612,-0.060512,-0.891576,2.065,-4.7775,-2.24
14010,3838345,0.436028,-0.06344,-0.887184,2.2225,-4.795,-2.24
14011,3838443,0.4404201,-0.063196,-0.891576,2.275,-4.7775,-2.1525
14012,3838540,0.43676,-0.064172,-0.8893801,2.275,-4.9175,-2.0825
14013,3838637,0.438468,-0.06539201,-0.891576,2.205,-4.9875,-2.1175
14014,3838735,0.438956,-0.067344,-0.892308,2.2225,-5.0225,-2.1525
14015,3838832,0.435296,-0.06539201,-0.890112,2.1,-5.005,-2.17
14016,3838929,0.43188,-0.067832,-0.88816,2.1,-4.9875,-2.2225
14017,3839027,0.427732,-0.06124401,-0.892796,1.9425,-4.97,-2.275
14018,3839124,0.427976,-0.06124401,-0.892552,2.03,-4.9175,-2.275
14019,3839222,0.43676,-0.05978,-0.892552,2.1525,-4.8125,-2.2225
14020,3839319,0.438712,-0.066856,-0.892308,2.31,-4.865,-2.0475
14021,3839416,0.447496,-0.05929201,-0.891088,2.45,-5.075,-2.0475
14022,3839514,0.440664,-0.069296,-0.890112,2.5725,-5.1625,-2.0825
14023,3839611,0.441152,-0.06636801,-0.888404,2.31,-5.25,-2.2225
14024,3839708,0.43432,-0.064172,-0.889868,2.415,-5.2675,-2.2925
14025,3839806,0.432368,-0.065148,-0.8906,2.5025,-5.285,-2.275
14026,3839903,0.433588,-0.06466001,-0.892796,2.6425,-5.3025,-2.3275
14027,3840001,0.43676,-0.066124,-0.891576,2.73,-5.18,-2.2575
14028,3840098,0.439932,-0.062464,-0.8906,2.8,-5.1275,-2.31
14029,3840195,0.439444,-0.068076,-0.892308,2.8175,-5.0225,-2.205
14030,3840293,0.443104,-0.06832001,-0.893772,2.415,-4.83,-2.2225
14031,3840390,0.444324,-0.06539201,-0.8930401,2.1,-4.7075,-2.2575
14032,3840488,0.440176,-0.064416,-0.8906,1.925,-4.725,-2.2575
14033,3840585,0.436516,-0.064904,-0.891088,1.8025,-4.76,-2.3275
14034,3840682,0.433588,-0.063196,-0.8903561,1.855,-4.7075,-2.205
14035,3840780,0.433832,-0.063928,-0.890112,1.925,-4.7425,-2.205
14036,3840877,0.435296,-0.063928,-0.8913321,1.995,-4.7425,-2.205
14037,3840975,0.435296,-0.064172,-0.8903561,2.0475,-4.7775,-2.2225
14038,3841072,0.434808,-0.064904,-0.8893801,2.135,-4.8125,-2.1875
14039,3841169,0.432856,-0.06344,-0.89182,2.1,-4.7075,-2.17
14040,3841267,0.43798,-0.06563601,-0.889868,2.17,-4.6725,-2.205
14041,3841365,0.437248,-0.06222,-0.889624,2.1525,-4.795,-2.1175
14042,3841462,0.43432,-0.063928,-0.8893801,2.135,-4.935,-2.205
14043,3841559,0.43432,-0.065148,-0.8888921,2.135,-5.0225,-2.1525
14044,3841656,0.438956,-0.06344,-0.888648,2.17,-4.9175,-2.135
14045,3841754,0.432856,-0.062464,-0.890112,2.205,-4.9875,-2.275
14046,3841851,0.42822,-0.06636801,-0.895236,2.03,-5.0575,-2.2925
14047,3841948,0.430172,-0.06222,-0.89182,1.925,-4.7425,-2.2925
14048,3842046,0.433588,-0.06270801,-0.8949921,1.9075,-4.5675,-2.345
14049,3842143,0.440664,-0.064172,-0.892064,2.1,-4.5675,-2.1525
14050,3842241,0.441396,-0.06466001,-0.88816,2.205,-4.515,-2.1175
14051,3842338,0.4404201,-0.065148,-0.8888921,2.135,-4.62,-2.1875
14052,3842436,0.438956,-0.064904,-0.8893801,2.0475,-4.7425,-2.3275
14053,3842533,0.43798,-0.064416,-0.890112,2.0475,-4.8475,-2.31
14054,3842630,0.434076,-0.062464,-0.89182,2.065,-4.97,-2.2575
14055,3842728,0.43432,-0.06344,-0.8913321,2.0825,-4.8475,-2.2575
14056,3842825,0.437248,-0.06270801,-0.888648,2.1,-4.7425,-2.205
14057,3842923,0.432856,-0.061976,-0.892552,2.135,-4.8125,-2.2575
14058,3843020,0.437736,-0.064904,-0.892308,2.065,-4.795,-2.1875
14059,3843117,0.439688,-0.063928,-0.8893801,2.1175,-4.83,-2.1525
14060,3843215,0.4404201,-0.06270801,-0.889624,2.1175,-4.97,-2.2225
14061,3843312,0.438224,-0.06563601,-0.8906,2.135,-5.0225,-2.24
14062,3843409,0.437736,-0.063684,-0.8913321,2.0825,-5.04,-2.1875
14063,3843507,0.434076,-0.06344,-0.8893801,2.1525,-5.0575,-2.275
14064,3843604,0.430904,-0.06344,-0.8935281,2.0825,-4.9875,-2.2575
14065,3843702,0.43432,-0.061732,-0.89426,1.925,-4.76,-2.2925
14066,3843799,0.437736,-0.062464,-0.892308,2.1,-4.62,-2.2925
14067,3843896,0.440664,-0.061,-0.8888921,2.1875,-4.585,-2.24
14068,3843994,0.440908,-0.06222,-0.889136,2.1875,-4.725,-2.24
14069,3844091,0.44408,-0.064416,-0.887672,2.205,-4.8825,-2.1875
14070,3844188,0.438956,-0.066856,-0.8893801,2.1875,-4.9875,-2.1525
14071,3844286,0.434564,-0.062952,-0.889868,2.2225,-5.1275,-2.275
14072,3844383,0.431392,-0.061976,-0.892064,2.0825,-4.9875,-2.2925
14073,3844481,0.427244,-0.062952,-0.889868,2.0825,-4.83,-2.2575
14074,3844578,0.4331,-0.063928,-0.892796,1.9075,-4.55,-2.2575
14075,3844675,0.432856,-0.063928,-0.889624,1.9425,-4.4975,-2.2575
14076,3844773,0.440664,-0.060512,-0.8888921,1.995,-4.6025,-2.24
14077,3844870,0.439688,-0.062952,-0.889868,1.96,-4.5675,-2.24
14078,3844968,0.443104,-0.061488,-0.889136,1.9425,-4.585,-2.275
14079,3845065,0.441884,-0.06563601,-0.888404,2.0475,-4.8125,-2.31
14080,3845162,0.439444,-0.06466001,-0.8908441,1.995,-4.865,-2.2225
14081,3845260,0.43554,-0.060268,-0.8908441,1.96,-4.8825,-2.24
14082,3845357,0.434076,-0.06588,-0.8930401,1.9425,-4.8475,-2.3275
14083,3845454,0.435296,-0.055632,-0.894748,1.96,-4.8125,-2.3275
14084,3845552,0.4331,-0.066124,-0.89182,2.1,-4.7075,-2.03
14085,3845649,0.438712,-0.060268,-0.8903561,2.0125,-4.515,-1.9425
14086,3845747,0.438468,-0.064904,-0.8935281,2.0825,-4.4975,-2.03
14087,3845844,0.443104,-0.06588,-0.889624,1.9775,-4.3925,-2.0475
14088,3845941,0.446276,-0.06270801,-0.887672,1.8375,-4.4275,-2.0825
14089,3846039,0.444568,-0.064172,-0.886452,1.8725,-4.445,-2.17
14090,3846136,0.439688,-0.061732,-0.887672,2.0125,-4.62,-2.24
14091,3846233,0.43554,-0.05978,-0.892064,2.0825,-4.7775,-2.2225
14092,3846331,0.437248,-0.061488,-0.889624,2.17,-4.7425,-2.1525
14093,3846428,0.436028,-0.060268,-0.8930401,2.1875,-4.7075,-2.1175
14094,3846526,0.44164,-0.06075601,-0.88816,2.3275,-4.7775,-2.03
14095,3846623,0.44164,-0.064416,-0.889136,2.4675,-4.9,-1.96
14096,3846720,0.440176,-0.061,-0.889868,2.38,-4.97,-1.96
14097,3846818,0.43676,-0.06344,-0.8903561,2.45,-5.11,-2.0475
14098,3846915,0.437004,-0.06344,-0.889136,2.3625,-5.1975,-2.1875
14099,3847012,0.434808,-0.062464,-0.8906,2.38,-5.18,-2.17
14100,3847110,0.4331,-0.062464,-0.89182,2.345,-5.1275,-2.1
14101,3847207,0.434808,-0.06222,-0.8903561,2.3275,-5.0225,-2.0825
14102,3847305,0.44164,-0.05929201,-0.890112,2.31,-4.9,-2.17
14103,3847402,0.438956,-0.062952,-0.892064,2.3275,-4.865,-2.1525
14104,3847499,0.438224,-0.06661201,-0.8903561,2.205,-4.9875,-2.1
14105,3847597,0.442128,-0.06563601,-0.888404,2.0475,-4.8825,-2.1525
14106,3847694,0.4404201,-0.06222,-0.891576,2.0825,-4.9175,-2.1175
14107,3847791,0.43432,-0.061976,-0.8913321,2.0825,-5.0925,-2.1
14108,3847889,0.432856,-0.061488,-0.89182,2.17,-5.0925,-2.03
14109,3847986,0.430172,-0.064172,-0.892796,2.1,-5.0225,-2.03
14110,3848084,0.43798,-0.06124401,-0.8893801,2.1175,-4.865,-2.0475
14111,3848181,0.441884,-0.063196,-0.8866961,2.2575,-4.97,-1.995
14112,3848278,0.440664,-0.061732,-0.8903561,2.2575,-5.0925,-1.995
14113,3848376,0.43798,-0.06466001,-0.892064,2.345,-5.1275,-1.9425
14114,3848473,0.438956,-0.06344,-0.8903561,2.345,-5.1625,-2.03
14115,3848570,0.436028,-0.064416,-0.887672,2.3625,-5.18,-2.0825
14116,3848668,0.43554,-0.0671,-0.889868,2.38,-5.18,-2.135
14117,3848765,0.434808,-0.06075601,-0.892796,2.2925,-5.0225,-2.1525
14118,3848863,0.433588,-0.064172,-0.8906,2.31,-4.935,-2.135
14119,3848960,0.433588,-0.063196,-0.892064,2.2575,-4.9175,-2.1
14120,3849057,0.440908,-0.061488,-0.8874281,2.275,-4.8125,-2.0475
14121,3849155,0.441884,-0.064416,-0.8908441,2.275,-4.935,-2.0475
14122,3849252,0.436272,-0.06539201,-0.8893801,2.3625,-4.97,-2.1525
14123,3849350,0.43432,-0.0671,-0.884988,2.415,-5.005,-2.1875
14124,3849447,0.43432,-0.061488,-0.889624,2.205,-5.1275,-2.1525
14125,3849544,0.425048,-0.064172,-0.891088,2.17,-5.0575,-2.135
14126,3849642,0.428708,-0.058072,-0.893284,2.0475,-4.97,-2.135
14127,3849739,0.42944,-0.06222,-0.8935281,2.0475,-4.8475,-2.0125
14128,3849837,0.435784,-0.062952,-0.889868,1.9775,-4.6725,-1.9075
14129,3849934,0.438468,-0.06539201,-0.892552,2.17,-4.41,-1.8025
14130,3850031,0.446276,-0.066856,-0.888648,2.1175,-4.4625,-1.8375
14131,3850129,0.44408,-0.069784,-0.887184,1.89,-4.5325,-1.96
14132,3850226,0.445056,-0.063196,-0.891576,1.54,-4.34,-2.2225
14133,3850324,0.446032,-0.06344,-0.892796,1.5575,-4.2175,-2.3275
14134,3850421,0.443592,-0.062952,-0.890112,1.5575,-4.165,-2.38
14135,3850518,0.439932,-0.060512,-0.887672,1.645,-4.2525,-2.2925
14136,3850616,0.432124,-0.06222,-0.891576,1.785,-4.4275,-2.345
14137,3850713,0.437736,-0.060024,-0.890112,1.855,-4.4275,-2.275
14138,3850811,0.440176,-0.05978,-0.889868,1.9775,-4.445,-2.205
14139,3850908,0.440908,-0.060512,-0.887916,2.17,-4.62,-2.1525
14140,3851005,0.44164,-0.061488,-0.887916,2.31,-4.6725,-2.0475
14141,3851103,0.443592,-0.06222,-0.884988,2.3275,-4.8825,-2.1875
14142,3851200,0.439444,-0.063684,-0.890112,2.3275,-5.11,-2.1525
14143,3851298,0.439444,-0.062952,-0.8913321,2.3975,-5.285,-2.17
14144,3851395,0.437492,-0.062464,-0.888648,2.4675,-5.32,-2.1525
14145,3851492,0.43676,-0.065148,-0.890112,2.415,-5.2675,-2.0475
14146,3851590,0.435784,-0.061976,-0.89182,2.415,-5.1275,-2.0125
14147,3851687,0.43432,-0.063684,-0.891088,2.3975,-5.0225,-2.03
14148,3851784,0.442372,-0.061488,-0.8869401,2.3275,-4.9175,-2.1525
14149,3851882,0.440908,-0.063196,-0.8903561,2.31,-4.935,-2.17
14150,3851979,0.4404201,-0.063196,-0.889624,2.24,-5.0225,-2.1875
14151,3852077,0.440176,-0.062952,-0.891576,2.1175,-5.0225,-2.1525
14152,3852174,0.4404201,-0.060512,-0.886452,2.065,-4.935,-2.1175
14153,3852271,0.436516,-0.064416,-0.885476,2.0825,-4.9875,-2.1
14154,3852369,0.43676,-0.06466001,-0.8866961,2.0825,-5.0225,-2.205
14155,3852466,0.434564,-0.059536,-0.8930401,2.03,-5.0225,-2.1875
14156,3852564,0.433832,-0.063196,-0.89182,2.1875,-4.9525,-2.17
14157,3852661,0.436516,-0.06222,-0.889624,2.1875,-4.8475,-2.135
14158,3852758,0.440664,-0.060268,-0.888404,2.31,-4.9525,-2.1175
14159,3852856,0.4392,-0.064416,-0.8913321,2.3625,-5.005,-2.03
14160,3852953,0.438468,-0.063196,-0.8893801,2.45,-5.0575,-2.1
14161,3853051,0.437248,-0.06466001,-0.8913321,2.5025,-5.25,-2.1
14162,3853148,0.432124,-0.063196,-0.8903561,2.4325,-5.3025,-2.03
14163,3853245,0.428952,-0.063196,-0.8930401,2.2925,-5.215,-2.0125
14164,3853343,0.432124,-0.061,-0.8949921,2.17,-4.97,-2.0125
14165,3853440,0.42944,-0.067832,-0.8957241,1.9775,-4.655,-2.0475
14166,3853538,0.43676,-0.063684,-0.8930401,1.9425,-4.3925,-2.1875
14167,3853635,0.438468,-0.060512,-0.8903561,2.065,-4.34,-2.135
14168,3853732,0.442128,-0.065148,-0.8893801,2.1,-4.305,-2.1
14169,3853830,0.441396,-0.063196,-0.8913321,2.17,-4.41,-2.0125
14170,3853927,0.441884,-0.062464,-0.88816,2.1875,-4.62,-2.0475
14171,3854025,0.442372,-0.061976,-0.886452,2.205,-4.6725,-2.0475
14172,3854122,0.439688,-0.063928,-0.885964,2.31,-4.83,-2.1
14173,3854219,0.438712,-0.067344,-0.8893801,2.2225,-4.7775,-2.0125
14174,3854317,0.439688,-0.06075601,-0.888648,2.2225,-4.6375,-2.065
14175,3854414,0.434808,-0.06466001,-0.891088,2.2925,-4.725,-2.0475
14176,3854512,0.437492,-0.06222,-0.893772,2.205,-4.6725,-2.135
14177,3854609,0.4404201,-0.060512,-0.8913321,2.2225,-4.62,-2.1525
14178,3854706,0.441396,-0.062464,-0.89182,2.1175,-4.4625,-2.1175
14179,3854804,0.442128,-0.06636801,-0.8893801,1.89,-4.3925,-2.065
14180,3854901,0.447008,-0.064172,-0.891088,1.8025,-4.4275,-2.17
14181,3854999,0.443348,-0.06466001,-0.88816,1.75,-4.3575,-2.205
14182,3855096,0.440908,-0.060268,-0.889868,1.89,-4.41,-2.135
14183,3855193,0.438468,-0.06466001,-0.8908441,1.9075,-4.62,-2.0825
14184,3855291,0.439444,-0.060512,-0.8906,1.995,-4.795,-2.1
14185,3855388,0.440176,-0.06222,-0.888404,2.1,-4.9875,-2.0825
14186,3855485,0.438712,-0.060024,-0.887672,2.1525,-5.1625,-2.17
14187,3855583,0.440176,-0.061732,-0.8906,2.1875,-5.2675,-2.1
14188,3855680,0.440664,-0.06466001,-0.888648,2.1875,-5.2675,-2.135
14189,3855778,0.441396,-0.06344,-0.8903561,2.1,-5.3025,-2.1875
14190,3855875,0.440176,-0.06124401,-0.8866961,2.1525,-5.46,-2.205
14191,3855972,0.432368,-0.061976,-0.89182,2.205,-5.4775,-2.275
14192,3856070,0.428708,-0.06075601,-0.8913321,2.3625,-5.4425,-2.1875
14193,3856167,0.429196,-0.06124401,-0.892796,2.3625,-5.2675,-2.1175
14194,3856265,0.438468,-0.059048,-0.8893801,2.415,-5.075,-1.995
14195,3856362,0.439444,-0.066124,-0.889868,2.4325,-4.9525,-2.03
14196,3856459,0.442616,-0.064172,-0.8869401,2.415,-4.9175,-2.0825
14197,3856557,0.440664,-0.063928,-0.8888921,2.45,-5.075,-2.17
14198,3856654,0.436272,-0.067588,-0.889136,2.45,-5.1275,-2.1875
14199,3856752,0.436028,-0.0671,-0.891088,2.3275,-5.1275,-2.205
14200,3856849,0.434564,-0.060512,-0.8930401,2.2225,-5.145,-2.31
14201,3856946,0.431392,-0.062952,-0.891088,2.205,-5.005,-2.275
14202,3857044,0.43554,-0.060024,-0.8935281,2.1525,-4.8125,-2.1875
14203,3857141,0.440176,-0.06222,-0.889624,2.275,-4.7075,-2.1175
14204,3857239,0.4404201,-0.061488,-0.8893801,2.275,-4.7075,-2.1875
14205,3857336,0.440176,-0.06270801,-0.890112,2.2575,-4.7075,-2.065
14206,3857433,0.438956,-0.063928,-0.889624,2.345,-4.935,-2.17
14207,3857531,0.438712,-0.064172,-0.892552,2.38,-4.97,-2.2225
14208,3857628,0.435052,-0.065148,-0.889868,2.345,-5.18,-2.2225
14209,3857726,0.435052,-0.062464,-0.890112,2.3975,-5.075,-2.135
14210,3857823,0.4404201,-0.063684,-0.893284,2.45,-4.97,-2.135
14211,3857920,0.440908,-0.063928,-0.8913321,2.3625,-5.0575,-2.1175
14212,3858018,0.44164,-0.06222,-0.892064,2.17,-4.97,-2.17
14213,3858115,0.44164,-0.061732,-0.8913321,2.03,-4.97,-2.24
14214,3858213,0.439688,-0.061732,-0.8913321,1.96,-5.0575,-2.1875
14215,3858310,0.434808,-0.061976,-0.8908441,1.995,-5.1275,-2.065
14216,3858407,0.435296,-0.06466001,-0.891088,2.0475,-5.075,-2.1175
14217,3858505,0.438468,-0.06075601,-0.890112,2.0825,-5.005,-2.135
14218,3858602,0.440664,-0.061,-0.888648,2.1,-4.865,-2.135
14219,3858700,0.440908,-0.067832,-0.887184,2.0825,-5.0225,-2.17
14220,3858797,0.439932,-0.063196,-0.892552,1.9775,-5.075,-2.2575
14221,3858894,0.438956,-0.064416,-0.8930401,1.855,-5.005,-2.2925
14222,3858992,0.438712,-0.06270801,-0.891576,1.855,-5.005,-2.2225
14223,3859089,0.434076,-0.06344,-0.889136,1.96,-5.04,-2.205
14224,3859187,0.435296,-0.063196,-0.89426,1.995,-4.9875,-2.17
14225,3859284,0.4392,-0.058804,-0.892552,2.17,-5.075,-2.205
14226,3859381,0.442616,-0.06222,-0.88816,2.31,-5.11,-2.2225
14227,3859479,0.439932,-0.06222,-0.888648,2.17,-5.0925,-2.17
14228,3859576,0.436028,-0.06588,-0.88816,2.135,-5.145,-2.205
14229,3859674,0.4392,-0.061976,-0.889868,2.0475,-5.11,-2.1875
14230,3859771,0.436516,-0.06344,-0.8866961,2.1,-5.04,-2.31
14231,3859868,0.434808,-0.06222,-0.8888921,2.17,-5.005,-2.345
14232,3859966,0.430172,-0.063196,-0.891088,2.2925,-5.04,-2.31
14233,3860063,0.435784,-0.061488,-0.889868,2.415,-5.0575,-2.1875
14234,3860161,0.43798,-0.06270801,-0.8903561,2.555,-5.0575,-2.1
14235,3860258,0.439932,-0.061732,-0.88816,2.485,-5.1275,-2.1
14236,3860355,0.441152,-0.06075601,-0.887916,2.205,-4.9875,-2.1875
14237,3860453,0.438712,-0.062952,-0.8913321,2.0825,-5.005,-2.1525
14238,3860550,0.440176,-0.064904,-0.8908441,1.9775,-4.9525,-2.2225
14239,3860648,0.43554,-0.061976,-0.892064,1.89,-4.8475,-2.17
14240,3860745,0.436272,-0.061732,-0.888648,2.135,-4.9875,-2.2575
14241,3860842,0.435784,-0.06222,-0.8908441,2.275,-5.145,-2.24
14242,3860940,0.441396,-0.057828,-0.89182,2.3625,-5.0925,-2.24
14243,3861037,0.4404201,-0.06832001,-0.8903561,2.3275,-5.04,-2.135
14244,3861135,0.44164,-0.06270801,-0.892308,2.03,-4.8825,-2.24
14245,3861232,0.4404201,-0.062464,-0.889136,2.065,-4.8825,-2.24
14246,3861329,0.441152,-0.061976,-0.889868,2.17,-4.97,-2.1525
14247,3861427,0.437248,-0.065148,-0.889136,2.2575,-5.1625,-2.2575
14248,3861524,0.434076,-0.059048,-0.892064,2.31,-5.2325,-2.275
14249,3861622,0.434808,-0.064416,-0.894748,2.485,-5.18,-2.2575
14250,3861719,0.438468,-0.064904,-0.894748,2.2925,-5.0925,-2.2925
14251,3861816,0.4392,-0.062952,-0.892308,2.1,-4.9175,-2.345
14252,3861914,0.43798,-0.06344,-0.892308,1.8025,-4.7425,-2.38
14253,3862011,0.440176,-0.064904,-0.8930401,1.7675,-4.62,-2.5025
14254,3862108,0.432856,-0.06075601,-0.8893801,1.6975,-4.6025,-2.6075
14255,3862206,0.431148,-0.057096,-0.888648,1.8025,-4.7075,-2.59
14256,3862303,0.437004,-0.06222,-0.89426,2.1175,-4.9,-2.4325
14257,3862401,0.438712,-0.061,-0.8903561,2.1175,-4.795,-2.415
14258,3862498,0.443348,-0.061488,-0.892308,1.995,-4.795,-2.24
14259,3862595,0.435296,-0.06563601,-0.890112,1.82,-4.8125,-2.2225
14260,3862693,0.442128,-0.062952,-0.89182,1.7675,-4.76,-2.2925
14261,3862790,0.4392,-0.06588,-0.891088,1.7325,-4.69,-2.38
14262,3862888,0.432856,-0.06270801,-0.891576,1.5925,-4.795,-2.485
14263,3862985,0.431392,-0.060512,-0.8903561,1.645,-4.9,-2.625
14264,3863082,0.436028,-0.064416,-0.891088,1.855,-4.8475,-2.45
14265,3863180,0.441396,-0.061,-0.8903561,1.785,-4.76,-2.485
14266,3863277,0.44164,-0.063684,-0.889136,1.295,-4.5675,-2.59
14267,3863375,0.441884,-0.064172,-0.8866961,1.26,-4.4975,-2.52
14268,3863472,0.4392,-0.063196,-0.892552,1.26,-4.5675,-2.6075
14269,3863569,0.4404201,-0.060024,-0.892064,1.1025,-4.445,-2.7125
14270,3863667,0.437248,-0.061732,-0.887672,1.2075,-4.4975,-2.7475
14271,3863764,0.431392,-0.05978,-0.8866961,1.4525,-4.6025,-2.765
14272,3863862,0.422608,-0.05612,-0.8908441,1.7325,-4.76,-2.6425
14273,3863959,0.428708,-0.060512,-0.887916,2.0825,-4.935,-2.5025
14274,3864056,0.434564,-0.055632,-0.8893801,2.3975,-5.0225,-2.3275
14275,3864154,0.438468,-0.06124401,-0.889136,2.4675,-5.005,-2.1875
14276,3864251,0.44164,-0.05856,-0.8869401,2.5025,-5.145,-2.1525
14277,3864349,0.433832,-0.061488,-0.8869401,2.555,-5.2675,-2.0475
14278,3864446,0.430904,-0.058316,-0.888648,2.5025,-5.3025,-2.0825
14279,3864543,0.425048,-0.056852,-0.888648,2.59,-5.355,-2.1525
14280,3864641,0.425536,-0.05929201,-0.889868,2.52,-5.4075,-2.0475
14281,3864738,0.432368,-0.058316,-0.892308,2.5725,-5.3725,-1.9775
14282,3864836,0.43676,-0.058316,-0.8903561,2.765,-5.32,-1.9775
14283,3864933,0.434808,-0.058804,-0.891576,3.115,-5.4075,-1.89
14284,3865030,0.442372,-0.06124401,-0.8893801,3.4125,-5.46,-1.9075
14285,3865128,0.4453,-0.068076,-0.8888921,3.6575,-5.5475,-1.9075
14286,3865225,0.443348,-0.06588,-0.892064,3.57,-5.565,-1.995
14287,3865323,0.440176,-0.06466001,-0.892796,3.535,-5.46,-2.1525
14288,3865420,0.441884,-0.063928,-0.88816,3.395,-5.355,-2.205
14289,3865517,0.436028,-0.062464,-0.889136,3.2025,-5.32,-2.1175
14290,3865615,0.432368,-0.060268,-0.889868,3.1675,-5.4425,-2.03
14291,3865712,0.435052,-0.058316,-0.892552,2.94,-5.355,-2.065
14292,3865810,0.436516,-0.060512,-0.8908441,2.9925,-5.18,-1.925
14293,3865907,0.438224,-0.06661201,-0.89426,3.01,-4.935,-1.855
14294,3866004,0.443592,-0.067832,-0.893284,2.5725,-4.795,-1.82
14295,3866102,0.441884,-0.063928,-0.8903561,2.0125,-4.48,-1.96
14296,3866199,0.446276,-0.064172,-0.889624,1.82,-4.48,-2.0475
14297,3866296,0.443836,-0.067344,-0.892064,1.7325,-4.515,-2.1525
14298,3866394,0.442372,-0.06075601,-0.888648,1.6625,-4.5325,-2.2225
14299,3866491,0.436028,-0.06563601,-0.892064,1.75,-4.69,-2.205
14300,3866589,0.434564,-0.06124401,-0.892796,1.7675,-4.7425,-2.3275
14301,3866686,0.436516,-0.060512,-0.892308,1.9775,-4.76,-2.2575
14302,3866783,0.440664,-0.064416,-0.892552,1.995,-4.69,-2.24
14303,3866881,0.44286,-0.061732,-0.8906,1.8725,-4.4975,-2.2225
14304,3866978,0.44286,-0.06124401,-0.893284,1.75,-4.6725,-2.17
14305,3867076,0.438224,-0.063928,-0.8893801,1.7675,-4.725,-2.2225
14306,3867173,0.437248,-0.061488,-0.887184,1.8375,-4.8125,-2.135
14307,3867270,0.430416,-0.065148,-0.8842561,1.785,-4.8825,-2.24
14308,3867368,0.429928,-0.062464,-0.885964,1.82,-4.9175,-2.24
14309,3867465,0.438712,-0.059048,-0.8888921,1.9775,-4.83,-2.2225
14310,3867563,0.438224,-0.058072,-0.888404,2.275,-4.9175,-2.1175
14311,3867660,0.440176,-0.061732,-0.8888921,2.2925,-5.0575,-2.17
14312,3867757,0.438712,-0.062464,-0.8908441,2.345,-5.11,-2.1175
14313,3867855,0.436516,-0.06075601,-0.891576,2.45,-5.1625,-2.17
14314,3867952,0.434076,-0.05978,-0.89182,2.2925,-5.1975,-2.2225
14315,3868049,0.432856,-0.061976,-0.8908441,2.31,-5.11,-2.2925
14316,3868147,0.432856,-0.062464,-0.891088,2.2575,-5.0575,-2.2225
14317,3868244,0.437004,-0.060268,-0.891088,2.1175,-4.9525,-2.205
14318,3868342,0.437492,-0.05978,-0.893772,2.17,-4.8125,-2.1875
14319,3868439,0.439444,-0.06344,-0.892552,2.065,-4.7425,-2.1175
14320,3868536,0.4404201,-0.063684,-0.892064,2.205,-4.83,-2.205
14321,3868634,0.4392,-0.061732,-0.887672,2.1875,-4.76,-2.24
14322,3868731,0.43676,-0.062464,-0.88816,2.2925,-4.8475,-2.2225
14323,3868828,0.43188,-0.06270801,-0.891576,2.17,-5.075,-2.1875
14324,3868926,0.433588,-0.06270801,-0.8935281,2.17,-4.97,-2.3275
14325,3869023,0.434808,-0.06222,-0.893284,2.205,-4.865,-2.135
14326,3869121,0.438956,-0.055632,-0.889136,2.2925,-4.7775,-2.1
14327,3869218,0.4392,-0.062952,-0.88816,2.415,-4.9525,-1.995
14328,3869315,0.440664,-0.061976,-0.892552,2.45,-4.97,-2.03
14329,3869413,0.442616,-0.065148,-0.889868,2.24,-4.9525,-2.0125
14330,3869510,0.437492,-0.064416,-0.8935281,2.17,-4.97,-2.03
14331,3869607,0.432612,-0.063196,-0.89182,2.17,-4.9875,-2.17
14332,3869705,0.430416,-0.062464,-0.889136,2.135,-5.005,-2.24
14333,3869802,0.427488,-0.062952,-0.891576,2.03,-4.8825,-2.1175
14334,3869900,0.431148,-0.058072,-0.8935281,1.995,-4.7425,-2.1525
14335,3869997,0.433832,-0.060268,-0.885964,2.1525,-4.585,-2.0125
14336,3870094,0.436272,-0.053924,-0.882304,2.2225,-4.6725,-2.1175
14337,3870192,0.435052,-0.069784,-0.88328,2.3275,-4.69,-2.03
14338,3870289,0.443348,-0.062952,-0.889136,2.205,-4.62,-2.03
14339,3870386,0.441152,-0.059536,-0.89182,2.3625,-4.8825,-2.065
14340,3870484,0.441396,-0.061732,-0.887916,2.31,-5.005,-2.0475
14341,3870581,0.437736,-0.063928,-0.892552,2.275,-5.145,-2.0475
14342,3870679,0.436028,-0.063196,-0.892552,2.31,-5.145,-2.0475
14343,3870776,0.437736,-0.06222,-0.89182,2.2925,-4.97,-2.0475
14344,3870873,0.434808,-0.063196,-0.889868,2.415,-4.9875,-2.1
14345,3870971,0.440176,-0.06344,-0.8930401,2.2575,-4.7775,-2.1175
14346,3871068,0.441152,-0.062952,-0.8930401,2.0475,-4.76,-2.0125
14347,3871165,0.439932,-0.06344,-0.8935281,1.96,-4.76,-2.1175
14348,3871263,0.4392,-0.061,-0.8903561,2.0475,-4.8125,-2.1
14349,3871360,0.4392,-0.06124401,-0.888648,2.0825,-4.8825,-2.1875
14350,3871457,0.436028,-0.061732,-0.890112,2.135,-4.9,-2.205
14351,3871555,0.430416,-0.06270801,-0.8893801,2.1,-4.9,-2.1875
14352,3871652,0.433588,-0.06124401,-0.8893801,2.1875,-4.8825,-2.0825
14353,3871750,0.435052,-0.061732,-0.893772,2.2225,-4.97,-2.1525
14354,3871847,0.437736,-0.063684,-0.889868,2.2575,-4.8125,-2.065
14355,3871944,0.437736,-0.062952,-0.8903561,2.2575,-4.865,-2.1
14356,3872042,0.438224,-0.06270801,-0.8893801,2.1525,-4.8125,-2.1175
14357,3872139,0.438956,-0.063684,-0.891088,2.135,-4.83,-2.0475
14358,3872236,0.440664,-0.061976,-0.8874281,1.9775,-4.7425,-2.1525
14359,3872334,0.438712,-0.062464,-0.8893801,2.0125,-4.69,-2.1175
14360,3872431,0.434564,-0.062464,-0.889868,2.1,-4.76,-2.1525
14361,3872528,0.437004,-0.063196,-0.8908441,2.0475,-4.865,-2.135
14362,3872626,0.435296,-0.060268,-0.892064,2.135,-4.8475,-2.1525
14363,3872723,0.437492,-0.060512,-0.89182,2.135,-4.83,-2.2225
14364,3872821,0.440176,-0.06222,-0.8949921,1.995,-4.795,-2.135
14365,3872918,0.44164,-0.061976,-0.8935281,1.7325,-4.7775,-2.1875
14366,3873015,0.438956,-0.063684,-0.893772,1.505,-4.62,-2.135
14367,3873113,0.439932,-0.06075601,-0.8930401,1.4175,-4.6375,-2.1
14368,3873210,0.43798,-0.060024,-0.889624,1.4175,-4.55,-2.1
14369,3873308,0.438712,-0.061,-0.887672,1.715,-4.515,-2.0825
14370,3873405,0.435784,-0.063196,-0.8903561,1.96,-4.655,-2.0825
14371,3873502,0.439688,-0.06344,-0.889868,2.1,-4.76,-2.1175
14372,3873600,0.44164,-0.063684,-0.892064,2.0825,-4.7425,-2.205
14373,3873697,0.44408,-0.06563601,-0.8913321,1.89,-4.725,-2.2225
14374,3873794,0.44286,-0.061488,-0.8913321,1.7675,-4.8125,-2.2925
14375,3873892,0.442128,-0.060024,-0.8906,1.715,-4.8125,-2.3625
14376,3873989,0.43798,-0.06075601,-0.8893801,1.82,-4.97,-2.4325
14377,3874087,0.427488,-0.06075601,-0.8908441,1.995,-5.075,-2.4325
14378,3874184,0.436516,-0.05978,-0.8893801,2.1875,-5.075,-2.3275
14379,3874281,0.436272,-0.05978,-0.8930401,2.31,-4.97,-2.2575
14380,3874379,0.437736,-0.064904,-0.8906,2.205,-4.8475,-2.17
14381,3874476,0.438468,-0.05929201,-0.894748,1.855,-4.7775,-2.31
14382,3874574,0.441884,-0.05856,-0.8908441,1.6975,-4.655,-2.2925
14383,3874671,0.442128,-0.061488,-0.8949921,1.6275,-4.6025,-2.275
14384,3874768,0.438712,-0.061732,-0.891088,1.5925,-4.5325,-2.205
14385,3874866,0.43676,-0.05978,-0.8908441,1.715,-4.4975,-2.1525
14386,3874963,0.433344,-0.05856,-0.883524,2.03,-4.7075,-2.1175
14387,3875061,0.429196,-0.06075601,-0.8874281,2.2225,-4.83,-2.1175
14388,3875158,0.437248,-0.05978,-0.887672,2.59,-4.9,-1.995
14389,3875255,0.435296,-0.06124401,-0.887916,2.695,-5.04,-1.96
14390,3875353,0.435784,-0.06270801,-0.8903561,2.7125,-5.0575,-2.0125
14391,3875450,0.442128,-0.062952,-0.8930401,2.38,-5.0925,-2.0475
14392,3875547,0.44286,-0.06270801,-0.8935281,2.1525,-5.0225,-2.1525
14393,3875645,0.438468,-0.064416,-0.8903561,2.17,-5.0225,-2.205
14394,3875742,0.424072,-0.058804,-0.8869401,2.1175,-5.0925,-2.1525
14395,3875840,0.443104,-0.059048,-0.882304,2.2225,-5.11,-2.1875
14396,3875937,0.425292,-0.071004,-0.8940161,2.275,-5.3025,-2.17
14397,3876034,0.431636,-0.0549,-0.892796,2.3275,-4.9875,-2.1525
14398,3876132,0.4331,-0.06222,-0.8903561,2.4675,-5.04,-2.1
14399,3876229,0.437004,-0.059048,-0.8935281,2.31,-4.935,-2.065
14400,3876327,0.4404201,-0.063196,-0.892308,2.4325,-4.9875,-2.1
14401,3876424,0.440908,-0.063928,-0.888648,2.5025,-4.9875,-2.1525
14402,3876521,0.43432,-0.06075601,-0.889868,2.4675,-5.215,-2.135
14403,3876619,0.426756,-0.06124401,-0.891576,2.52,-5.495,-2.1175
14404,3876716,0.427,-0.060024,-0.891576,2.52,-5.565,-2.1
14405,3876813,0.431148,-0.055388,-0.8930401,2.5025,-5.4775,-2.0825
14406,3876911,0.427976,-0.060024,-0.893772,2.9225,-5.5475,-1.995
14407,3877008,0.429928,-0.061976,-0.893772,3.2025,-5.4075,-1.8725
14408,3877106,0.445788,-0.063196,-0.892796,3.395,-5.215,-1.925
14409,3877203,0.447008,-0.06880801,-0.889868,3.2375,-5.0225,-1.89
14410,3877300,0.447252,-0.064904,-0.892308,2.5725,-4.865,-2.065
14411,3877398,0.447008,-0.0671,-0.889136,2.415,-4.76,-2.135
14412,3877495,0.4453,-0.061976,-0.889136,2.135,-4.7075,-2.2225
14413,3877593,0.441884,-0.06222,-0.893284,1.9425,-4.7775,-2.345
14414,3877690,0.438224,-0.061,-0.89182,1.96,-4.7425,-2.31
14415,3877788,0.440908,-0.062464,-0.8913321,1.89,-4.585,-2.345
14416,3877885,0.441152,-0.057828,-0.8913321,1.8375,-4.5675,-2.275
14417,3877982,0.437736,-0.06270801,-0.88816,1.9075,-4.83,-2.275
14418,3878079,0.434076,-0.064416,-0.892552,1.925,-4.9175,-2.24
14419,3878177,0.435296,-0.060024,-0.89182,1.9075,-4.935,-2.3275
14420,3878274,0.43066,-0.063684,-0.8906,1.89,-4.935,-2.345
14421,3878372,0.431636,-0.063928,-0.89792,1.7675,-4.7775,-2.415
14422,3878469,0.438712,-0.057584,-0.897432,1.89,-4.585,-2.38
14423,3878566,0.441396,-0.057828,-0.889868,2.0125,-4.5675,-2.24
14424,3878664,0.442372,-0.060024,-0.891576,1.995,-4.5675,-2.17
14425,3878761,0.443348,-0.061976,-0.891088,1.995,-4.6725,-2.135
14426,3878859,0.445056,-0.061,-0.890112,1.855,-4.62,-2.1875
14427,3878956,0.441396,-0.058072,-0.888404,1.925,-4.8125,-2.2225
14428,3879053,0.438956,-0.05929201,-0.8888921,2.1,-5.075,-2.31
14429,3879151,0.4392,-0.058804,-0.889136,2.1875,-5.0925,-2.3275
14430,3879248,0.435296,-0.06344,-0.8888921,2.2575,-5.075,-2.31
14431,3879346,0.43554,-0.068076,-0.889136,2.17,-5.04,-2.3275
14432,3879443,0.437736,-0.05929201,-0.89426,2.1525,-4.9525,-2.2575
14433,3879540,0.438224,-0.063928,-0.8893801,2.1875,-4.83,-1.54
14434,3879638,0.438712,-0.057828,-0.891576,2.1175,-4.7775,-2.2575
14435,3879735,0.442372,-0.060024,-0.889624,2.03,-4.83,-2.275
14436,3879832,0.438224,-0.062952,-0.8888921,2.03,-4.865,-2.24
14437,3879930,0.435296,-0.05978,-0.895236,2.03,-5.0575,-2.24
14438,3880027,0.434808,-0.058316,-0.891576,2.0825,-5.11,-2.2575
14439,3880125,0.43676,-0.052704,-0.889868,2.2575,-5.0925,-2.2575
14440,3880222,0.439444,-0.060512,-0.8903561,2.17,-4.9525,-2.205
14441,3880319,0.4392,-0.06563601,-0.8874281,2.275,-5.0225,-2.1875
14442,3880417,0.44652,-0.054168,-0.89426,2.03,-4.795,-2.205
14443,3880514,0.429684,-0.094916,-0.881816,2.0475,-5.11,-2.2225
14444,3880612,0.44286,-0.048556,-0.901336,1.6975,-4.6025,-2.135
14445,3882757,0.433344,-0.063196,-0.88816,1.96,-4.76,-2.2575
14446,3880806,0.437004,-0.050264,-0.90158,1.82,-4.9,-2.2925
14447,3880904,0.442616,-0.053192,-0.893772,3.115,-5.565,-2.24
14448,3881001,0.43432,-0.068564,-0.8874281,4.1125,-6.3875,-2.3625
14449,3881098,0.439932,-0.05929201,-0.889136,2.8525,-6.0375,-1.645
14450,3881196,0.442616,-0.06222,-0.894748,1.9075,-5.425,-2.0125
14451,3881293,0.438224,-0.07198,-0.881572,2.3975,-5.5475,-2.1175
14452,3881391,0.435052,-0.06270801,-0.8888921,2.065,-5.1975,-2.1
14453,3881488,0.418704,-0.074664,-0.868152,1.9075,-4.97,-2.2225
14454,3881585,0.43554,-0.056608,-0.8801081,1.435,-4.585,-2.2925
14455,3881683,0.4392,-0.048556,-0.891576,2.17,-5.145,-2.3625
14456,3881780,0.44164,-0.05978,-0.892308,1.96,-4.9525,-2.3625
14457,3881877,0.436272,-0.064904,-0.892796,1.715,-4.865,-2.275
14458,3881975,0.444812,-0.061488,-0.887672,1.365,-4.55,-2.555
14459,3882072,0.44286,-0.064416,-0.892552,1.0675,-4.5675,-2.4675
14460,3882170,0.439444,-0.061,-0.8954801,1.015,-4.62,-2.4675
14461,3882267,0.443592,-0.06075601,-0.888404,0.91,-4.48,-2.5025
14462,3882364,0.44286,-0.0488,-0.909144,0.63,-5.0225,-2.5725
14463,3882462,0.427732,-0.053436,-0.891088,1.12,-6.2475,-2.7475
14464,3882559,0.43432,-0.05124001,-0.896944,1.785,-5.9675,-2.695
14465,3882657,0.437736,-0.055388,-0.889136,2.3975,-5.425,-2.4675
14466,3882754,0.438956,-0.060268,-0.8852321,2.6775,-5.6,-2.3275
14467,3882851,0.430172,-0.066124,-0.880352,2.205,-5.8625,-2.31
14468,3882949,0.437492,-0.05929201,-0.9010921,0.35,-4.5325,-2.345
14469,3883046,0.42578,-0.059536,-0.888404,0.5425,-4.0775,-2.3975
14470,3883143,0.423096,-0.053924,-0.896212,0.9975,-3.43,-2.275
14471,3883241,0.429196,-0.05002,-0.894748,1.785,-3.0275,-2.2225
14472,3883338,0.435052,-0.05734,-0.8888921,2.0125,-2.87,-2.1
14473,3883435,0.490196,-0.04514,-0.8903561,1.61,-3.4475,-1.505
14474,3883533,0.45018,-0.058804,-0.912316,1.8025,-5.6,-1.9425
14475,3883630,0.444324,-0.051972,-0.896944,1.1375,-4.5675,-2.275
14476,3883728,0.441884,-0.061732,-0.8930401,1.645,-5.005,-2.205
14477,3883825,0.436516,-0.056852,-0.893284,1.89,-5.145,-2.2925
14478,3883922,0.43554,-0.058316,-0.8949921,2.205,-5.0225,-2.275
14479,3884020,0.428464,-0.01586,-0.89792,2.5025,-4.9175,-2.345
14480,3884117,0.439932,-0.053192,-0.8857201,3.36,-4.8475,-2.3625
14481,3884214,0.445056,-0.06124401,-0.879376,4.3575,-5.8275,-2.2575
14482,3884312,0.447252,-0.055144,-0.886452,3.7975,-7.1225,-2.275
14483,3884409,0.43798,-0.06466001,-0.8913321,2.695,-8.26,-2.3275
14484,3884507,0.432368,-0.062464,-0.893772,1.715,-8.19,-2.45
14485,3884604,0.438712,-0.063684,-0.902068,0.77,-6.79,-2.8525
14486,3884701,0.437248,-0.059536,-0.888648,0.9275,-6.44,-2.8875
14487,3884799,0.4392,-0.057584,-0.882548,0.8575,-6.545,-2.7125
14488,3884896,0.436516,-0.053924,-0.872056,1.4875,-7.6125,-2.5725
14489,3884993,0.4331,-0.054656,-0.884012,1.47,-9.1525,-0.315
14490,3885091,0.436028,-0.058804,-0.892064,1.2775,-10.5175,-2.5725
14491,3885188,0.434076,-0.05587601,-0.889624,0.4375,-10.955,-2.5025
14492,3885286,0.423096,-0.0549,-0.895236,0.6475,-10.9725,-2.415
14493,3885383,0.42212,-0.058072,-0.8996281,1.89,-9.0825,-2.6075
14494,3885480,0.419436,-0.05636401,-0.8862081,3.605,-6.825,-3.1325
14495,3885578,0.440176,-0.014884,-0.875228,5.95,-4.5675,-3.5875
14496,3885675,0.44408,-0.036844,-0.877668,9.765,-6.2825,-3.5525
14497,3885773,0.442616,-0.033916,-0.878888,15.89,-10.2025,-3.4125
14498,3885870,0.391132,-0.061732,-0.9242721,21.2275,-12.495,-3.99
14499,3885967,0.416264,-0.08881599,-0.8893801,20.86,-11.48,-4.55
14500,3886065,0.400892,-0.08857201,-0.8869401,10.64,-13.8075,-3.71
14501,3886162,0.416508,-0.080276,-0.905484,6.1425,-8.365,-3.9025
14502,3886260,0.438224,-0.067588,-0.914756,4.585,-3.85,-4.34
14503,3886357,0.439688,-0.053436,-0.913048,5.4425,-3.57,-3.64
14504,3886454,0.445544,-0.045628,-0.915244,10.3425,-4.55,-2.695
14505,3886552,0.429684,-0.080276,-0.9201241,15.4875,-5.88,-2.03
14506,3886649,0.419192,-0.09442801,-0.9154881,13.825,-6.7025,-1.75
14507,3886747,0.414068,-0.09150001,-0.913048,8.8025,-6.37,-1.82
14508,3886844,0.418216,-0.08296,-0.913536,4.6025,-5.565,-2.03
14509,3886941,0.423584,-0.090036,-0.9057281,2.1875,-4.48,-2.17
14510,3887039,0.427488,-0.08784,-0.898408,-0.245,-3.5875,-2.555
14511,3887136,0.436272,-0.078812,-0.901336,-2.1175,-3.57,-2.6425
14512,3887234,0.436516,-0.071004,-0.9023121,-3.185,-4.34,-2.415
14513,3887331,0.42944,-0.064904,-0.9089001,-2.8875,-4.865,-0.07
