,T,ax,ay,az,gx,gy,gz
0,583,0.4743361,-0.131272,-0.681736,11.655,-15.085,-17.185
1,730,0.494344,-0.124928,-0.753472,-7.8925,-72.6775,-114.1
2,826,0.5267961,-0.13176,-0.8025161,-71.92501,-101.325,-356.44
3,923,0.529724,-0.132248,-0.80764,18.4975,-92.85501,-71.89
4,1019,0.528992,-0.13054,-0.808372,1.33,-6.1075,-2.975
5,1116,0.528748,-0.132004,-0.807152,1.26,-5.9325,-2.695
6,1213,0.529724,-0.132492,-0.8091041,1.33,-5.9675,-2.66
7,1309,0.529968,-0.1342,-0.809836,1.3475,-5.8625,-2.6775
8,1406,0.522648,-0.127368,-0.8095921,1.2775,-5.7925,-2.7125
9,1502,0.527284,-0.134688,-0.8091041,1.4,-5.7225,-2.7125
10,1599,0.529236,-0.13176,-0.809836,1.33,-5.7575,-2.87
11,1696,0.526308,-0.132248,-0.811056,1.435,-5.705,-2.8
12,1792,0.526308,-0.130784,-0.810324,1.4525,-5.6525,-2.765
13,1889,0.528748,-0.13176,-0.809348,1.4,-5.5475,-2.8175
14,1985,0.52704,-0.132736,-0.8095921,1.4175,-5.5825,-2.8175
15,2082,0.526552,-0.13054,-0.811544,1.435,-5.5475,-2.8525
16,2179,0.528016,-0.129564,-0.812276,1.4,-5.5475,-2.87
17,2275,0.528016,-0.132004,-0.811788,1.4175,-5.495,-2.9575
18,2372,0.528992,-0.133224,-0.8108121,1.4875,-5.6,-2.905
19,2468,0.527772,-0.13176,-0.8100801,1.4175,-5.67,-2.905
20,2565,0.525576,-0.132004,-0.810568,1.47,-5.5825,-2.8
21,2661,0.5267961,-0.129808,-0.8108121,1.4525,-5.6525,-2.8525
22,2758,0.52826,-0.132736,-0.809836,1.505,-5.635,-2.87
23,2855,0.527528,-0.132248,-0.810568,1.4525,-5.495,-2.9225
24,2951,0.527528,-0.131272,-0.811056,1.505,-5.495,-2.905
25,3048,0.52826,-0.131516,-0.809836,1.5225,-5.495,-2.835
26,3145,0.527772,-0.131516,-0.811788,1.61,-5.495,-2.8175
27,3241,0.528504,-0.132736,-0.810568,1.47,-5.4425,-2.8525
28,3338,0.52826,-0.132736,-0.809836,1.5225,-5.5825,-2.8525
29,3434,0.5267961,-0.13176,-0.811056,1.5225,-5.565,-2.87
30,3531,0.52826,-0.132248,-0.809348,1.4875,-5.6525,-2.8875
31,3628,0.528748,-0.1342,-0.8108121,1.4875,-5.705,-2.8875
32,3724,0.527284,-0.132248,-0.810568,1.4175,-5.6175,-2.9225
33,3821,0.52704,-0.13054,-0.8091041,1.4525,-5.6525,-2.94
34,3917,0.526308,-0.13176,-0.811788,1.4175,-5.6875,-2.9225
35,4014,0.5267961,-0.132004,-0.810324,1.435,-5.6525,-2.8
36,4111,0.526308,-0.13176,-0.810568,1.4,-5.635,-2.765
37,4207,0.529236,-0.132248,-0.809348,1.47,-5.6525,-2.8175
38,4304,0.52704,-0.13054,-0.811544,1.4875,-5.6,-2.8
39,4400,0.528016,-0.13298,-0.8100801,1.505,-5.565,-2.8525
40,4497,0.529724,-0.132004,-0.80886,1.4525,-5.6175,-2.905
41,4594,0.527772,-0.13176,-0.8100801,1.4875,-5.565,-2.9225
42,4690,0.528504,-0.131516,-0.810568,1.5225,-5.6175,-2.8525
43,4787,0.528504,-0.131028,-0.812276,1.435,-5.6525,-2.905
44,4883,0.526552,-0.131272,-0.811544,1.47,-5.6,-2.94
45,4980,0.5267961,-0.131272,-0.813008,1.3825,-5.6175,-2.9225
46,5077,0.527528,-0.131028,-0.8108121,1.4875,-5.6875,-2.94
47,5173,0.528016,-0.132492,-0.809348,1.4875,-5.565,-2.8
48,5270,0.529236,-0.132736,-0.809836,1.4525,-5.565,-2.8875
49,5366,0.52948,-0.132492,-0.8086161,1.47,-5.6,-2.765
50,5463,0.527772,-0.132736,-0.809348,1.4175,-5.6175,-2.87
51,5560,0.527284,-0.132492,-0.811056,1.435,-5.6175,-2.8
52,5656,0.52826,-0.132492,-0.8091041,1.365,-5.6525,-2.8175
53,5753,0.5267961,-0.131028,-0.8091041,1.3825,-5.7225,-2.8
54,5849,0.52582,-0.12932,-0.810568,1.47,-5.635,-2.9225
55,5946,0.52826,-0.132492,-0.808372,1.47,-5.6,-2.8875
56,6042,0.52704,-0.129808,-0.810324,1.4,-5.5825,-2.8
57,6139,0.525332,-0.12932,-0.809348,1.4525,-5.635,-2.94
58,6236,0.528748,-0.132736,-0.809348,1.47,-5.5825,-2.8875
59,6332,0.526552,-0.13176,-0.811544,1.54,-5.5825,-2.87
60,6429,0.5267961,-0.129564,-0.80886,1.4525,-5.5475,-2.87
61,6525,0.527528,-0.131028,-0.80764,1.3825,-5.5125,-2.8875
62,6622,0.525088,-0.130784,-0.806908,1.47,-5.4775,-2.835
63,6719,0.5267961,-0.132004,-0.8100801,1.4875,-5.5475,-2.8175
64,6815,0.528016,-0.132736,-0.80764,1.4875,-5.565,-2.835
65,6912,0.528504,-0.132736,-0.80886,1.5225,-5.5475,-2.8875
66,7008,0.528504,-0.132004,-0.80886,1.47,-5.5475,-2.8875
67,7105,0.527284,-0.133468,-0.809348,1.47,-5.5825,-2.905
68,7201,0.52826,-0.131516,-0.810568,1.47,-5.495,-2.9925
69,7298,0.5267961,-0.13054,-0.809348,1.4875,-5.5125,-2.9575
70,7395,0.525332,-0.131028,-0.8066641,1.5925,-5.4775,-2.94
71,7491,0.52948,-0.13176,-0.8086161,1.54,-5.4425,-2.835
72,7588,0.528748,-0.132736,-0.8066641,1.5575,-5.5475,-2.87
73,7684,0.528992,-0.13298,-0.806908,1.4175,-5.635,-2.975
74,7781,0.5314321,-0.132248,-0.808372,1.3825,-5.565,-3.0975
75,7878,0.52826,-0.130784,-0.808372,1.435,-5.6,-3.08
76,7974,0.528748,-0.131272,-0.809348,1.4175,-5.6875,-3.15
77,8071,0.5267961,-0.130784,-0.811056,1.3475,-5.7225,-3.01
78,8167,0.529724,-0.130784,-0.80886,1.3825,-5.635,-3.01
79,8264,0.5267961,-0.131272,-0.8108121,1.4175,-5.74,-2.9575
80,8361,0.528748,-0.13298,-0.809348,1.365,-5.6525,-3.01
81,8457,0.528504,-0.131028,-0.80764,1.4175,-5.7925,-2.975
82,8554,0.528504,-0.134444,-0.8095921,1.365,-5.6525,-2.9925
83,8650,0.529236,-0.132736,-0.80886,1.4175,-5.635,-2.9225
84,8747,0.528748,-0.132736,-0.809348,1.4,-5.6875,-2.835
85,8843,0.528016,-0.131028,-0.80886,1.365,-5.6875,-2.8
86,8940,0.52948,-0.132004,-0.809348,1.4,-5.5825,-2.835
87,9037,0.52826,-0.1342,-0.8086161,1.4525,-5.6175,-2.8175
88,9133,0.52704,-0.130296,-0.808372,1.3825,-5.635,-2.8
89,9230,0.52826,-0.133956,-0.8091041,1.33,-5.6525,-2.835
90,9326,0.52948,-0.132736,-0.8091041,1.4175,-5.635,-2.8175
91,9423,0.528748,-0.132736,-0.808372,1.4175,-5.5825,-2.765
92,9520,0.52826,-0.13054,-0.8091041,1.3825,-5.67,-2.765
93,9616,0.529968,-0.131272,-0.8095921,1.435,-5.6525,-2.8
94,9713,0.528016,-0.132248,-0.80886,1.3825,-5.6525,-2.8525
95,9809,0.528748,-0.129808,-0.80886,1.4,-5.6175,-2.8
96,9906,0.530456,-0.132492,-0.8081281,1.435,-5.6175,-2.8
97,10003,0.527772,-0.13054,-0.8091041,1.505,-5.6525,-2.87
98,10099,0.5267961,-0.131516,-0.8091041,1.4175,-5.7225,-2.8525
99,10196,0.52826,-0.133712,-0.807884,1.3475,-5.6525,-2.7825
100,10292,0.52948,-0.132736,-0.808372,1.4175,-5.635,-2.8525
101,10389,0.528992,-0.13298,-0.808372,1.3825,-5.7225,-2.8175
102,10486,0.528992,-0.133468,-0.80764,1.4,-5.6875,-2.8
103,10582,0.527284,-0.13176,-0.8081281,1.33,-5.67,-2.7825
104,10679,0.527284,-0.130296,-0.806176,1.2775,-5.635,-2.765
105,10775,0.5267961,-0.131516,-0.80886,1.4175,-5.6525,-2.7825
106,10872,0.528504,-0.131516,-0.8091041,1.365,-5.7225,-2.87
107,10969,0.52826,-0.13176,-0.8108121,1.365,-5.6875,-2.87
108,11065,0.527284,-0.131028,-0.807152,1.365,-5.6525,-2.8175
109,11162,0.527772,-0.130784,-0.80886,1.3825,-5.5825,-2.8875
110,11258,0.528504,-0.132004,-0.809348,1.4,-5.6175,-2.87
111,11355,0.5267961,-0.130296,-0.806908,1.4175,-5.6,-2.8875
112,11452,0.530212,-0.131272,-0.8091041,1.47,-5.5475,-2.7825
113,11548,0.528016,-0.132004,-0.807884,1.3825,-5.705,-2.8525
114,11645,0.529968,-0.132248,-0.806908,1.4175,-5.6175,-2.9225
115,11741,0.528016,-0.13176,-0.809348,1.4525,-5.6175,-2.8525
116,11838,0.52704,-0.129564,-0.807152,1.4875,-5.705,-2.835
117,11934,0.528748,-0.132492,-0.80886,1.365,-5.53,-2.9575
118,12031,0.52826,-0.13176,-0.807396,1.435,-5.565,-2.835
119,12128,0.526552,-0.132004,-0.808372,1.3825,-5.565,-2.8525
120,12224,0.52582,-0.131516,-0.806176,1.435,-5.5825,-2.8525
121,12321,0.529724,-0.13176,-0.8091041,1.4525,-5.6525,-2.8
122,12417,0.527284,-0.130784,-0.806908,1.4875,-5.6175,-2.8
123,12514,0.528992,-0.131028,-0.8081281,1.47,-5.565,-2.94
124,12611,0.526552,-0.130784,-0.805444,1.435,-5.5475,-2.9225
125,12707,0.529724,-0.131272,-0.808372,1.435,-5.5825,-2.8875
126,12804,0.528016,-0.132004,-0.808372,1.4175,-5.6175,-2.8525
127,12900,0.528748,-0.132004,-0.807396,1.365,-5.5825,-2.905
128,12997,0.527528,-0.131272,-0.8095921,1.4175,-5.5825,-2.8525
129,13094,0.52582,-0.131272,-0.807152,1.4175,-5.705,-2.835
130,13190,0.527528,-0.132736,-0.8091041,1.435,-5.635,-2.8525
131,13287,0.528016,-0.133956,-0.8091041,1.4525,-5.6525,-2.9925
132,13383,0.527772,-0.128588,-0.806176,1.33,-5.6,-3.185
133,13480,0.52704,-0.129808,-0.80764,1.4175,-5.495,-3.01
134,13577,0.52826,-0.131272,-0.8081281,1.54,-5.46,-2.9225
135,13673,0.52948,-0.132248,-0.808372,1.6275,-5.3725,-2.8
136,13770,0.530212,-0.133224,-0.8091041,1.68,-5.4075,-2.8
137,13866,0.527284,-0.132248,-0.809836,1.6275,-5.425,-2.8
138,13963,0.527528,-0.133224,-0.8095921,1.575,-5.4775,-2.94
139,14059,0.528504,-0.132248,-0.806908,1.4875,-5.5475,-2.9925
140,14156,0.528992,-0.131272,-0.8081281,1.4875,-5.5825,-3.0975
141,14253,0.528748,-0.129808,-0.809836,1.3825,-5.6,-3.1325
142,14349,0.527284,-0.13054,-0.807884,1.4525,-5.565,-3.01
143,14446,0.529236,-0.129808,-0.8086161,1.4525,-5.6,-2.9225
144,14542,0.52826,-0.131516,-0.80886,1.47,-5.5825,-2.905
145,14639,0.52826,-0.133712,-0.80642,1.4525,-5.6525,-2.8525
146,14736,0.528504,-0.134444,-0.80764,1.47,-5.6175,-2.87
147,14832,0.529724,-0.132004,-0.807884,1.33,-5.5475,-2.9575
148,14929,0.528504,-0.13054,-0.8081281,1.4,-5.635,-2.9575
149,15025,0.527284,-0.13298,-0.806908,1.4875,-5.6525,-2.94
150,15122,0.52826,-0.129808,-0.808372,1.4875,-5.5825,-2.9225
151,15218,0.528504,-0.13176,-0.808372,1.47,-5.565,-2.835
152,15315,0.527528,-0.131272,-0.8086161,1.435,-5.6525,-2.8525
153,15412,0.531188,-0.132248,-0.808372,1.3825,-5.6175,-2.905
154,15508,0.528504,-0.131028,-0.808372,1.4175,-5.53,-2.8875
155,15605,0.529236,-0.131272,-0.8091041,1.47,-5.6,-2.87
156,15701,0.527284,-0.132736,-0.808372,1.47,-5.6875,-2.9225
157,15798,0.527528,-0.132248,-0.807396,1.4875,-5.5825,-2.905
158,15894,0.528504,-0.130784,-0.807884,1.435,-5.6,-2.8525
159,15991,0.527528,-0.131516,-0.810324,1.5225,-5.6175,-2.8175
160,16088,0.52826,-0.13054,-0.807152,1.47,-5.6175,-2.765
161,16184,0.529236,-0.132248,-0.807396,1.4875,-5.6175,-2.73
162,16281,0.528992,-0.133956,-0.807396,1.47,-5.635,-2.8175
163,16377,0.529724,-0.131516,-0.807396,1.4,-5.6525,-2.8
164,16474,0.527772,-0.130784,-0.806908,1.435,-5.67,-2.8875
165,16571,0.528748,-0.132248,-0.80764,1.4175,-5.6875,-2.94
166,16667,0.528016,-0.130784,-0.807884,1.4175,-5.635,-2.835
167,16764,0.527284,-0.130052,-0.807396,1.505,-5.6,-2.8525
168,16860,0.526552,-0.132004,-0.8066641,1.47,-5.6,-2.8525
169,16957,0.528992,-0.130784,-0.80886,1.47,-5.6175,-2.835
170,17053,0.527772,-0.131272,-0.807396,1.5575,-5.5475,-2.835
171,17150,0.52826,-0.132248,-0.8066641,1.61,-5.565,-2.835
172,17247,0.528016,-0.130296,-0.807884,1.5925,-5.5125,-2.87
173,17343,0.528504,-0.133224,-0.806908,1.54,-5.5475,-2.8175
174,17440,0.529968,-0.132492,-0.807396,1.435,-5.53,-2.9225
175,17536,0.528992,-0.130784,-0.80764,1.4525,-5.5475,-2.975
176,17633,0.528504,-0.130052,-0.8086161,1.435,-5.6525,-2.905
177,17730,0.52704,-0.132248,-0.8081281,1.4875,-5.5825,-2.905
178,17826,0.528016,-0.131272,-0.8066641,1.4875,-5.6,-2.905
179,17923,0.528992,-0.133468,-0.807884,1.54,-5.5825,-2.8875
180,18019,0.528504,-0.130296,-0.806908,1.4875,-5.6,-2.8175
181,18116,0.5267961,-0.131516,-0.806908,1.54,-5.67,-2.8525
182,18212,0.528992,-0.131028,-0.808372,1.4875,-5.6875,-2.8525
183,18309,0.528504,-0.133468,-0.8081281,1.47,-5.7225,-2.835
184,18406,0.529236,-0.131516,-0.80764,1.4525,-5.635,-2.8525
185,18502,0.528748,-0.13054,-0.807396,1.4875,-5.67,-2.905
186,18599,0.528748,-0.131028,-0.807884,1.4875,-5.6525,-2.835
187,18695,0.52582,-0.131272,-0.805932,1.3825,-5.6525,-2.8525
188,18792,0.52948,-0.128588,-0.8066641,1.435,-5.635,-2.7825
189,18889,0.529724,-0.129808,-0.807396,1.505,-5.6,-2.8175
190,18985,0.528992,-0.131516,-0.807396,1.5925,-5.5825,-2.7125
191,19082,0.528992,-0.130052,-0.80764,1.5925,-5.635,-2.695
192,19178,0.52948,-0.130296,-0.807396,1.5225,-5.6525,-2.73
193,19275,0.527772,-0.130784,-0.808372,1.47,-5.6525,-2.6775
194,19371,0.528504,-0.13054,-0.8086161,1.47,-5.6175,-2.7125
195,19468,0.528504,-0.13176,-0.806908,1.505,-5.635,-2.66
196,19565,0.528016,-0.129808,-0.8066641,1.4525,-5.74,-2.7475
197,19661,0.526552,-0.131516,-0.806176,1.4,-5.67,-2.7475
198,19758,0.526552,-0.132004,-0.80642,1.4,-5.74,-2.835
199,19854,0.528016,-0.130296,-0.8081281,1.435,-5.74,-2.8175
200,19951,0.5267961,-0.133956,-0.8081281,1.4875,-5.7225,-2.8175
201,20048,0.528748,-0.130052,-0.8081281,1.4,-5.74,-2.7825
202,20144,0.52704,-0.128832,-0.807396,1.505,-5.705,-2.7125
203,20241,0.528504,-0.130296,-0.807396,1.505,-5.6,-2.6425
204,20337,0.527772,-0.130296,-0.80642,1.505,-5.6175,-2.7125
205,20434,0.52826,-0.13054,-0.807396,1.54,-5.5825,-2.6775
206,20530,0.5307,-0.132004,-0.8086161,1.5575,-5.6525,-2.625
207,20627,0.527528,-0.133468,-0.8086161,1.5225,-5.6,-2.7125
208,20724,0.527772,-0.131028,-0.806908,1.505,-5.6875,-2.7125
209,20820,0.529968,-0.132736,-0.80764,1.47,-5.635,-2.765
210,20917,0.52826,-0.131028,-0.80886,1.435,-5.74,-2.7475
211,21013,0.526552,-0.130052,-0.8066641,1.4175,-5.705,-2.7825
212,21110,0.52826,-0.131028,-0.8091041,1.4,-5.6,-2.8
213,21207,0.52826,-0.130296,-0.8081281,1.3475,-5.5825,-2.8
214,21303,0.528016,-0.131028,-0.808372,1.435,-5.53,-2.765
215,21400,0.52826,-0.132004,-0.807396,1.4875,-5.67,-2.73
216,21496,0.528016,-0.133468,-0.8047121,1.47,-5.6,-2.695
217,21593,0.529724,-0.132248,-0.807152,1.47,-5.7575,-2.73
218,21689,0.526064,-0.13176,-0.805932,1.4175,-5.775,-2.7475
219,21786,0.52704,-0.13298,-0.8066641,1.4,-5.8275,-2.7125
220,21883,0.529236,-0.133468,-0.80764,1.33,-5.8275,-2.8175
221,21979,0.528016,-0.131272,-0.80764,1.4175,-5.845,-2.835
222,22076,0.52826,-0.131516,-0.8095921,1.365,-5.775,-2.8
223,22172,0.528016,-0.132492,-0.80764,1.435,-5.7225,-2.765
224,22269,0.526308,-0.131516,-0.806176,1.365,-5.74,-2.8
225,22365,0.526308,-0.131028,-0.805932,1.47,-5.7225,-2.8175
226,22462,0.5267961,-0.133712,-0.806908,1.505,-5.775,-2.8525
227,22559,0.526552,-0.13054,-0.805932,1.4525,-5.6525,-2.9225
228,22655,0.526552,-0.131272,-0.806908,1.4875,-5.6525,-2.9225
229,22752,0.526552,-0.131272,-0.8100801,1.5575,-5.6525,-2.905
230,22848,0.52826,-0.131272,-0.807396,1.61,-5.4775,-2.8875
231,22945,0.527284,-0.132248,-0.807396,1.645,-5.4775,-2.835
232,23042,0.528016,-0.131272,-0.807396,1.47,-5.4425,-2.835
233,23138,0.527284,-0.13298,-0.809348,1.5225,-5.425,-2.87
234,23235,0.528992,-0.132004,-0.80642,1.505,-5.425,-2.94
235,23331,0.52826,-0.133224,-0.8081281,1.5225,-5.425,-2.835
236,23428,0.527528,-0.131516,-0.8081281,1.4875,-5.5125,-2.9575
237,23524,0.528504,-0.132004,-0.807396,1.4525,-5.46,-2.9225
238,23621,0.527528,-0.133956,-0.8066641,1.5225,-5.5125,-2.87
239,23718,0.525088,-0.134444,-0.805932,1.4875,-5.4425,-2.975
240,23814,0.528748,-0.132492,-0.8066641,1.4175,-5.425,-3.15
241,23911,0.5267961,-0.130052,-0.8052,1.54,-5.4425,-3.15
242,24007,0.528992,-0.132248,-0.8081281,1.54,-5.25,-3.115
243,24104,0.52948,-0.132736,-0.807152,1.4875,-5.1975,-3.2725
244,24201,0.5246,-0.132004,-0.8066641,1.4175,-5.355,-3.2375
245,24297,0.528748,-0.13542,-0.8052,1.4525,-5.285,-3.2375
246,24394,0.527772,-0.13298,-0.8039801,1.3125,-5.46,-3.3425
247,24490,0.52826,-0.13298,-0.8025161,1.26,-5.4775,-3.3425
248,24587,0.530212,-0.129076,-0.808372,1.155,-5.6,-3.29
249,24683,0.528748,-0.130296,-0.808372,1.2775,-5.6,-3.22
250,24780,0.529968,-0.130296,-0.807396,1.295,-5.635,-3.1325
251,24877,0.529236,-0.130296,-0.807396,1.3125,-5.6175,-2.9925
252,24973,0.529724,-0.129564,-0.8066641,1.3125,-5.6,-2.975
253,25070,0.528992,-0.131516,-0.806908,1.4,-5.67,-2.905
254,25166,0.52826,-0.130784,-0.80764,1.33,-5.7225,-2.8
255,25263,0.528504,-0.131028,-0.807884,1.3125,-5.7225,-2.7825
256,25359,0.52704,-0.130296,-0.8081281,1.2775,-5.7925,-2.835
257,25456,0.529968,-0.13298,-0.807884,1.33,-5.74,-2.905
258,25553,0.52948,-0.131516,-0.808372,1.365,-5.6,-2.905
259,25649,0.528504,-0.13054,-0.807152,1.365,-5.7225,-2.8
260,25746,0.529968,-0.129808,-0.8081281,1.4525,-5.5475,-2.8
261,25842,0.52582,-0.13054,-0.808372,1.295,-5.3375,-2.7125
262,25939,0.528992,-0.128344,-0.809836,0.8925,-4.2,-2.205
263,26035,0.527772,-0.130052,-0.807884,0.6825,-3.115,-1.6975
264,26132,0.530212,-0.134932,-0.8049561,0.7875,-2.3975,-1.5225
265,26229,0.5314321,-0.133224,-0.800808,0.8575,-2.66,-1.6275
266,26325,0.532652,-0.130296,-0.803736,1.015,-3.2725,-2.03
267,26422,0.532408,-0.132248,-0.80276,1.0675,-3.8675,-2.275
268,26518,0.531188,-0.132248,-0.8025161,0.98,-4.4625,-2.5025
269,26615,0.529236,-0.132248,-0.803736,0.9975,-4.9875,-2.625
270,26712,0.531188,-0.129808,-0.8047121,0.91,-5.2675,-2.7475
271,26808,0.5314321,-0.128588,-0.8066641,0.875,-5.5825,-2.8175
272,26905,0.530212,-0.12932,-0.8047121,1.0325,-5.6175,-2.8875
273,27001,0.530212,-0.128344,-0.8081281,1.1025,-5.8275,-2.8175
274,27098,0.531188,-0.13054,-0.8039801,1.1025,-5.8975,-2.765
275,27195,0.528992,-0.129564,-0.8047121,1.12,-5.9325,-2.765
276,27291,0.52704,-0.128588,-0.8039801,1.26,-5.88,-2.8175
277,27388,0.525332,-0.134688,-0.805444,1.3825,-5.9675,-2.9925
278,27484,0.530212,-0.128832,-0.806908,1.295,-5.88,-3.115
279,27581,0.52948,-0.127368,-0.805444,1.435,-5.8625,-3.115
280,27678,0.529724,-0.129076,-0.806176,1.505,-5.7575,-3.0975
281,27774,0.531188,-0.130784,-0.803736,1.5575,-5.74,-3.01
282,27871,0.530456,-0.131516,-0.8030041,1.645,-5.8275,-2.9575
283,27967,0.528016,-0.131272,-0.805688,1.715,-5.95,-3.0275
284,28064,0.531188,-0.133956,-0.805688,1.5925,-5.985,-3.1325
285,28161,0.52826,-0.131028,-0.8047121,1.505,-6.02,-3.22
286,28257,0.531676,-0.13054,-0.8044681,1.365,-6.0725,-3.1675
287,28354,0.529968,-0.132736,-0.8047121,1.4,-6.2125,-3.1675
288,28450,0.5307,-0.130052,-0.805688,1.3825,-6.335,-3.1675
289,28547,0.5307,-0.131028,-0.803736,1.3475,-6.405,-3.115
290,28644,0.529236,-0.129808,-0.806908,1.3475,-6.405,-3.115
291,28740,0.529724,-0.130296,-0.806908,1.3475,-6.3,-3.0625
292,28837,0.528992,-0.13054,-0.806908,1.4175,-6.3525,-3.045
293,28933,0.528992,-0.132004,-0.807152,1.4175,-6.335,-2.9575
294,29030,0.52826,-0.12932,-0.805688,1.3825,-6.195,-3.0275
295,29126,0.5267961,-0.131272,-0.807152,1.3475,-6.23,-3.045
296,29223,0.527528,-0.12932,-0.806176,1.2775,-6.195,-2.9225
297,29320,0.526064,-0.12932,-0.8047121,1.365,-6.23,-2.9575
298,29416,0.52826,-0.130784,-0.8039801,1.3125,-6.1425,-2.94
299,29513,0.528016,-0.128588,-0.805688,1.3125,-6.125,-2.9225
300,29609,0.52826,-0.130052,-0.808372,1.4175,-6.0375,-2.94
301,29706,0.528504,-0.13054,-0.806908,1.435,-6.055,-2.905
302,29803,0.527772,-0.12932,-0.806908,1.365,-6.09,-2.9575
303,29899,0.527528,-0.129076,-0.80764,1.2775,-5.9675,-2.9225
304,29996,0.529724,-0.130296,-0.8044681,1.3475,-5.985,-2.905
305,30092,0.527528,-0.130052,-0.806908,1.435,-5.9325,-2.8175
306,30189,0.528504,-0.131272,-0.807884,1.4175,-5.915,-2.8525
307,30286,0.527772,-0.129076,-0.80764,1.4,-5.8625,-2.8525
308,30382,0.528504,-0.13298,-0.80764,1.4875,-5.7225,-2.8
309,30479,0.52826,-0.131028,-0.80886,1.54,-5.705,-2.835
310,30575,0.529236,-0.131028,-0.80764,1.435,-5.7225,-2.9225
311,30672,0.52704,-0.12932,-0.805444,1.5225,-5.635,-2.7825
312,30768,0.529236,-0.131516,-0.8081281,1.5925,-5.6525,-2.73
313,30865,0.528992,-0.130296,-0.806908,1.4525,-5.6175,-2.765
314,30962,0.529236,-0.128588,-0.807884,1.4525,-5.6525,-2.87
315,31058,0.52582,-0.13054,-0.8086161,1.33,-5.4425,-2.8
316,31155,0.529724,-0.121268,-0.8066641,0.8225,-3.78,-2.135
317,31251,0.528748,-0.131272,-0.803248,0.9275,-2.66,-1.75
318,31348,0.530456,-0.133956,-0.805688,1.0675,-3.535,-1.96
319,31445,0.53192,-0.131272,-0.803248,1.1725,-4.235,-2.2225
320,31541,0.5314321,-0.129564,-0.806908,1.1375,-4.8825,-2.4325
321,31638,0.529724,-0.129564,-0.806908,1.1375,-5.18,-2.6775
322,31734,0.52948,-0.129808,-0.8052,1.225,-5.425,-2.765
323,31831,0.529968,-0.128832,-0.807152,1.1725,-5.53,-2.87
324,31927,0.5307,-0.12932,-0.8052,1.225,-5.635,-2.905
325,32024,0.530456,-0.130784,-0.803736,1.295,-5.7575,-2.905
326,32121,0.52948,-0.130052,-0.806176,1.33,-5.845,-2.835
327,32217,0.530212,-0.129808,-0.8052,1.365,-5.95,-2.8175
328,32314,0.527772,-0.13054,-0.807396,1.4,-6.02,-2.7825
329,32410,0.52826,-0.131272,-0.80764,1.3475,-5.985,-2.835
330,32507,0.529236,-0.127856,-0.805688,1.4,-6.055,-2.905
331,32604,0.526552,-0.130052,-0.806176,1.365,-6.125,-3.08
332,32700,0.531188,-0.130784,-0.8039801,1.435,-6.2825,-3.1325
333,32797,0.527528,-0.129564,-0.805688,1.4875,-6.3,-3.0275
334,32893,0.528504,-0.130296,-0.807884,1.505,-6.37,-3.08
335,32990,0.527284,-0.130052,-0.805932,1.5225,-6.4575,-3.08
336,33086,0.527284,-0.130296,-0.8044681,1.575,-6.44,-3.115
337,33183,0.529724,-0.130784,-0.806908,1.5225,-6.51,-3.0625
338,33280,0.528016,-0.126636,-0.8052,1.4175,-6.3525,-3.045
339,33376,0.528992,-0.128344,-0.805688,1.4875,-6.3175,-3.01
340,33473,0.530456,-0.128588,-0.806176,1.54,-6.2475,-3.01
341,33569,0.530212,-0.1281,-0.8066641,1.5225,-6.1425,-2.905
342,33666,0.529236,-0.129076,-0.80764,1.505,-5.985,-2.8175
343,33763,0.527772,-0.12932,-0.805688,1.54,-5.95,-2.7825
344,33859,0.528992,-0.128588,-0.80642,1.47,-5.88,-2.765
345,33956,0.52948,-0.13176,-0.80764,1.435,-5.845,-2.7125
346,34052,0.528992,-0.131028,-0.8081281,1.4525,-5.8275,-2.695
347,34149,0.529236,-0.132004,-0.808372,1.365,-5.81,-2.765
348,34246,0.528016,-0.131516,-0.8086161,1.4175,-5.8275,-2.765
349,34342,0.527528,-0.128832,-0.8086161,1.3825,-5.81,-2.835
350,34439,0.528992,-0.1281,-0.805932,1.3475,-5.74,-2.87
351,34535,0.52826,-0.128344,-0.8066641,1.4,-5.7225,-2.835
352,34632,0.528016,-0.1281,-0.8049561,1.5225,-5.6525,-2.8
353,34728,0.528016,-0.127124,-0.8044681,1.505,-5.6525,-2.6775
354,34825,0.528016,-0.130052,-0.807152,1.4175,-5.6,-2.695
355,34922,0.52948,-0.13176,-0.807396,1.4525,-5.565,-2.73
356,35018,0.528748,-0.130296,-0.80642,1.4875,-5.67,-2.7825
357,35115,0.527772,-0.130296,-0.805932,1.4,-5.7225,-2.7125
358,35211,0.52826,-0.13176,-0.8086161,1.3825,-5.775,-2.8175
359,35308,0.528748,-0.129076,-0.8052,1.435,-5.81,-2.8
360,35404,0.529236,-0.129808,-0.80764,1.47,-5.81,-2.835
361,35501,0.527528,-0.131028,-0.808372,1.4175,-5.6525,-2.695
362,35598,0.529724,-0.12932,-0.8081281,1.435,-5.7925,-2.66
363,35694,0.52704,-0.131516,-0.809348,1.435,-5.9325,-2.695
364,35791,0.528748,-0.132492,-0.808372,1.4,-5.81,-2.695
365,35887,0.525576,-0.127856,-0.8081281,1.3475,-5.7925,-2.7475
366,35984,0.527284,-0.132248,-0.8081281,1.3825,-5.845,-2.73
367,36081,0.529968,-0.129076,-0.8066641,1.26,-5.775,-2.8
368,36177,0.527772,-0.129076,-0.809836,1.33,-5.8625,-2.765
369,36274,0.528748,-0.130052,-0.8086161,1.295,-5.775,-2.7125
370,36370,0.526064,-0.1281,-0.807152,1.3475,-5.8625,-2.7125
371,36467,0.52704,-0.129564,-0.806176,1.3475,-5.8625,-2.7125
372,36564,0.527284,-0.131028,-0.807396,1.3475,-5.8275,-2.625
373,36660,0.526308,-0.129076,-0.805932,1.4525,-5.7575,-2.6775
374,36757,0.52704,-0.130784,-0.80764,1.3825,-5.775,-2.73
375,36853,0.527528,-0.13054,-0.807152,1.4525,-5.67,-2.695
376,36950,0.527284,-0.129076,-0.805932,1.4,-5.67,-2.765
377,37046,0.528748,-0.13054,-0.805444,1.4875,-5.7225,-2.835
378,37143,0.52948,-0.127368,-0.805688,1.4175,-5.7575,-2.7825
379,37240,0.528016,-0.129076,-0.80764,1.505,-5.775,-2.8525
380,37336,0.5267961,-0.13054,-0.806176,1.4875,-5.7575,-2.7475
381,37433,0.526308,-0.130296,-0.805688,1.5225,-5.775,-2.8175
382,37529,0.528992,-0.132248,-0.8081281,1.47,-5.8275,-2.87
383,37626,0.52948,-0.127612,-0.806908,1.4525,-5.6175,-2.8875
384,37722,0.52826,-0.12688,-0.8047121,1.5225,-5.5475,-2.8525
385,37819,0.528504,-0.129076,-0.806908,1.5575,-5.4425,-2.765
386,37916,0.52704,-0.132004,-0.80642,1.54,-5.4775,-2.765
387,38012,0.527284,-0.13176,-0.8086161,1.5225,-5.4775,-2.7475
388,38109,0.527528,-0.131028,-0.80642,1.4875,-5.53,-2.73
389,38205,0.526308,-0.129076,-0.805932,1.505,-5.53,-2.8
390,38302,0.527284,-0.130296,-0.80886,1.47,-5.6175,-2.8
391,38399,0.527772,-0.131272,-0.807884,1.47,-5.6175,-2.73
392,38495,0.526064,-0.131272,-0.806176,1.5575,-5.6,-2.8175
393,38592,0.526308,-0.128344,-0.805688,1.505,-5.565,-2.87
394,38688,0.525088,-0.131272,-0.80764,1.5225,-5.5825,-2.8175
395,38785,0.529236,-0.130784,-0.80764,1.575,-5.495,-2.8875
396,38882,0.527528,-0.126148,-0.80642,1.54,-5.495,-2.87
397,38978,0.530212,-0.128832,-0.8081281,1.575,-5.53,-2.7825
398,39075,0.529236,-0.128832,-0.80764,1.61,-5.53,-2.695
399,39171,0.529236,-0.132248,-0.806908,1.5925,-5.46,-2.73
400,39268,0.528016,-0.131272,-0.805932,1.5575,-5.53,-2.7825
401,39364,0.5246,-0.132492,-0.805444,1.5225,-5.5825,-2.8175
402,39461,0.526064,-0.131028,-0.806908,1.5225,-5.67,-2.7825
403,39558,0.528016,-0.130784,-0.807884,1.505,-5.7575,-2.8525
404,39654,0.527772,-0.132248,-0.808372,1.4525,-5.74,-2.905
405,39751,0.527528,-0.132004,-0.80764,1.435,-5.6,-2.8175
406,39847,0.528016,-0.130052,-0.80764,1.4,-5.565,-2.835
407,39944,0.52704,-0.129808,-0.807396,1.4875,-5.565,-2.8525
408,40041,0.52948,-0.129076,-0.8066641,1.47,-5.5825,-2.835
409,40137,0.527528,-0.129808,-0.806176,1.5225,-5.5825,-2.7125
410,40234,0.527284,-0.130784,-0.806176,1.4875,-5.6175,-2.8
411,40330,0.527284,-0.132004,-0.806908,1.435,-5.6525,-2.835
412,40427,0.528992,-0.130052,-0.807152,1.4,-5.74,-2.8175
413,40524,0.528748,-0.1281,-0.80642,1.4,-5.74,-2.8
414,40620,0.527528,-0.127856,-0.805932,1.4175,-5.705,-2.8175
415,40717,0.527284,-0.130784,-0.807884,1.3825,-5.635,-2.87
416,40813,0.528992,-0.129564,-0.80886,1.435,-5.67,-2.8
417,40910,0.5267961,-0.130296,-0.806176,1.4875,-5.67,-2.7475
418,41007,0.527528,-0.128344,-0.8052,1.505,-5.635,-2.73
419,41103,0.525088,-0.131516,-0.807152,1.5225,-5.6175,-2.8
420,41200,0.527772,-0.128832,-0.8052,1.5575,-5.53,-2.765
421,41296,0.528016,-0.130296,-0.80886,1.5225,-5.5825,-2.7125
422,41393,0.525576,-0.131272,-0.805444,1.5925,-5.5825,-2.7825
423,41489,0.528992,-0.130052,-0.8081281,1.4875,-5.5475,-2.8175
424,41586,0.529236,-0.128832,-0.807152,1.4875,-5.565,-2.8525
425,41683,0.528992,-0.13176,-0.809348,1.575,-5.46,-2.8
426,41779,0.528504,-0.130052,-0.805688,1.61,-5.4425,-2.73
427,41876,0.525332,-0.126392,-0.803736,1.5925,-5.4425,-2.695
428,41972,0.525332,-0.13298,-0.8086161,1.7325,-5.3375,-2.765
429,42069,0.524112,-0.132004,-0.8095921,1.8375,-5.32,-2.94
430,42166,0.5267961,-0.121512,-0.803736,1.8375,-5.355,-3.0975
431,42262,0.528016,-0.134688,-0.810324,2.135,-5.1625,-2.8875
432,42359,0.527528,-0.125416,-0.805444,2.135,-5.11,-2.73
433,42455,0.528504,-0.132736,-0.8052,2.0125,-5.18,-2.7475
434,42552,0.5309441,-0.135664,-0.80642,1.89,-5.215,-2.8
435,42648,0.529236,-0.13176,-0.805932,1.68,-5.355,-2.905
436,42745,0.530212,-0.130784,-0.8066641,1.54,-5.565,-2.9925
437,42842,0.528504,-0.129808,-0.806176,1.5575,-5.6,-2.975
438,42938,0.528992,-0.132004,-0.807884,1.4175,-5.775,-3.0275
439,43035,0.528748,-0.127368,-0.805688,1.3475,-5.845,-2.9925
440,43131,0.528992,-0.131028,-0.8047121,1.4525,-5.6525,-2.7825
441,43228,0.528016,-0.130052,-0.80764,1.47,-5.705,-2.7825
442,43324,0.529236,-0.128832,-0.807152,1.4525,-5.6,-2.8525
443,43421,0.528748,-0.13054,-0.806908,1.5575,-5.565,-2.8
444,43518,0.528748,-0.13054,-0.806908,1.5575,-5.6,-2.73
445,43614,0.527772,-0.132004,-0.8066641,1.505,-5.67,-2.73
446,43711,0.52948,-0.129808,-0.8066641,1.4175,-5.67,-2.73
447,43807,0.530456,-0.130052,-0.807152,1.4175,-5.67,-2.7825
448,43904,0.529724,-0.130784,-0.807152,1.4525,-5.74,-2.7125
449,44001,0.528016,-0.131272,-0.80764,1.3825,-5.6525,-2.7125
450,44097,0.52948,-0.132004,-0.80764,1.4175,-5.74,-2.6775
451,44194,0.527772,-0.128588,-0.807884,1.3825,-5.7225,-2.59
452,44290,0.52826,-0.13054,-0.808372,1.435,-5.67,-2.5375
453,44387,0.52826,-0.131516,-0.806908,1.4175,-5.67,-2.5725
454,44484,0.5267961,-0.131516,-0.806908,1.435,-5.67,-2.5375
455,44580,0.528016,-0.13176,-0.80764,1.4,-5.705,-2.6775
456,44677,0.528504,-0.132492,-0.806908,1.3825,-5.705,-2.6075
457,44773,0.528504,-0.13176,-0.80764,1.4175,-5.74,-2.6775
458,44870,0.529724,-0.130052,-0.8066641,1.4525,-5.635,-2.7825
459,44967,0.52704,-0.130296,-0.80642,1.4525,-5.775,-2.905
460,45063,0.527284,-0.128832,-0.803248,1.4175,-5.6175,-2.73
461,45160,0.528504,-0.130296,-0.805932,1.4,-5.5825,-2.73
462,45256,0.52826,-0.131516,-0.80764,1.4175,-5.6175,-2.8
463,45353,0.528504,-0.131272,-0.807396,1.365,-5.705,-2.8175
464,45449,0.529236,-0.13176,-0.8081281,1.4,-5.6875,-2.765
465,45546,0.528992,-0.132004,-0.80764,1.4,-5.67,-2.7475
466,45643,0.5267961,-0.130052,-0.805932,1.3475,-5.7925,-2.7125
467,45739,0.526064,-0.131272,-0.806908,1.4175,-5.7225,-2.695
468,45836,0.52826,-0.13298,-0.80642,1.435,-5.67,-2.6425
469,45932,0.529236,-0.127856,-0.80642,1.3475,-5.6525,-2.73
470,46029,0.52826,-0.132492,-0.807152,1.3825,-5.6525,-2.7825
471,46126,0.527528,-0.130784,-0.806908,1.4,-5.6525,-2.765
472,46222,0.52826,-0.132736,-0.8066641,1.4875,-5.635,-2.835
473,46319,0.528748,-0.129076,-0.808372,1.47,-5.705,-2.9225
474,46415,0.528748,-0.129808,-0.80886,1.4175,-5.6875,-2.8525
475,46512,0.525088,-0.131516,-0.80642,1.435,-5.6525,-2.765
476,46609,0.527284,-0.1281,-0.8047121,1.505,-5.6,-2.87
477,46705,0.526308,-0.13054,-0.80642,1.435,-5.53,-2.7825
478,46802,0.5267961,-0.132248,-0.806908,1.505,-5.705,-2.8175
479,46898,0.528016,-0.128344,-0.8066641,1.4875,-5.635,-2.835
480,46995,0.527772,-0.129564,-0.8039801,1.47,-5.67,-2.8
481,47091,0.52704,-0.132248,-0.8086161,1.435,-5.5825,-2.765
482,47188,0.528748,-0.1342,-0.808372,1.4875,-5.635,-2.765
483,47285,0.526552,-0.131516,-0.806908,1.4175,-5.565,-2.87
484,47381,0.52826,-0.132248,-0.806908,1.47,-5.5825,-2.7825
485,47478,0.527528,-0.130784,-0.805688,1.4875,-5.5825,-2.9225
486,47574,0.527284,-0.132248,-0.8066641,1.4875,-5.635,-2.8875
487,47671,0.529236,-0.129076,-0.80764,1.505,-5.635,-2.975
488,47768,0.52948,-0.127368,-0.806176,1.575,-5.565,-2.9225
489,47864,0.527284,-0.129076,-0.807152,1.6975,-5.5475,-2.765
490,47961,0.526308,-0.12932,-0.803736,1.68,-5.4075,-2.695
491,48057,0.527772,-0.132736,-0.80764,1.5925,-5.5125,-2.7125
492,48154,0.527528,-0.130052,-0.806176,1.5575,-5.4075,-2.7475
493,48251,0.528504,-0.132492,-0.807884,1.6275,-5.4425,-2.8175
494,48347,0.528992,-0.131272,-0.807884,1.5575,-5.46,-3.0275
495,48444,0.528748,-0.128344,-0.80642,1.505,-5.4775,-2.94
496,48540,0.527772,-0.130052,-0.8086161,1.505,-5.425,-2.905
497,48637,0.529236,-0.127612,-0.80642,1.5225,-5.425,-2.87
498,48734,0.52948,-0.129564,-0.80642,1.5225,-5.495,-2.8
499,48830,0.52948,-0.131272,-0.804224,1.4525,-5.5825,-2.8
500,48927,0.528016,-0.13298,-0.80642,1.33,-5.5125,-2.8525
501,49023,0.526064,-0.131028,-0.805688,1.3475,-5.6175,-2.905
502,49120,0.526552,-0.13054,-0.80764,1.3475,-5.635,-2.905
503,49216,0.528504,-0.13176,-0.8081281,1.365,-5.6875,-3.01
504,49313,0.527528,-0.129808,-0.80642,1.365,-5.6525,-2.87
505,49410,0.526308,-0.130052,-0.806176,1.4,-5.6525,-2.9225
506,49506,0.526308,-0.130784,-0.80642,1.435,-5.6175,-2.94
507,49603,0.529724,-0.129808,-0.807884,1.4,-5.67,-2.905
508,49699,0.529236,-0.131028,-0.8086161,1.4875,-5.565,-2.8175
509,49796,0.52826,-0.132492,-0.80764,1.505,-5.565,-2.8
510,49893,0.52826,-0.132248,-0.8066641,1.4525,-5.565,-2.7825
511,49989,0.528992,-0.13054,-0.805932,1.4175,-5.5825,-2.8
512,50086,0.527772,-0.13054,-0.807396,1.47,-5.5475,-2.7475
513,50182,0.5267961,-0.13054,-0.806908,1.54,-5.635,-2.7825
514,50279,0.528016,-0.130784,-0.80764,1.47,-5.5475,-2.835
515,50376,0.528016,-0.130052,-0.8066641,1.4875,-5.6525,-2.765
516,50472,0.528748,-0.129076,-0.807884,1.505,-5.5475,-2.7825
517,50569,0.5267961,-0.131028,-0.80642,1.47,-5.5825,-2.7125
518,50665,0.527528,-0.132248,-0.807396,1.4875,-5.5475,-2.7475
519,50762,0.528016,-0.130784,-0.80642,1.505,-5.53,-2.8
520,50859,0.529236,-0.130296,-0.808372,1.54,-5.495,-2.8175
521,50955,0.529236,-0.131272,-0.807152,1.645,-5.495,-2.8175
522,51052,0.527528,-0.13176,-0.8066641,1.54,-5.5825,-2.8525
523,51148,0.52948,-0.132004,-0.80764,1.47,-5.6175,-2.8525
524,51245,0.5309441,-0.12932,-0.806908,1.4175,-5.5475,-2.8
525,51341,0.5267961,-0.131516,-0.806176,1.47,-5.5825,-2.7825
526,51438,0.528504,-0.131028,-0.8066641,1.4,-5.6,-2.765
527,51535,0.526552,-0.128588,-0.8039801,1.4875,-5.6875,-2.7825
528,51631,0.52582,-0.133468,-0.806176,1.54,-5.565,-2.8
529,51728,0.5267961,-0.128588,-0.805688,1.4875,-5.635,-3.01
530,51824,0.527772,-0.131028,-0.807152,1.575,-5.4425,-3.01
531,51921,0.527528,-0.133956,-0.8086161,1.6625,-5.39,-2.94
532,52018,0.530212,-0.13054,-0.807152,1.6975,-5.2325,-2.87
533,52114,0.52948,-0.131516,-0.805444,1.715,-5.285,-2.905
534,52211,0.52826,-0.132736,-0.8049561,1.61,-5.39,-2.835
535,52307,0.529236,-0.132736,-0.803736,1.5575,-5.5475,-3.01
536,52404,0.528992,-0.133224,-0.805932,1.5225,-5.6,-3.08
537,52501,0.528992,-0.129808,-0.806176,1.4875,-5.5825,-3.045
538,52597,0.530212,-0.130784,-0.805932,1.47,-5.5825,-2.9925
539,52694,0.52948,-0.129564,-0.8081281,1.4525,-5.6,-2.94
540,52790,0.52948,-0.129076,-0.80642,1.47,-5.5475,-2.835
541,52887,0.527772,-0.130784,-0.8066641,1.5225,-5.5825,-2.7475
542,52983,0.528504,-0.131028,-0.806908,1.47,-5.67,-2.7475
543,53080,0.528748,-0.133224,-0.808372,1.505,-5.5825,-2.8525
544,53177,0.526552,-0.131516,-0.805932,1.4875,-5.5825,-2.94
545,53273,0.527284,-0.131028,-0.807152,1.5225,-5.5125,-2.975
546,53370,0.528992,-0.129076,-0.80642,1.5225,-5.53,-3.0275
547,53466,0.527284,-0.129564,-0.805444,1.6625,-5.425,-2.9575
548,53563,0.52948,-0.131272,-0.80642,1.715,-5.3725,-2.8
549,53660,0.529724,-0.12932,-0.8066641,1.645,-5.285,-2.905
550,53756,0.531188,-0.13176,-0.803736,1.6625,-5.39,-2.905
551,53853,0.527772,-0.132248,-0.8052,1.61,-5.4425,-2.8175
552,53949,0.52826,-0.131272,-0.80642,1.575,-5.4775,-2.7825
553,54046,0.529236,-0.129808,-0.807884,1.4525,-5.53,-2.87
554,54143,0.530456,-0.13054,-0.806908,1.435,-5.67,-2.87
555,54239,0.530212,-0.130052,-0.8081281,1.435,-5.6525,-2.835
556,54336,0.530212,-0.132248,-0.803248,1.4875,-5.6175,-2.7125
557,54432,0.531188,-0.129564,-0.8030041,1.47,-5.705,-2.7125
558,54529,0.528992,-0.13298,-0.807152,1.3475,-5.7925,-2.73
559,54626,0.527284,-0.130784,-0.805932,1.4,-5.7575,-2.695
560,54722,0.527772,-0.132492,-0.8066641,1.4,-5.705,-2.695
561,54819,0.529968,-0.133224,-0.807396,1.3475,-5.6525,-2.7475
562,54915,0.528748,-0.13054,-0.80764,1.4875,-5.705,-2.73
563,55012,0.529724,-0.131028,-0.8066641,1.4,-5.6875,-2.7125
564,55109,0.529968,-0.130784,-0.807152,1.3475,-5.74,-2.6775
565,55205,0.529968,-0.13054,-0.8052,1.33,-5.74,-2.6775
566,55302,0.528504,-0.13298,-0.807152,1.4525,-5.7225,-2.66
567,55398,0.52704,-0.13176,-0.8052,1.47,-5.7225,-2.695
568,55495,0.528992,-0.131028,-0.80764,1.3125,-5.7575,-2.73
569,55591,0.529724,-0.13054,-0.807396,1.3825,-5.7575,-2.7475
570,55688,0.529724,-0.131516,-0.807396,1.435,-5.775,-2.765
571,55785,0.5307,-0.12932,-0.806176,1.4,-5.88,-2.8175
572,55881,0.52826,-0.130784,-0.807152,1.3825,-5.7925,-2.695
573,55978,0.527772,-0.13054,-0.807152,1.4525,-5.7575,-2.66
574,56074,0.529724,-0.132736,-0.8081281,1.3125,-5.8275,-2.6425
575,56171,0.528748,-0.130296,-0.806176,1.3475,-5.8275,-2.835
576,56268,0.527772,-0.130296,-0.805444,1.3125,-5.775,-2.8
577,56364,0.5267961,-0.131028,-0.8066641,1.365,-5.8275,-2.695
578,56461,0.528992,-0.13176,-0.807396,1.33,-5.845,-2.73
579,56557,0.527772,-0.130296,-0.807152,1.26,-5.8625,-2.7475
580,56654,0.527772,-0.130052,-0.80642,1.2425,-5.88,-2.73
581,56751,0.52826,-0.131516,-0.8081281,1.295,-5.88,-2.8175
582,56847,0.52704,-0.127368,-0.8047121,1.365,-5.8275,-2.8175
583,56944,0.529236,-0.131272,-0.8066641,1.435,-5.775,-2.765
584,57040,0.526552,-0.131028,-0.805688,1.435,-5.6525,-2.8
585,57137,0.527284,-0.130296,-0.806908,1.3475,-5.635,-2.7475
586,57234,0.527772,-0.131028,-0.808372,1.33,-5.705,-2.765
587,57330,0.52826,-0.13176,-0.8066641,1.3825,-5.6875,-2.73
588,57427,0.526064,-0.1281,-0.8030041,1.4175,-5.7925,-2.6775
589,57523,0.5267961,-0.131272,-0.80642,1.365,-5.8275,-2.695
590,57620,0.527772,-0.130784,-0.807396,1.4175,-5.7225,-2.6775
591,57717,0.52704,-0.13054,-0.8066641,1.365,-5.705,-2.695
592,57813,0.528016,-0.12932,-0.806908,1.4175,-5.7225,-2.695
593,57910,0.528992,-0.132736,-0.80764,1.4,-5.7225,-2.695
594,58006,0.526552,-0.131272,-0.8066641,1.33,-5.635,-2.7825
595,58103,0.528016,-0.129808,-0.805932,1.365,-5.705,-2.835
596,58200,0.52948,-0.131028,-0.806908,1.4175,-5.5825,-2.8
597,58296,0.527528,-0.132492,-0.8081281,1.505,-5.5825,-2.6425
598,58393,0.529236,-0.132004,-0.80642,1.435,-5.67,-2.6425
599,58489,0.528992,-0.130052,-0.807884,1.3825,-5.67,-2.66
600,58586,0.5267961,-0.133224,-0.806176,1.365,-5.6175,-2.6425
601,58682,0.528016,-0.132248,-0.807884,1.365,-5.74,-2.7475
602,58779,0.525576,-0.130296,-0.8047121,1.365,-5.6875,-2.8525
603,58876,0.527528,-0.131272,-0.807396,1.295,-5.6175,-2.8175
604,58972,0.528504,-0.132736,-0.806908,1.365,-5.6875,-2.765
605,59069,0.528992,-0.132248,-0.806908,1.365,-5.705,-2.8175
606,59166,0.528504,-0.129076,-0.8066641,1.4875,-5.6525,-2.765
607,59262,0.528992,-0.130052,-0.807396,1.4525,-5.635,-2.8
608,59359,0.52826,-0.130784,-0.806908,1.435,-5.7225,-2.8175
609,59455,0.527528,-0.131272,-0.805688,1.33,-5.705,-2.8
610,59552,0.528016,-0.13054,-0.806176,1.47,-5.5825,-2.73
611,59648,0.52704,-0.131028,-0.807884,1.47,-5.6,-2.765
612,59745,0.527284,-0.130052,-0.805932,1.3825,-5.53,-2.8
613,59842,0.528748,-0.131272,-0.808372,1.3475,-5.6175,-2.8
614,59938,0.528504,-0.12932,-0.80886,1.3475,-5.6525,-2.8175
615,60035,0.526308,-0.13054,-0.806176,1.2775,-5.6875,-2.87
616,60131,0.5267961,-0.130784,-0.80642,1.295,-5.565,-2.7825
617,60228,0.526064,-0.131272,-0.806176,1.295,-5.7925,-2.6425
618,60325,0.528992,-0.132248,-0.806908,1.365,-5.7575,-2.7475
619,60421,0.528504,-0.132004,-0.805932,1.3825,-5.775,-2.8175
620,60518,0.528016,-0.130052,-0.806176,1.3125,-5.845,-2.835
621,60614,0.530212,-0.133224,-0.808372,1.295,-5.845,-2.905
622,60711,0.527528,-0.131028,-0.805444,1.295,-5.775,-2.94
623,60808,0.52826,-0.12932,-0.807152,1.295,-5.7925,-2.8875
624,60904,0.528504,-0.13054,-0.8081281,1.3475,-5.6875,-2.8175
625,61001,0.527284,-0.13176,-0.807152,1.365,-5.67,-2.8
626,61097,0.529236,-0.132248,-0.807152,1.3825,-5.67,-2.7825
627,61194,0.528748,-0.132248,-0.8066641,1.3825,-5.7925,-2.7475
628,61291,0.526064,-0.131272,-0.806908,1.3825,-5.775,-2.8175
629,61387,0.528748,-0.129564,-0.80642,1.3475,-5.67,-2.8
630,61484,0.526308,-0.131028,-0.80642,1.3825,-5.705,-2.7125
631,61580,0.528016,-0.131028,-0.809348,1.4,-5.6525,-2.8
632,61677,0.526308,-0.130052,-0.803492,1.4,-5.74,-2.7825
633,61774,0.526308,-0.131272,-0.8066641,1.365,-5.6875,-2.7125
634,61870,0.528504,-0.132004,-0.806908,1.3825,-5.67,-2.765
635,61967,0.528016,-0.131272,-0.807396,1.4,-5.6175,-2.8
636,62063,0.52826,-0.128832,-0.8066641,1.4525,-5.67,-2.835
637,62160,0.528504,-0.13176,-0.80886,1.4,-5.7925,-2.73
638,62257,0.526308,-0.12932,-0.8039801,1.435,-5.7225,-2.8
639,62353,0.528016,-0.129076,-0.8049561,1.435,-5.705,-2.835
640,62450,0.525332,-0.13054,-0.805688,1.4525,-5.6875,-2.7475
641,62546,0.52948,-0.13298,-0.808372,1.47,-5.705,-2.765
642,62643,0.528748,-0.130296,-0.80886,1.4875,-5.67,-2.765
643,62740,0.529236,-0.1281,-0.807396,1.435,-5.6175,-2.8175
644,62836,0.526064,-0.132492,-0.80642,1.5925,-5.67,-2.7825
645,62933,0.528992,-0.132736,-0.807152,1.4875,-5.67,-2.7825
646,63029,0.528016,-0.12932,-0.805688,1.4175,-5.6875,-2.8875
647,63126,0.52826,-0.132736,-0.80764,1.4525,-5.635,-2.73
648,63223,0.5267961,-0.132736,-0.8066641,1.4525,-5.67,-2.8175
649,63319,0.52704,-0.13054,-0.8066641,1.4175,-5.6875,-2.7825
650,63416,0.525332,-0.132248,-0.8066641,1.4875,-5.6525,-2.8175
651,63512,0.527284,-0.13542,-0.807152,1.5925,-5.635,-2.835
652,63609,0.5267961,-0.130784,-0.807152,1.505,-5.7925,-2.94
653,63706,0.52826,-0.12566,-0.80642,1.4525,-5.635,-2.975
654,63802,0.527772,-0.129076,-0.806908,1.61,-5.4775,-2.8525
655,63899,0.527772,-0.13176,-0.806908,1.68,-5.39,-2.7125
656,63995,0.528504,-0.1342,-0.8081281,1.7325,-5.3725,-2.7125
657,64092,0.528504,-0.133712,-0.805932,1.75,-5.425,-2.7825
658,64189,0.528016,-0.132492,-0.805932,1.6275,-5.4425,-2.835
659,64285,0.528504,-0.1342,-0.80764,1.5575,-5.6,-2.9225
660,64382,0.527772,-0.128344,-0.8044681,1.4,-5.565,-3.01
661,64478,0.52704,-0.129808,-0.806176,1.4875,-5.5825,-2.9575
662,64575,0.527772,-0.12932,-0.8066641,1.435,-5.5825,-2.835
663,64672,0.527284,-0.132004,-0.807884,1.4875,-5.6,-2.7825
664,64768,0.527528,-0.132492,-0.80764,1.5925,-5.5475,-2.8
665,64865,0.527528,-0.131516,-0.805444,1.5575,-5.4425,-2.8875
666,64961,0.526308,-0.12688,-0.803492,1.575,-5.39,-2.835
667,65058,0.527528,-0.130784,-0.807152,1.645,-5.46,-2.8175
668,65155,0.528504,-0.131272,-0.80764,1.54,-5.46,-2.8525
669,65251,0.527528,-0.130052,-0.8052,1.575,-5.5125,-2.8875
670,65348,0.5267961,-0.131516,-0.8066641,1.505,-5.565,-2.87
671,65444,0.527528,-0.132248,-0.8086161,1.5575,-5.565,-2.94
672,65541,0.527284,-0.13298,-0.80642,1.61,-5.53,-3.01
673,65637,0.529236,-0.12688,-0.805444,1.5225,-5.565,-3.0625
674,65734,0.529236,-0.130296,-0.805932,1.5925,-5.5125,-2.975
675,65831,0.528748,-0.130052,-0.808372,1.68,-5.39,-2.8175
676,65927,0.528992,-0.131516,-0.806176,1.6625,-5.39,-2.695
677,66024,0.528016,-0.134688,-0.80642,1.6275,-5.4425,-2.8175
678,66120,0.528504,-0.131516,-0.806908,1.5225,-5.46,-2.8525
679,66217,0.528504,-0.130784,-0.8066641,1.4525,-5.46,-2.835
680,66314,0.52826,-0.130296,-0.806908,1.47,-5.565,-2.8525
681,66410,0.527528,-0.12932,-0.805688,1.505,-5.6875,-2.835
682,66507,0.528504,-0.131516,-0.807884,1.435,-5.705,-2.87
683,66603,0.528748,-0.132248,-0.80886,1.4175,-5.67,-2.8875
684,66700,0.527772,-0.129808,-0.807396,1.505,-5.705,-2.87
685,66797,0.528016,-0.129808,-0.8066641,1.4525,-5.6175,-2.7475
686,66894,0.526064,-0.131028,-0.805688,1.47,-5.635,-2.765
687,66990,0.529968,-0.132736,-0.8066641,1.5575,-5.53,-2.6775
688,67087,0.528504,-0.132004,-0.80642,1.5575,-5.5825,-2.695
689,67183,0.527772,-0.13054,-0.806176,1.505,-5.53,-2.6775
690,67280,0.52704,-0.131272,-0.805932,1.5575,-5.6525,-2.695
691,67376,0.527772,-0.129808,-0.805932,1.5575,-5.74,-2.73
692,67473,0.527772,-0.131028,-0.807396,1.54,-5.705,-2.695
693,67569,0.528748,-0.13176,-0.807396,1.505,-5.6875,-2.7475
694,67666,0.52826,-0.13298,-0.8066641,1.47,-5.6525,-2.765
695,67763,0.529968,-0.132248,-0.807152,1.5225,-5.67,-2.835
696,67859,0.528748,-0.132492,-0.8081281,1.505,-5.67,-2.765
697,67956,0.527528,-0.131516,-0.80642,1.54,-5.6,-2.8
698,68052,0.527528,-0.131272,-0.8066641,1.47,-5.67,-2.7475
699,68149,0.528016,-0.131516,-0.807152,1.4875,-5.67,-2.7125
700,68245,0.52582,-0.13054,-0.8052,1.4875,-5.6525,-2.7475
701,68342,0.528748,-0.133956,-0.807152,1.4875,-5.6875,-2.765
702,68439,0.528016,-0.130052,-0.805688,1.5225,-5.6875,-2.73
703,68535,0.52826,-0.130784,-0.8049561,1.505,-5.635,-2.7125
704,68632,0.528016,-0.132248,-0.807884,1.505,-5.6,-2.7125
705,68728,0.528504,-0.13176,-0.80764,1.505,-5.6,-2.765
706,68825,0.528016,-0.129808,-0.8081281,1.4175,-5.5475,-2.7125
707,68922,0.528992,-0.13298,-0.807152,1.505,-5.6,-2.7125
708,69018,0.527284,-0.133956,-0.80764,1.5575,-5.6175,-2.7125
709,69115,0.52948,-0.132736,-0.806908,1.5575,-5.635,-2.765
710,69211,0.52826,-0.13054,-0.806176,1.575,-5.6525,-2.8525
711,69308,0.528748,-0.131516,-0.807152,1.54,-5.565,-2.835
712,69405,0.527772,-0.130052,-0.8052,1.5225,-5.565,-2.765
713,69501,0.52826,-0.130296,-0.805932,1.5225,-5.53,-2.66
714,69598,0.527284,-0.129808,-0.807396,1.47,-5.5475,-2.625
715,69694,0.527772,-0.130784,-0.8066641,1.54,-5.67,-2.7125
716,69791,0.527284,-0.132004,-0.8066641,1.54,-5.7575,-2.7125
717,69888,0.528504,-0.131028,-0.807884,1.47,-5.67,-2.66
718,69984,0.527284,-0.132736,-0.807884,1.4875,-5.6875,-2.7475
719,70081,0.527284,-0.133468,-0.80642,1.435,-5.6525,-2.765
720,70177,0.529724,-0.13298,-0.80764,1.3825,-5.67,-2.87
721,70274,0.528748,-0.130296,-0.807152,1.4875,-5.635,-2.8175
722,70370,0.528016,-0.132004,-0.806908,1.435,-5.5825,-2.7825
723,70467,0.529724,-0.131028,-0.806908,1.4875,-5.5825,-2.835
724,70564,0.529236,-0.131272,-0.808372,1.4525,-5.635,-2.8
725,70660,0.528992,-0.133224,-0.806176,1.4175,-5.6175,-2.7475
726,70757,0.528016,-0.13176,-0.807396,1.4525,-5.635,-2.765
727,70853,0.52826,-0.131028,-0.808372,1.3825,-5.6525,-2.765
728,70950,0.529236,-0.133224,-0.806908,1.3825,-5.6875,-2.7825
729,71047,0.529236,-0.13298,-0.80764,1.3475,-5.6875,-2.87
730,71143,0.528016,-0.131028,-0.807152,1.4,-5.67,-2.87
731,71240,0.528748,-0.132736,-0.807396,1.4875,-5.67,-2.7125
732,71336,0.529236,-0.132736,-0.807152,1.47,-5.6875,-2.7125
733,71433,0.529724,-0.132492,-0.805932,1.4175,-5.635,-2.765
734,71529,0.528992,-0.129808,-0.805688,1.4525,-5.74,-2.8
735,71626,0.527772,-0.131516,-0.807396,1.4525,-5.6175,-2.8
736,71723,0.52948,-0.13298,-0.8086161,1.47,-5.5825,-2.7475
737,71819,0.529236,-0.133224,-0.806908,1.4175,-5.6,-2.695
738,71916,0.52948,-0.132736,-0.806908,1.4525,-5.565,-2.73
739,72012,0.52826,-0.131516,-0.806908,1.435,-5.635,-2.7825
740,72109,0.528504,-0.132248,-0.80642,1.4,-5.635,-2.835
741,72206,0.527528,-0.132004,-0.807152,1.3825,-5.6175,-2.8175
742,72302,0.526552,-0.13176,-0.805688,1.435,-5.67,-2.8525
743,72399,0.527528,-0.130296,-0.8066641,1.4175,-5.7225,-2.765
744,72495,0.528992,-0.131028,-0.806908,1.4,-5.67,-2.8175
745,72592,0.528504,-0.130296,-0.806908,1.4175,-5.6525,-2.835
746,72688,0.528504,-0.132004,-0.807152,1.3825,-5.6875,-2.7125
747,72785,0.527772,-0.13054,-0.805688,1.3825,-5.7225,-2.7825
748,72882,0.527284,-0.130052,-0.8044681,1.365,-5.635,-2.8525
749,72978,0.52704,-0.131516,-0.806176,1.3125,-5.6525,-2.9225
750,73075,0.528504,-0.132004,-0.806176,1.4,-5.6525,-2.8175
751,73171,0.529236,-0.132248,-0.8081281,1.3825,-5.67,-2.8175
752,73268,0.528992,-0.129564,-0.80642,1.4,-5.705,-2.8175
753,73365,0.527528,-0.129564,-0.806176,1.435,-5.6525,-2.765
754,73461,0.528992,-0.133224,-0.80764,1.3475,-5.6875,-2.7825
755,73558,0.527284,-0.13176,-0.805932,1.3475,-5.705,-2.8175
756,73654,0.528016,-0.131272,-0.807396,1.365,-5.705,-2.835
757,73751,0.528992,-0.131516,-0.8081281,1.3125,-5.81,-2.8
758,73848,0.529724,-0.132248,-0.807396,1.3125,-5.67,-2.835
759,73944,0.527284,-0.131272,-0.807396,1.365,-5.7925,-2.8525
760,74041,0.528992,-0.132248,-0.8081281,1.295,-5.7925,-2.8525
761,74137,0.529724,-0.131516,-0.808372,1.33,-5.81,-2.87
762,74234,0.527284,-0.130784,-0.80642,1.3475,-5.95,-2.8875
763,74330,0.528748,-0.13054,-0.8066641,1.3125,-5.74,-2.87
764,74427,0.528016,-0.132004,-0.8066641,1.3125,-5.8275,-2.87
765,74524,0.528016,-0.130296,-0.807152,1.26,-5.81,-2.8175
766,74620,0.528016,-0.129808,-0.807396,1.2425,-5.8975,-2.8525
767,74717,0.527284,-0.130052,-0.806908,1.225,-5.915,-2.8525
768,74813,0.52826,-0.129808,-0.806908,1.33,-5.7575,-2.835
769,74910,0.5267961,-0.132492,-0.806908,1.295,-5.775,-2.73
770,75007,0.526308,-0.133224,-0.806908,1.4,-5.74,-2.8175
771,75103,0.526308,-0.130784,-0.806176,1.4875,-5.705,-2.8
772,75200,0.528016,-0.130784,-0.807884,1.47,-5.7225,-2.8875
773,75296,0.528748,-0.131516,-0.808372,1.4,-5.705,-2.8175
774,75393,0.528992,-0.132492,-0.8081281,1.3825,-5.6875,-2.765
775,75490,0.52826,-0.13176,-0.807152,1.4175,-5.6175,-2.7125
776,75586,0.52826,-0.131028,-0.806908,1.3825,-5.67,-2.7825
777,75683,0.529236,-0.130296,-0.808372,1.4175,-5.5825,-2.7825
778,75779,0.528748,-0.132004,-0.809348,1.4,-5.6175,-2.94
779,75876,0.529236,-0.13176,-0.807396,1.3825,-5.6525,-2.8175
780,75973,0.52704,-0.129564,-0.805444,1.4525,-5.67,-2.7475
781,76069,0.527284,-0.13054,-0.8039801,1.5225,-5.6525,-2.8175
782,76166,0.528992,-0.131516,-0.80886,1.4,-5.5825,-2.8
783,76262,0.525088,-0.131516,-0.805688,1.435,-5.5825,-2.7475
784,76359,0.5267961,-0.132004,-0.80642,1.4875,-5.6175,-2.835
785,76455,0.527528,-0.132004,-0.807152,1.54,-5.67,-2.765
786,76552,0.529236,-0.132248,-0.807884,1.54,-5.5825,-2.8875
787,76649,0.5267961,-0.12932,-0.8066641,1.4525,-5.565,-2.8875
788,76745,0.528016,-0.128832,-0.807884,1.4,-5.6,-2.8525
789,76842,0.527284,-0.131028,-0.8081281,1.505,-5.6175,-2.8
790,76938,0.530456,-0.132004,-0.807396,1.4525,-5.6175,-2.87
791,77035,0.530456,-0.13176,-0.8086161,1.435,-5.6875,-2.9575
792,77132,0.528992,-0.13054,-0.807396,1.47,-5.74,-2.87
793,77228,0.528504,-0.13054,-0.805444,1.435,-5.8275,-2.8875
794,77325,0.52704,-0.12932,-0.8052,1.4,-5.845,-2.87
795,77421,0.526308,-0.13054,-0.803736,1.4,-5.74,-2.94
796,77518,0.529236,-0.131516,-0.80764,1.365,-5.6875,-2.905
797,77615,0.528992,-0.130052,-0.8049561,1.3125,-5.7225,-2.765
798,77711,0.526064,-0.131516,-0.806908,1.3825,-5.74,-2.73
799,77808,0.5267961,-0.13176,-0.80642,1.4525,-5.74,-2.835
800,77904,0.527284,-0.13176,-0.8095921,1.4525,-5.6875,-2.8525
801,78001,0.52948,-0.132004,-0.807152,1.4,-5.67,-2.8525
802,78098,0.528016,-0.12932,-0.806176,1.3825,-5.6875,-2.765
803,78194,0.527528,-0.13298,-0.807396,1.5225,-5.6525,-2.87
804,78291,0.526308,-0.129564,-0.8066641,1.505,-5.5825,-3.045
805,78387,0.528504,-0.127612,-0.807396,1.47,-5.4425,-3.01
806,78484,0.528016,-0.128344,-0.80642,1.5925,-5.3375,-2.94
807,78581,0.529724,-0.129808,-0.8066641,1.6275,-5.1975,-2.835
808,78677,0.528504,-0.131028,-0.8066641,1.645,-5.32,-2.8525
809,78774,0.530456,-0.132736,-0.806908,1.61,-5.425,-2.905
810,78870,0.528504,-0.131028,-0.806908,1.47,-5.5125,-2.8875
811,78967,0.52948,-0.132736,-0.80764,1.33,-5.6,-2.975
812,79064,0.528016,-0.129808,-0.8066641,1.365,-5.6875,-2.9575
813,79160,0.528504,-0.13176,-0.807884,1.435,-5.705,-2.9225
814,79257,0.529968,-0.131272,-0.8086161,1.3825,-5.6875,-2.905
815,79353,0.52826,-0.13054,-0.8086161,1.3825,-5.6175,-2.8
816,79450,0.528504,-0.128588,-0.805932,1.3825,-5.7225,-2.7125
817,79546,0.52826,-0.128344,-0.805932,1.4875,-5.6,-2.765
818,79643,0.528504,-0.132248,-0.80886,1.4525,-5.6,-2.8
819,79740,0.528504,-0.130052,-0.807396,1.3825,-5.6175,-2.7475
820,79836,0.527772,-0.13298,-0.80886,1.4175,-5.6525,-2.8
821,79933,0.530212,-0.131516,-0.80764,1.3825,-5.705,-2.8525
822,80029,0.52826,-0.129564,-0.808372,1.4175,-5.705,-2.8175
823,80126,0.526308,-0.12932,-0.805444,1.4175,-5.7225,-2.835
824,80223,0.528992,-0.129076,-0.805932,1.365,-5.74,-2.73
825,80319,0.528016,-0.129564,-0.803736,1.4,-5.6875,-2.7825
826,80416,0.52948,-0.132004,-0.8086161,1.3825,-5.67,-2.73
827,80512,0.52826,-0.1342,-0.8091041,1.4525,-5.81,-2.7125
828,80609,0.527772,-0.130296,-0.805932,1.4525,-5.635,-2.8175
829,80706,0.525576,-0.131272,-0.806176,1.4,-5.53,-2.7475
830,80802,0.527772,-0.129808,-0.80764,1.3825,-5.7225,-2.835
831,80899,0.528504,-0.131272,-0.8066641,1.365,-5.7925,-2.8175
832,80996,0.528016,-0.131516,-0.808372,1.4175,-5.775,-2.765
833,81092,0.530212,-0.13298,-0.8081281,1.435,-5.6525,-2.695
834,81189,0.529236,-0.132004,-0.8066641,1.435,-5.7575,-2.8175
835,81285,0.527284,-0.130784,-0.806908,1.4175,-5.7575,-2.73
836,81382,0.528504,-0.129808,-0.80642,1.4,-5.7925,-2.7475
837,81478,0.527284,-0.13054,-0.807396,1.4,-5.775,-2.695
838,81575,0.526552,-0.13054,-0.806176,1.4,-5.74,-2.73
839,81672,0.528992,-0.129076,-0.80764,1.4525,-5.6875,-2.7125
840,81768,0.526552,-0.13176,-0.807884,1.5575,-5.6875,-2.695
841,81865,0.526308,-0.130296,-0.805444,1.505,-5.7225,-2.7825
842,81961,0.526064,-0.131516,-0.806176,1.4525,-5.8275,-2.6425
843,82058,0.527772,-0.13176,-0.807152,1.435,-5.74,-2.6425
844,82155,0.529968,-0.131272,-0.807884,1.5225,-5.705,-2.695
845,82251,0.52948,-0.131516,-0.80886,1.4175,-5.6525,-2.7475
846,82348,0.528992,-0.132492,-0.80764,1.505,-5.7225,-2.695
847,82444,0.527284,-0.130784,-0.807396,1.435,-5.74,-2.8175
848,82541,0.528016,-0.131272,-0.807884,1.4,-5.67,-2.8175
849,82638,0.527528,-0.129564,-0.805932,1.435,-5.6525,-2.765
850,82734,0.526552,-0.128588,-0.8044681,1.4525,-5.6525,-2.6425
851,82831,0.527772,-0.130784,-0.807396,1.3825,-5.7925,-2.6425
852,82927,0.527528,-0.133712,-0.808372,1.5925,-5.67,-2.7125
853,83024,0.528016,-0.133956,-0.8095921,1.4875,-5.635,-2.835
854,83120,0.527528,-0.131272,-0.807396,1.4525,-5.6175,-2.7475
855,83217,0.524112,-0.131516,-0.8047121,1.5575,-5.6,-2.7825
856,83314,0.5267961,-0.130296,-0.80642,1.54,-5.565,-2.765
857,83410,0.52826,-0.128832,-0.807152,1.505,-5.53,-2.8175
858,83507,0.52704,-0.130784,-0.8066641,1.5225,-5.5125,-2.765
859,83603,0.527772,-0.12932,-0.8047121,1.47,-5.53,-2.66
860,83700,0.527772,-0.129564,-0.807396,1.4525,-5.53,-2.7125
861,83797,0.528992,-0.129808,-0.807396,1.54,-5.6,-2.73
862,83893,0.5267961,-0.132004,-0.807152,1.47,-5.635,-2.765
863,83990,0.527772,-0.129808,-0.80642,1.4525,-5.6875,-2.8
864,84086,0.527772,-0.130052,-0.8066641,1.4875,-5.705,-2.7125
865,84183,0.5267961,-0.133468,-0.807884,1.5225,-5.7925,-2.8
866,84279,0.526552,-0.131272,-0.805444,1.4875,-5.7225,-2.8525
867,84376,0.528016,-0.131028,-0.803736,1.4175,-5.67,-2.8
868,84473,0.526552,-0.131272,-0.805444,1.435,-5.7925,-2.7825
869,84569,0.5267961,-0.131028,-0.807152,1.4175,-5.705,-2.765
870,84666,0.528016,-0.129076,-0.805688,1.4175,-5.7575,-2.7125
871,84762,0.527772,-0.13176,-0.809836,1.435,-5.81,-2.835
872,84859,0.526552,-0.130052,-0.80642,1.47,-5.74,-2.835
873,84956,0.527284,-0.131028,-0.807152,1.4875,-5.7225,-2.73
874,85052,0.52704,-0.129564,-0.810568,1.4525,-5.6525,-2.765
875,85149,0.52826,-0.129564,-0.807152,1.4525,-5.6875,-2.8875
876,85245,0.52826,-0.13176,-0.8086161,1.54,-5.53,-2.73
877,85342,0.528504,-0.129808,-0.80764,1.4875,-5.6,-2.7125
878,85438,0.528016,-0.132004,-0.8066641,1.5225,-5.5825,-2.7475
879,85535,0.527772,-0.131516,-0.805932,1.505,-5.775,-2.66
880,85632,0.52704,-0.13176,-0.80642,1.4525,-5.705,-2.695
881,85728,0.527772,-0.13176,-0.80764,1.435,-5.74,-2.8
882,85825,0.5267961,-0.130784,-0.80642,1.4525,-5.775,-2.8875
883,85921,0.527772,-0.129564,-0.8081281,1.4,-5.67,-2.8525
884,86018,0.52704,-0.13054,-0.80764,1.505,-5.6,-2.7475
885,86114,0.526064,-0.130296,-0.805688,1.4875,-5.6,-2.7475
886,86211,0.528992,-0.13176,-0.8081281,1.505,-5.5825,-2.7475
887,86308,0.527284,-0.131516,-0.809836,1.435,-5.635,-2.695
888,86404,0.526064,-0.132248,-0.80642,1.575,-5.565,-2.6775
889,86501,0.528016,-0.13298,-0.8081281,1.6275,-5.495,-2.6425
890,86597,0.527284,-0.130784,-0.8066641,1.4875,-5.5475,-2.7825
891,86694,0.528504,-0.13298,-0.8066641,1.4875,-5.6525,-2.765
892,86791,0.52948,-0.130784,-0.80764,1.4,-5.74,-2.73
893,86887,0.527772,-0.130052,-0.806176,1.3125,-5.7925,-2.8175
894,86984,0.529236,-0.13298,-0.80764,1.4175,-5.7225,-2.7475
895,87080,0.52704,-0.132492,-0.807884,1.435,-5.6875,-2.7825
896,87177,0.5267961,-0.131516,-0.806908,1.505,-5.705,-2.8525
897,87274,0.527528,-0.13176,-0.807884,1.4525,-5.705,-2.835
898,87370,0.526064,-0.130052,-0.8052,1.4875,-5.67,-2.8525
899,87467,0.528016,-0.128832,-0.80764,1.5225,-5.6,-2.7825
900,87563,0.5267961,-0.13054,-0.805932,1.4875,-5.67,-2.8
901,87660,0.52582,-0.130784,-0.806176,1.575,-5.6,-2.7125
902,87757,0.525332,-0.132004,-0.8047121,1.5925,-5.495,-2.765
903,87853,0.52948,-0.13298,-0.806176,1.5925,-5.4775,-2.7475
904,87950,0.528016,-0.13298,-0.8066641,1.61,-5.565,-2.73
905,88046,0.528504,-0.132736,-0.8081281,1.5575,-5.53,-2.6775
906,88143,0.527528,-0.132736,-0.807152,1.54,-5.5825,-2.8525
907,88239,0.526552,-0.130784,-0.805932,1.4525,-5.6,-2.8175
908,88336,0.526308,-0.132736,-0.8066641,1.5575,-5.635,-2.765
909,88433,0.527528,-0.13176,-0.8066641,1.5575,-5.775,-2.835
910,88529,0.528016,-0.131516,-0.807396,1.54,-5.5825,-2.8
911,88626,0.528016,-0.13054,-0.807396,1.4875,-5.565,-2.7825
912,88722,0.526552,-0.13054,-0.805932,1.4525,-5.7225,-2.8
913,88819,0.52582,-0.131516,-0.805444,1.4175,-5.8275,-2.7825
914,88915,0.527284,-0.130296,-0.80642,1.435,-5.74,-2.7125
915,89012,0.523868,-0.131516,-0.805444,1.4,-5.775,-2.7825
916,89109,0.5246,-0.13054,-0.80642,1.47,-5.6,-2.87
917,89205,0.528016,-0.129076,-0.806176,1.4875,-5.6175,-2.7825
918,89302,0.527772,-0.131516,-0.80764,1.5225,-5.6175,-2.8
919,89398,0.527772,-0.132004,-0.80642,1.61,-5.4425,-2.7825
920,89495,0.5267961,-0.130052,-0.805932,1.5925,-5.425,-2.73
921,89591,0.52826,-0.12932,-0.8047121,1.5575,-5.425,-2.765
922,89688,0.524112,-0.131272,-0.8049561,1.575,-5.5125,-2.7475
923,89785,0.52826,-0.130784,-0.806908,1.54,-5.53,-2.7825
924,89881,0.528748,-0.130296,-0.807396,1.4525,-5.5475,-2.7475
925,89978,0.52826,-0.129564,-0.80764,1.5225,-5.4775,-2.6775
926,90074,0.526064,-0.130296,-0.805444,1.4,-5.6525,-2.66
927,90171,0.526308,-0.131028,-0.807396,1.4,-5.6525,-2.7475
928,90268,0.528504,-0.13054,-0.80764,1.435,-5.635,-2.765
929,90364,0.527528,-0.12932,-0.8081281,1.435,-5.6,-2.73
930,90461,0.5246,-0.132492,-0.805444,1.5225,-5.67,-2.7125
931,90557,0.52826,-0.131516,-0.8086161,1.5225,-5.635,-2.8
932,90654,0.5267961,-0.132492,-0.80642,1.5575,-5.6,-2.8
933,90750,0.52826,-0.13176,-0.80764,1.5575,-5.5125,-2.87
934,90847,0.528504,-0.131028,-0.80642,1.4875,-5.635,-2.7475
935,90944,0.527772,-0.130296,-0.806176,1.5225,-5.6525,-2.73
936,91040,0.527284,-0.13054,-0.806176,1.5225,-5.705,-2.8
937,91137,0.525576,-0.131516,-0.8052,1.4175,-5.635,-2.7475
938,91233,0.527772,-0.133224,-0.807152,1.4175,-5.67,-2.765
939,91330,0.52826,-0.132004,-0.806908,1.4175,-5.7925,-2.765
940,91426,0.5267961,-0.131516,-0.805688,1.3125,-5.775,-2.835
941,91523,0.527284,-0.13054,-0.8044681,1.295,-5.88,-2.835
942,91620,0.5248441,-0.132248,-0.805688,1.3125,-5.8975,-2.9575
943,91716,0.528504,-0.132736,-0.807396,1.33,-5.8275,-2.8525
944,91813,0.528748,-0.132492,-0.807884,1.295,-5.88,-2.8875
945,91909,0.52704,-0.130296,-0.8066641,1.1725,-5.9325,-2.8875
946,92006,0.527284,-0.129076,-0.807152,1.2075,-5.985,-2.8875
947,92102,0.527772,-0.13298,-0.80764,1.2075,-5.9325,-2.8
948,92199,0.525332,-0.131272,-0.80642,1.155,-5.8275,-2.905
949,92296,0.52826,-0.133224,-0.808372,1.2425,-5.8275,-2.8875
950,92392,0.5267961,-0.131028,-0.807152,1.225,-5.81,-2.9575
951,92489,0.527528,-0.131028,-0.80764,1.33,-5.705,-2.9575
952,92585,0.528016,-0.129808,-0.80642,1.365,-5.6525,-2.9925
953,92682,0.5267961,-0.12932,-0.8047121,1.3475,-5.8275,-2.8525
954,92779,0.527772,-0.132248,-0.8066641,1.3825,-5.7575,-2.8175
955,92875,0.527284,-0.132004,-0.807152,1.365,-5.67,-2.87
956,92972,0.527772,-0.131516,-0.8086161,1.365,-5.635,-2.8175
957,93068,0.528504,-0.132004,-0.807884,1.365,-5.6,-2.905
958,93165,0.527772,-0.131516,-0.807884,1.4,-5.5475,-2.94
959,93261,0.527284,-0.132004,-0.8066641,1.435,-5.5125,-2.7825
960,93358,0.52704,-0.129808,-0.805932,1.4875,-5.5475,-2.765
961,93455,0.526308,-0.130784,-0.806908,1.61,-5.6175,-2.73
962,93551,0.528016,-0.133468,-0.8081281,1.54,-5.6175,-2.8525
963,93648,0.528016,-0.1342,-0.80764,1.5925,-5.565,-2.9225
964,93744,0.528504,-0.131516,-0.808372,1.5225,-5.53,-2.94
965,93841,0.5307,-0.128344,-0.806176,1.4875,-5.53,-2.975
966,93938,0.52704,-0.12932,-0.805444,1.4875,-5.495,-2.87
967,94034,0.528016,-0.129808,-0.8066641,1.54,-5.5475,-2.835
968,94131,0.52582,-0.131272,-0.805688,1.54,-5.5475,-2.8
969,94227,0.527772,-0.133224,-0.80764,1.61,-5.495,-2.7475
970,94324,0.52704,-0.132248,-0.807884,1.5225,-5.5825,-2.7825
971,94420,0.529236,-0.132248,-0.8081281,1.4525,-5.635,-2.8
972,94517,0.527528,-0.13176,-0.807152,1.4525,-5.6525,-2.87
973,94614,0.528504,-0.132004,-0.80886,1.4,-5.6875,-2.94
974,94710,0.526308,-0.130784,-0.806176,1.33,-5.705,-2.9575
975,94807,0.52704,-0.129808,-0.805932,1.435,-5.6525,-2.905
976,94903,0.5248441,-0.13176,-0.806176,1.4525,-5.6175,-2.7825
977,95000,0.5267961,-0.129076,-0.8052,1.5225,-5.5825,-2.8
978,95097,0.529236,-0.130052,-0.8066641,1.435,-5.67,-2.7825
979,95193,0.52826,-0.130052,-0.8066641,1.4,-5.6175,-2.6775
980,95290,0.527528,-0.130296,-0.8091041,1.435,-5.6525,-2.7825
981,95386,0.528016,-0.13054,-0.8066641,1.4175,-5.7575,-2.765
982,95483,0.52704,-0.130784,-0.807396,1.4,-5.705,-2.8175
983,95580,0.52948,-0.132736,-0.8086161,1.4,-5.74,-2.8525
984,95676,0.527772,-0.129808,-0.806908,1.33,-5.6875,-2.94
985,95773,0.529236,-0.128344,-0.805688,1.3825,-5.705,-2.835
986,95869,0.52826,-0.13176,-0.808372,1.3475,-5.74,-2.7825
987,95966,0.52826,-0.132736,-0.80764,1.1725,-5.705,-2.8
988,96063,0.52704,-0.12932,-0.805444,1.2075,-5.845,-2.87
989,96159,0.527284,-0.133468,-0.8049561,1.47,-5.81,-2.8525
990,96256,0.526552,-0.132492,-0.807396,1.3825,-5.6875,-3.0275
991,96352,0.527772,-0.128832,-0.806908,1.4,-5.6525,-3.045
992,96449,0.52826,-0.128832,-0.807152,1.47,-5.53,-2.94
993,96545,0.528748,-0.128832,-0.805932,1.5925,-5.53,-2.8175
994,96642,0.52826,-0.131028,-0.806908,1.645,-5.565,-2.765
995,96739,0.527528,-0.13176,-0.8066641,1.61,-5.5125,-2.8
996,96835,0.529236,-0.128344,-0.806176,1.54,-5.495,-2.765
997,96932,0.528748,-0.131028,-0.807396,1.505,-5.495,-2.8175
998,97028,0.529724,-0.132736,-0.806908,1.4175,-5.5825,-2.835
999,97125,0.527284,-0.13054,-0.8081281,1.4,-5.6175,-2.8875
1000,97222,0.528504,-0.130784,-0.807396,1.3475,-5.6175,-2.9225
1001,97318,0.528016,-0.128832,-0.807152,1.3825,-5.5825,-2.8875
1002,97415,0.529236,-0.128588,-0.805932,1.4,-5.565,-2.8175
1003,97511,0.528504,-0.131516,-0.8081281,1.4875,-5.6175,-2.7825
1004,97608,0.530456,-0.13176,-0.807396,1.4,-5.6525,-2.765
1005,97705,0.527772,-0.132248,-0.80764,1.3125,-5.635,-2.8525
1006,97801,0.52582,-0.131272,-0.807884,1.2075,-5.635,-2.7825
1007,97898,0.52826,-0.132248,-0.80886,1.1025,-5.425,-2.695
1008,97994,0.532896,-0.134444,-0.807152,0.42,-4.2175,-2.31
1009,98091,0.52826,-0.126148,-0.805444,0.2275,-3.9725,-2.275
1010,98188,0.52826,-0.13298,-0.8039801,0.385,-4.165,-2.275
1011,98284,0.526552,-0.131028,-0.8066641,0.4025,-4.7075,-2.45
1012,98381,0.531188,-0.128832,-0.805444,0.49,-5.075,-2.555
1013,98477,0.5267961,-0.13054,-0.806176,0.595,-5.285,-2.765
1014,98574,0.5307,-0.131272,-0.8020281,0.525,-5.5125,-2.9925
1015,98671,0.529968,-0.12932,-0.805688,0.3675,-5.8975,-3.115
1016,98767,0.52948,-0.132492,-0.806908,0.28,-6.1425,-3.15
1017,98864,0.530212,-0.129808,-0.8081281,0.105,-6.3,-3.2725
1018,98960,0.52826,-0.129564,-0.805444,0.0,-6.4575,-3.3775
1019,99057,0.5267961,-0.12688,-0.803492,-0.1225,-6.6675,-3.64
1020,99153,0.52216,-0.122976,-0.8091041,0.105,-6.615,-3.535
1021,99250,0.526552,-0.125904,-0.80764,0.7175,-6.23,-3.325
1022,99347,0.522648,-0.124684,-0.806908,1.1725,-5.985,-3.2725
1023,99443,0.52704,-0.123464,-0.808372,1.4,-5.8975,-3.1675
1024,99540,0.5307,-0.124196,-0.8100801,1.6975,-5.74,-3.0625
1025,99636,0.525088,-0.125904,-0.809348,1.89,-5.6875,-2.835
1026,99733,0.5309441,-0.128344,-0.8081281,1.925,-5.6525,-2.8
1027,99830,0.529968,-0.127124,-0.807152,1.89,-5.6875,-2.8875
1028,99926,0.528992,-0.129076,-0.805444,1.8375,-5.775,-2.9925
1029,100023,0.527528,-0.127856,-0.805932,1.7675,-5.88,-3.0275
1030,100119,0.527284,-0.12932,-0.805932,1.785,-6.055,-3.01
1031,100216,0.52826,-0.127856,-0.807152,1.75,-6.02,-2.9925
1032,100313,0.528016,-0.127612,-0.80764,1.8025,-6.0375,-3.01
1033,100409,0.5267961,-0.129808,-0.807396,1.8025,-5.81,-2.9575
1034,100506,0.529724,-0.12688,-0.8066641,1.7675,-5.7575,-2.8525
1035,100602,0.5246,-0.127368,-0.8049561,1.89,-5.81,-2.87
1036,100699,0.52704,-0.133712,-0.80886,1.9425,-5.6875,-2.9225
1037,100796,0.523624,-0.127612,-0.8100801,1.9425,-5.6,-2.975
1038,100892,0.527528,-0.12566,-0.809348,1.96,-5.4425,-2.9925
1039,100989,0.52826,-0.129564,-0.807396,2.0825,-5.2675,-2.9575
1040,101086,0.52948,-0.126636,-0.805444,2.0125,-5.215,-2.975
1041,101182,0.529724,-0.128588,-0.807396,2.03,-5.25,-2.905
1042,101279,0.5267961,-0.1281,-0.804224,1.995,-5.3025,-2.87
1043,101375,0.528016,-0.129076,-0.805932,1.9425,-5.39,-2.8175
1044,101472,0.52826,-0.128588,-0.805688,1.9425,-5.425,-2.8
1045,101568,0.528992,-0.129808,-0.80764,1.9075,-5.4425,-2.8525
1046,101665,0.531676,-0.128344,-0.807396,1.8025,-5.46,-2.8175
1047,101762,0.528992,-0.128588,-0.80764,1.68,-5.5825,-2.835
1048,101858,0.52826,-0.13054,-0.8081281,1.7325,-5.705,-2.6775
1049,101955,0.528748,-0.129076,-0.808372,1.6625,-5.6875,-2.625
1050,102051,0.521672,-0.12688,-0.809836,1.3475,-5.3725,-2.4675
1051,102148,0.52582,-0.121756,-0.8081281,0.4725,-3.0975,-1.75
1052,102245,0.5307,-0.134688,-0.805688,0.42,-1.4,-0.8225
1053,102341,0.532408,-0.136396,-0.8047121,0.595,-1.925,-0.945
1054,102438,0.529724,-0.155428,-0.795928,-0.1925,-1.82,-1.645
1055,102534,0.5307,-0.132492,-0.8039801,-1.1025,-2.9925,-2.7825
1056,102631,0.528016,-0.126148,-0.800076,-0.7525,-4.025,-3.5
1057,102728,0.52826,-0.12688,-0.804224,-0.665,-4.6025,-3.6925
1058,102824,0.5307,-0.119316,-0.8030041,-0.7,-5.075,-3.71
1059,102921,0.527772,-0.118828,-0.805688,-0.2975,-5.215,-3.605
1060,103017,0.532164,-0.122732,-0.80276,-0.0175,-5.3375,-3.36
1061,103114,0.529724,-0.123952,-0.8052,0.2275,-5.355,-3.3075
1062,103211,0.526552,-0.122488,-0.804224,0.4025,-5.4775,-3.3425
1063,103307,0.532652,-0.12932,-0.806176,0.525,-5.46,-3.3075
1064,103404,0.530212,-0.122732,-0.808372,0.4375,-5.495,-3.3775
1065,103500,0.534116,-0.121512,-0.80642,0.5775,-5.495,-3.2725
1066,103597,0.52948,-0.121512,-0.8030041,0.805,-5.5125,-3.1325
1067,103694,0.5267961,-0.124684,-0.805688,0.98,-5.5825,-3.0625
1068,103790,0.530456,-0.12566,-0.803736,1.05,-5.635,-3.22
1069,103887,0.527528,-0.12444,-0.8030041,0.8925,-5.53,-3.5
1070,103983,0.5267961,-0.123464,-0.8044681,0.735,-5.5475,-3.6225
1071,104080,0.529968,-0.127612,-0.803248,0.42,-5.705,-3.92
1072,104177,0.526552,-0.126636,-0.80154,-0.315,-6.02,-4.305
1073,104273,0.522648,-0.123464,-0.803736,-0.5075,-6.265,-4.7775
1074,104370,0.5248441,-0.121024,-0.80642,-0.2275,-5.915,-4.9525
1075,104466,0.526552,-0.120048,-0.807152,0.21,-5.5475,-4.76
1076,104563,0.5267961,-0.120292,-0.810568,0.8925,-5.005,-4.41
1077,104660,0.532652,-0.119316,-0.807884,1.4,-4.655,-4.1825
1078,104756,0.538508,-0.115656,-0.8100801,1.575,-4.2875,-3.7975
1079,104853,0.543144,-0.125416,-0.8025161,1.8725,-3.325,-2.5375
1080,104949,0.533384,-0.133712,-0.8025161,1.96,-3.395,-1.9075
1081,105046,0.532408,-0.125416,-0.803248,1.47,-3.9025,-2.205
1082,105143,0.536556,-0.12932,-0.7998321,1.2425,-4.13,-2.2575
1083,105239,0.533384,-0.133712,-0.800808,0.9275,-3.92,-2.38
1084,105336,0.537532,-0.1159,-0.801052,0.595,-4.34,-2.73
1085,105432,0.53436,-0.117608,-0.8052,1.0325,-5.0225,-2.73
1086,105529,0.534848,-0.11468,-0.8025161,1.5925,-5.4425,-2.345
1087,105626,0.533872,-0.11956,-0.803492,2.135,-5.25,-2.1
1088,105722,0.535092,-0.118584,-0.80764,2.4675,-5.25,-1.8725
1089,105819,0.534848,-0.119804,-0.8049561,2.73,-5.32,-1.75
1090,105915,0.533384,-0.120536,-0.803248,2.9225,-5.355,-1.505
1091,106012,0.540704,-0.125172,-0.801296,2.975,-5.3725,-1.3475
1092,106109,0.537776,-0.131516,-0.80154,2.835,-5.53,-1.19
1093,106205,0.53436,-0.126392,-0.801784,2.59,-5.67,-1.2775
1094,106302,0.532896,-0.124196,-0.80276,2.275,-5.8975,-1.5225
1095,106399,0.533384,-0.123952,-0.802272,2.135,-6.055,-1.505
1096,106495,0.530212,-0.123952,-0.803248,2.0125,-6.3,-1.645
1097,106592,0.530212,-0.120536,-0.80276,2.1875,-6.3175,-1.54
1098,106688,0.52094,-0.12322,-0.803736,2.345,-6.2825,-1.5925
1099,106785,0.5206961,-0.123952,-0.803492,2.415,-6.1075,-1.9075
1100,106882,0.518012,-0.13298,-0.8091041,2.765,-5.4775,-2.2225
1101,106978,0.52826,-0.138104,-0.8081281,2.695,-4.725,-2.52
1102,107075,0.5363121,-0.127612,-0.80154,2.24,-4.2,-2.8175
1103,107171,0.53802,-0.118828,-0.80764,2.1175,-3.85,-2.765
1104,107268,0.533628,-0.142008,-0.797636,2.205,-3.2375,-2.625
1105,107365,0.535092,-0.133468,-0.802272,1.6975,-2.94,-2.9925
1106,107461,0.538996,-0.138592,-0.792268,1.47,-2.625,-3.43
1107,107558,0.53924,-0.126392,-0.792512,1.2075,-2.6075,-4.3225
1108,107654,0.535092,-0.120292,-0.797392,1.26,-3.5175,-4.3575
1109,107751,0.537288,-0.121268,-0.799344,1.5225,-4.34,-3.9725
1110,107848,0.53924,-0.11468,-0.80154,1.6975,-4.865,-3.4475
1111,107944,0.537776,-0.120292,-0.8003201,2.0475,-5.11,-2.94
1112,108041,0.534848,-0.11468,-0.805444,2.4325,-5.3025,-2.345
1113,108137,0.535824,-0.122488,-0.800808,2.975,-5.04,-1.89
1114,108234,0.529724,-0.131028,-0.801296,3.0275,-5.04,-1.75
1115,108331,0.531676,-0.12688,-0.804224,2.5375,-5.145,-2.205
1116,108427,0.52582,-0.114192,-0.80764,2.485,-4.9,-2.415
1117,108524,0.527528,-0.112972,-0.8132521,3.4475,-3.7625,-1.785
1118,108620,0.533628,-0.119804,-0.8049561,4.235,-2.6075,-1.33
1119,108717,0.542656,-0.116632,-0.7991,4.62,-2.0125,-0.875
1120,108814,0.542168,-0.120536,-0.79544,5.2325,-2.1,-0.4025
1121,108910,0.540216,-0.126392,-0.797392,5.5475,-2.38,0.07
1122,109007,0.5206961,-0.12444,-0.805932,5.5475,-2.66,0.0
1123,109103,0.532896,-0.1281,-0.803492,5.8975,-1.4525,-0.14
1124,109200,0.526552,-0.124196,-0.809348,6.9125,0.3325,-0.28
1125,109297,0.539972,-0.13176,-0.8025161,7.175,1.6625,-0.1925
1126,109393,0.545584,-0.133224,-0.794952,7.4025,2.0475,0.1575
1127,109490,0.550952,-0.13542,-0.790804,7.8925,1.8025,0.455
1128,109586,0.5511961,-0.121756,-0.791292,8.54,1.3125,0.735
1129,109683,0.55022,-0.154208,-0.78812,9.2575,0.77,1.05
1130,109780,0.55754,-0.158356,-0.78446,8.6975,-0.1575,0.945
1131,109876,0.550952,-0.145424,-0.787144,7.8925,-1.2775,0.6825
1132,109973,0.56242,-0.155916,-0.779336,7.7175,-1.12,1.7675
1133,110069,0.551684,-0.168116,-0.7747001,7.7525,-1.225,2.1525
1134,110166,0.55144,-0.16104,-0.7808001,6.65,-1.6625,1.0675
1135,110263,0.5511961,-0.147132,-0.7951961,5.4425,-2.5025,-0.14
1136,110359,0.541924,-0.151036,-0.798856,5.7925,-2.6075,-0.8400001
1137,110456,0.541924,-0.155672,-0.7903161,5.4075,-2.415,-1.05
1138,110552,0.5404601,-0.151768,-0.788852,4.6375,-1.9425,-1.365
1139,110649,0.544608,-0.145668,-0.7951961,4.6375,-1.8375,-1.19
1140,110746,0.555832,-0.151036,-0.788608,5.1975,-1.2075,-0.8925
1141,110842,0.5553441,-0.1464,-0.7829961,5.0225,-1.3825,-0.8225
1142,110939,0.556808,-0.151036,-0.779824,5.145,-1.54,-0.5075
1143,111035,0.553148,-0.158356,-0.782508,5.005,-1.3475,-0.1575
1144,111132,0.5553441,-0.1586,-0.7808001,4.655,-1.4875,-0.455
1145,111229,0.559736,-0.161528,-0.780556,4.0425,-2.0825,-0.735
1146,111325,0.556564,-0.155428,-0.781532,3.4825,-2.555,-1.05
1147,111422,0.5612,-0.155672,-0.780068,3.1325,-3.255,-1.015
1148,111518,0.556808,-0.152256,-0.780556,3.045,-4.0075,-0.805
1149,111615,0.557052,-0.156404,-0.7808001,3.15,-4.3225,-0.35
1150,111712,0.559248,-0.16104,-0.778116,3.3075,-4.76,0.0175
1151,111808,0.559736,-0.162992,-0.7766521,2.9575,-5.4775,0.0
1152,111905,0.558028,-0.161284,-0.77226,2.45,-6.3175,-0.0525
1153,112001,0.557784,-0.151036,-0.778604,1.855,-7.5075,-0.35
1154,112098,0.55144,-0.142008,-0.79056,1.3825,-8.3825,-0.6825
1155,112195,0.549,-0.15616,-0.79056,0.805,-8.155,-1.785
1156,112291,0.543632,-0.1586,-0.79544,0.21,-7.875,-2.835
1157,112388,0.543388,-0.170068,-0.787876,-0.2625,-7.525,-4.13
1158,112484,0.55388,-0.164212,-0.783972,-1.6275,-6.685,-5.5125
1159,112581,0.554856,-0.168604,-0.778604,-2.1875,-6.7025,-6.195
1160,112678,0.553392,-0.16226,-0.782752,-2.6425,-7.28,-6.475
1161,112774,0.5553441,-0.162748,-0.774456,-3.325,-7.875,-6.37
1162,112871,0.549732,-0.154452,-0.783728,-3.4475,-8.3825,-6.1775
1163,112967,0.553148,-0.145424,-0.78202,-3.0275,-8.2775,-5.39
1164,113064,0.553392,-0.141764,-0.7903161,-2.17,-7.875,-4.6725
1165,113161,0.5551,-0.144448,-0.785924,-1.9075,-7.91,-4.13
1166,113257,0.5551,-0.149572,-0.7861681,-2.695,-7.8925,-4.2875
1167,113354,0.556808,-0.148352,-0.787632,-3.465,-8.0325,-4.725
1168,113450,0.561688,-0.152256,-0.777628,-4.0075,-8.5925,-4.9525
1169,113547,0.55998,-0.158356,-0.7754321,-5.11,-9.31,-5.005
1170,113644,0.552416,-0.151036,-0.778604,-6.2825,-10.7275,-5.4775
1171,113740,0.553148,-0.146644,-0.783728,-6.8775,-12.04,-5.7575
1172,113837,0.532652,-0.124684,-0.79422,-6.2125,-12.355,-5.3725
1173,113933,0.548024,-0.143228,-0.786412,-4.5675,-11.69,-4.62
1174,114030,0.547048,-0.11712,-0.790804,-4.41,-11.9875,-4.305
1175,114127,0.5511961,-0.134444,-0.792268,-3.3425,-12.0925,-3.36
1176,114223,0.534116,-0.119316,-0.803492,-2.7825,-11.76,-2.6425
1177,114320,0.538508,-0.121024,-0.800564,-1.9425,-11.13,-1.9775
1178,114416,0.5267961,-0.143716,-0.80764,-1.015,-10.36,-1.6275
1179,114513,0.5363121,-0.130784,-0.806176,-0.6125,-9.52,-1.7675
1180,114610,0.5363121,-0.137372,-0.797636,0.0175,-9.24,-1.7675
1181,114706,0.537288,-0.136152,-0.800564,0.7175,-8.9775,-1.68
1182,114803,0.539484,-0.136152,-0.796416,0.9975,-8.785,-1.645
1183,114899,0.52948,-0.123952,-0.797392,0.9275,-9.1,-1.925
1184,114996,0.515816,-0.143472,-0.81374,1.435,-9.0475,-2.1875
1185,115093,0.523868,-0.14884,-0.803736,1.8725,-8.1725,-2.9925
1186,115189,0.5314321,-0.156404,-0.790804,1.9425,-8.155,-4.3225
1187,115286,0.546072,-0.148108,-0.805444,0.8225,-8.75,-5.6175
1188,115383,0.544852,-0.17934,-0.78446,-0.8575,-8.645,-7.07
1189,115479,0.559736,-0.184708,-0.793,-5.075,-7.945,-9.8175
1190,115576,0.553148,-0.159576,-0.7951961,-8.1025,-7.77,-10.8325
1191,115672,0.539972,-0.135908,-0.797636,-8.05,-7.7525,-10.5525
1192,115769,0.53436,-0.116388,-0.805688,-7.2625,-7.035,-9.8175
1193,115866,0.528992,-0.11346,-0.805688,-5.8625,-6.9475,-8.575
1194,115962,0.531188,-0.112728,-0.8039801,-4.97,-6.5975,-7.7
1195,116059,0.5355801,-0.108092,-0.802272,-4.34,-6.4925,-6.9475
1196,116155,0.526552,-0.116876,-0.8003201,-4.025,-6.72,-6.44
1197,116252,0.532164,-0.113948,-0.797148,-3.85,-6.8425,-6.0375
1198,116348,0.53314,-0.105408,-0.796416,-3.5,-7.0,-5.5825
1199,116445,0.530456,-0.105896,-0.796172,-2.485,-7.0875,-4.725
1200,116542,0.532896,-0.116632,-0.79544,-1.54,-7.42,-4.0075
1201,116638,0.519476,-0.118828,-0.798368,-2.0825,-7.5425,-4.3225
1202,116735,0.5368,-0.123708,-0.793244,-2.065,-7.98,-4.69
1203,116831,0.532408,-0.11102,-0.7951961,-1.6975,-8.54,-4.795
1204,116928,0.52826,-0.09906401,-0.7944641,-0.7,-9.135,-4.305
1205,117025,0.51972,-0.089304,-0.7956841,1.61,-8.8025,-2.9925
1206,117121,0.5214281,-0.080764,-0.8132521,4.83,-8.085,-1.1725
1207,117218,0.528504,-0.088328,-0.82594,8.7325,-7.2625,0.6825
1208,117314,0.527528,-0.1037,-0.822768,11.6025,-7.035,2.0125
1209,117411,0.5307,-0.129808,-0.8230121,12.7225,-7.4375,2.3275
1210,117507,0.52704,-0.154452,-0.805932,9.87,-8.2425,0.3675
1211,117604,0.52704,-0.144448,-0.807884,8.085,-8.6625,-1.505
1212,117701,0.50996,-0.14396,-0.811788,7.7875,-8.9425,-2.45
1213,117797,0.516792,-0.144692,-0.805688,7.63,-8.6625,-3.6575
1214,117894,0.511424,-0.13786,-0.812032,7.14,-7.805,-4.9525
1215,117991,0.529968,-0.131516,-0.807396,7.6125,-6.4925,-5.3375
1216,118087,0.532652,-0.105896,-0.81618,7.805,-4.795,-5.215
1217,118184,0.535824,-0.114192,-0.817156,8.89,-2.8875,-4.2175
1218,118280,0.526552,-0.126636,-0.818376,9.45,-0.14,-2.8525
1219,118377,0.524112,-0.127124,-0.8169121,10.045,2.345,-1.9425
1220,118473,0.532652,-0.131272,-0.81252,11.0425,5.075,-1.33
1221,118570,0.52216,-0.143472,-0.8086161,12.4425,7.4375,-0.7175
1222,118667,0.52338,-0.15738,-0.802272,11.8125,9.52,-1.4875
1223,118763,0.5363121,-0.168116,-0.7895841,9.5025,11.375,-3.675
1224,118860,0.5172801,-0.19398,-0.815692,8.05,12.8275,-6.0025
1225,118957,0.53924,-0.158844,-0.812032,6.475,14.8925,-7.2275
1226,119053,0.521184,-0.154696,-0.8095921,6.825,17.8325,-8.505
1227,119150,0.518012,-0.145668,-0.816424,7.0525,21.4375,-9.905
1228,119246,0.4941,-0.120536,-0.8344801,9.0825,26.6525,-10.535
1229,119343,0.521916,-0.241804,-0.824964,15.1025,34.0375,-11.2
1230,119439,0.532164,-0.068076,-0.854,9.4675,40.9675,-12.075
1231,119536,0.544852,-0.12322,-0.853512,15.645,50.575,-10.3425
1232,119633,0.545584,-0.092232,-0.8784,17.6575,61.4075,-6.4225
1233,119729,0.52826,-0.152256,-0.8642481,21.735,75.4425,-1.3475
1234,119826,0.554124,-0.130784,-0.8893801,18.62,90.52751,0.315
1235,119922,0.55144,-0.127856,-0.8991401,18.34,104.3175,0.315
1236,120019,0.573888,-0.143716,-0.898896,19.145,119.7525,2.0125
1237,120116,0.578036,-0.117852,-0.9037761,18.7775,134.4875,4.445
1238,120212,0.599508,-0.133224,-0.876204,23.3625,146.1425,8.015
1239,120309,0.598288,-0.101748,-0.8625401,25.2,158.095,9.9575
1240,120405,0.61122,-0.10858,-0.846436,30.3275,172.83,12.5475
1241,120502,0.6158561,-0.101992,-0.825452,34.93,189.595,12.88
1242,120599,0.672464,-0.152012,-0.832528,43.155,207.62,12.705
1243,120695,0.657336,-0.193492,-0.799588,48.8075,225.1375,9.38
1244,120792,0.793,-0.22326,-0.870104,56.5425,245.0,5.5125
1245,120888,0.913536,-0.36356,-0.914268,68.4425,257.95,-2.1875
1246,120985,1.018944,-0.452376,-0.959408,71.3125,266.035,-17.4825
1247,121081,1.129232,-0.414068,-0.955992,74.725,276.3775,-29.0325
1248,121178,1.151924,-0.5119121,-0.9799041,86.555,282.2925,-38.0625
1249,121275,1.22488,-0.537288,-1.039684,95.06,280.28,-48.5625
1250,121371,1.240984,-0.51972,-1.17852,99.6625,267.9075,-60.095
1251,121468,1.287832,-0.445056,-1.086532,109.3925,251.4925,-67.4625
1252,121564,1.318332,-0.436028,-1.133868,122.01,230.86,-75.9675
1253,121661,1.166076,-0.25254,-1.1956,136.43,203.0175,-82.67
1254,121757,0.489708,-0.53924,-1.171932,147.245,174.02,-88.795
1255,121854,0.73444,-1.144116,-1.525488,138.5475,144.27,-73.6575
1256,121951,0.876692,-1.23098,-1.932236,76.545,103.53,-68.915
1257,122047,0.508008,-0.8549761,-1.722152,13.1775,31.5,-83.685
1258,122144,0.946232,-0.635376,-1.880264,-15.6625,-17.3425,-76.44001
1259,122240,0.39772,-0.503372,-1.526952,-29.19,-90.7375,-70.035
1260,122337,0.116388,-0.264008,-1.217804,-40.0575,-139.685,-77.54251
1261,122434,0.116144,-0.06832001,-1.056764,-37.625,-163.835,-96.46
1262,122530,0.148108,-0.061976,-0.960384,-17.395,-180.1275,-113.295
1263,122627,0.185684,-0.22936,-0.87474,5.075,-194.46,-123.48
1264,122723,0.150304,-0.404796,-0.7259001,11.9,-206.7275,-128.2575
1265,122820,0.115168,-0.500444,-0.618052,3.29,-212.6425,-128.0475
1266,122917,0.136884,-0.527528,-0.5673,-8.085,-209.895,-119.4375
1267,123013,0.194468,-0.5648601,-0.557784,-10.6925,-204.225,-99.82
1268,123110,0.280356,-0.632204,-0.5607121,-3.3775,-198.2225,-67.6725
1269,123206,0.350628,-0.71248,-0.557784,5.565,-193.2875,-24.6225
1270,123303,0.415776,-0.700524,-0.558516,4.6375,-188.37,22.5925
1271,123400,0.490928,-0.589748,-0.569984,-8.68,-184.1875,65.52
1272,123496,0.537776,-0.401868,-0.615124,-29.3825,-181.5975,95.375
1273,123593,0.507032,-0.053436,-0.676612,-49.385,-180.2675,108.8675
1274,123689,0.5648601,0.217648,-0.788608,-50.96,-178.2025,106.3825
1275,123786,0.6836881,0.341356,-0.860832,-35.77,-179.095,91.1925
1276,123883,0.640744,0.299632,-0.760304,-18.3575,-185.185,68.3725
1277,123979,0.49654,0.250344,-0.580232,-11.2875,-184.065,42.0525
1278,124076,0.43554,0.213988,-0.5797441,-7.42,-166.7925,18.06
1279,124172,0.916952,0.168604,-1.053348,15.645,-142.6075,6.2125
1280,124269,1.3176,0.002196,-1.125084,61.04,-146.6325,16.205
1281,124366,1.14802,-0.421632,-0.874984,94.53501,-179.865,29.995
1282,124462,1.053592,-0.523136,-0.678076,82.915,-196.21,36.8025
1283,124559,1.262456,-0.396256,-0.710284,63.0875,-189.5075,43.4525
1284,124656,1.408368,-0.462624,-0.838628,63.945,-186.795,60.0775
1285,124752,1.57624,-0.630008,-0.900848,77.1225,-192.325,87.36
1286,124849,1.552328,-0.8418,-0.81862,71.85501,-204.7675,117.915
1287,124945,1.469856,-0.8405801,-0.6566041,41.9825,-207.935,147.2275
1288,125042,1.522072,-0.745176,-0.55632,6.335,-194.8625,179.27
1289,125138,1.668716,-0.5987761,-0.478728,-22.3825,-172.55,215.04
1290,125235,1.754116,-0.040016,-0.453108,-52.29,-149.0825,248.2725
1291,125332,1.976644,0.355752,-0.383568,-65.2575,-126.3325,263.8125
1292,125428,2.163548,0.5987761,-0.252052,-78.89,-111.86,250.3375
1293,125525,2.361676,0.773236,-0.175436,-99.89,-108.2725,206.01
1294,125621,2.476112,0.949404,-0.0427,-117.8625,-118.2125,145.3375
1295,125718,2.381928,0.9423281,0.34038,-111.6325,-135.7125,84.56
1296,125815,2.464156,0.5777921,0.5934081,-78.1725,-141.365,29.295
1297,125911,2.686684,-0.107604,0.987956,-39.5675,-138.285,-11.4625
1298,126008,2.1777,0.108336,1.883192,-37.1875,-115.3775,-59.8325
1299,126104,3.151748,0.017812,2.239188,3.8325,-52.64,-79.0825
1300,126201,1.3542,-0.543632,1.852692,44.8175,35.385,-42.56
1301,126298,1.29686,-1.248304,-2.515884,47.18,137.8825,12.2675
1302,126394,0.7895841,-0.217648,-1.873432,-9.3975,153.3875,32.9875
1303,126491,1.246108,0.740296,-0.936716,-54.5475,120.05,9.1875
1304,126587,0.812032,0.024156,-1.32614,0.175,122.3075,9.5725
1305,126684,0.166164,0.131028,-0.8559521,-6.475,99.2075,2.1175
1306,126781,0.528016,-0.081252,-0.77836,5.8975,105.0175,-2.0475
1307,126877,0.66978,-0.116632,-0.9120721,13.2825,108.1325,-1.1375
1308,126974,0.793488,-0.035624,-0.9823441,6.86,101.255,-9.3275
1309,127070,0.659776,-0.108092,-0.9386681,9.45,91.7,-16.9575
1310,127167,0.754936,-0.148352,-0.9547721,7.2625,84.4725,-22.715
1311,127264,0.8862081,-0.207888,-0.9635561,4.235,73.3775,-31.045
1312,127360,1.09434,-0.609512,-1.036268,-7.5425,54.9325,-38.255
1313,127457,0.609512,-0.449936,-0.793976,-29.05,30.66,-37.5725
1314,127553,0.8637601,-0.105896,-0.98942,-40.1625,18.8825,-32.8125
1315,127650,0.579256,-0.184464,-0.854,-37.835,1.33,-34.44
1316,127747,0.597556,-0.24644,-0.8364321,-31.045,-4.6025,-31.22
1317,127843,0.556808,-0.217648,-0.83082,-32.55,-8.2425,-28.4375
1318,127940,0.544364,-0.204472,-0.8291121,-32.235,-11.4625,-26.67
1319,128036,0.546072,-0.1403,-0.8425321,-31.955,-10.6225,-25.4275
1320,128133,0.518012,-0.09638,-0.8481441,-30.065,-10.43,-23.765
1321,128229,0.538264,-0.050996,-0.834968,-27.9125,-9.2225,-21.7525
1322,128326,0.5307,-0.026596,-0.8357,-23.415,-8.6275,-17.675
1323,128423,0.548024,-0.103212,-0.831064,-17.325,-8.295,-13.9125
1324,128519,0.513132,0.027084,-0.834724,-12.775,-7.5075,-9.7475
1325,128616,0.502884,-0.149816,-0.81862,-8.1725,-7.28,-7.9625
1326,128712,0.512888,-0.06880801,-0.799588,-8.2775,-6.4575,-5.8625
1327,128809,0.489952,-0.174216,-0.811788,-5.4075,-7.21,-7.385
1328,128906,0.517768,-0.131028,-0.8178881,-5.18,-7.2975,-6.9825
1329,129002,0.508252,-0.08100801,-0.822768,-4.165,-8.26,-8.2775
1330,129099,0.515816,-0.114436,-0.8044681,-1.9425,-9.31,-10.0625
1331,129195,0.502884,-0.025132,-0.82472,-0.875,-10.675,-9.9575
1332,129292,0.49532,-0.003416,-0.82838,5.005,-9.1525,-8.5225
1333,129389,0.480192,-0.063928,-0.8327721,8.785,-7.35,-6.3525
1334,129485,0.509716,-0.05172801,-0.8427761,12.0575,-4.2525,-4.4275
1335,129582,0.516792,-0.06661201,-0.8471681,15.05,-1.8025,-2.3625
1336,129678,0.528504,-0.07442,-0.8291121,15.5925,-0.56,-1.26
1337,129775,0.508008,-0.098332,-0.831552,14.7875,1.12,-0.455
1338,129872,0.506544,-0.12688,-0.831552,16.03,4.0425,-0.49
1339,129968,0.522404,-0.124684,-0.8281361,16.275,7.0175,-1.4175
1340,130065,0.523624,-0.106628,-0.8332601,16.5025,10.7975,-1.6625
1341,130161,0.523868,-0.105164,-0.837408,18.865,15.5925,-0.9625
1342,130258,0.514108,-0.145912,-0.84424,21.455,21.0175,-0.28
1343,130354,0.508984,-0.168604,-0.845948,22.015,27.405,-0.9275
1344,130451,0.48556,-0.211304,-0.85034,20.685,35.3675,-3.2725
1345,130548,0.407724,-0.150304,-0.8893801,17.99,45.885,-6.93
1346,130644,0.488976,-0.185196,-0.911096,19.46,62.545,-8.925
1347,130741,0.49044,-0.154696,-0.906948,22.155,79.0475,-9.31
1348,130838,0.526064,-0.05368,-0.9391561,20.72,94.95501,-7.56
1349,130934,0.538508,-0.077348,-0.916952,22.9425,112.0525,-3.64
1350,131031,0.5058121,-0.08369201,-0.9171961,23.8525,131.0575,0.665
1351,131127,0.52948,-0.085156,-0.9284201,24.465,152.95,4.0425
1352,131224,0.547536,-0.083204,-0.94306,29.925,174.7725,7.595
1353,131320,0.581452,-0.106384,-0.9630681,36.1025,195.3,10.2375
1354,131417,0.531188,-0.147132,-1.008696,44.3975,213.4125,11.165
1355,131514,0.517768,-0.128832,-1.055544,45.675,242.0075,9.5725
1356,131610,0.542656,-0.23668,-1.052372,51.625,282.9225,5.2325
1357,131707,0.614148,-0.2684,-1.251232,54.53,333.0075,-6.8075
1358,131803,0.806176,-0.490684,-1.562576,67.6725,382.69,-21.91
1359,131900,1.368108,-0.62098,-1.599664,75.67,420.3675,-43.26
1360,131997,1.39446,-0.585844,-1.74948,69.6325,445.6725,-72.9575
1361,132093,1.568676,-0.667584,-1.993236,89.6875,453.3725,-89.0575
1362,132190,1.658712,-0.526552,-1.99348,124.5125,436.8,-91.455
1363,132286,1.641388,-0.563152,-1.944924,164.885,389.06,-102.2525
1364,132383,1.751676,-0.797636,-2.171112,200.445,319.445,-117.425
1365,132480,-0.211792,-0.7232161,-1.92028,188.4225,208.8275,-142.17
1366,132576,1.490596,-1.3176,-2.873344,148.1725,106.47,-136.99
1367,132673,0.076372,-1.402024,-2.139148,87.57,6.1775,-133.7
1368,132769,-1.05408,-0.934764,-1.238056,22.12,-83.7725,-139.79
1369,132866,0.13298,-0.515572,-1.625284,5.8975,-47.7225,-119.2625
1370,132963,0.080276,-0.695156,-1.440576,44.87,-81.91751,-73.2725
1371,133059,-0.06880801,-1.03212,-1.232932,65.205,-126.4025,-31.9375
1372,133156,0.09711201,-0.906704,-1.207068,33.5825,-161.0,-10.64
1373,133252,0.148596,-0.51484,-1.180716,-6.7375,-200.0775,-2.1525
1374,133349,0.1342,-0.13054,-1.05408,-19.3375,-239.995,3.0625
1375,133446,0.033184,0.03172,-0.846436,-0.7525,-270.7425,4.8475
1376,133542,0.054412,-0.004392,-0.6661201,29.61,-286.79,3.255
1377,133639,0.21228,-0.155916,-0.568276,50.2775,-290.8675,-0.2625
1378,133735,0.320616,-0.245952,-0.513376,53.2,-292.3725,-3.1325
1379,133832,0.448472,-0.29036,-0.500444,47.3725,-290.885,-2.835
1380,133929,0.504592,-0.343308,-0.51118,42.385,-286.02,6.685
1381,134025,0.49898,-0.33794,-0.509716,37.0475,-275.73,28.21
1382,134122,0.58804,-0.207156,-0.573156,28.8925,-256.9525,52.57
1383,134219,0.945744,-0.003172,-0.7198,28.665,-235.34,71.295
1384,134315,1.05286,0.024156,-0.764696,39.935,-226.065,83.1775
1385,134412,0.826428,0.048312,-0.689056,44.8175,-224.805,84.1225
1386,134508,0.729316,0.196176,-0.691008,42.6825,-209.1075,70.84001
1387,134605,1.074576,0.20862,-1.075552,60.7775,-182.1575,54.635
1388,134701,1.774612,0.112972,-1.197796,103.8275,-170.0125,54.6525
1389,134798,1.769488,-0.382836,-0.94916,139.895,-197.2775,67.795
1390,134895,1.58234,-0.6753921,-0.650016,130.5325,-216.23,82.6
1391,134991,1.489864,-0.59902,-0.490196,87.57,-206.955,100.625
1392,135088,1.526708,-0.496052,-0.435784,53.3575,-181.4575,126.6125
1393,135184,1.668472,-0.600972,-0.437492,38.1325,-151.41,158.27
1394,135281,1.767292,-0.7476161,-0.41846,16.765,-126.56,187.8975
1395,135378,1.85074,-0.53924,-0.422364,-22.9075,-106.7325,210.735
1396,135474,2.000556,-0.152988,-0.429196,-61.705,-90.58001,226.8525
1397,135571,2.142076,0.02074,-0.3355,-81.4275,-84.455,232.7325
1398,135667,2.340692,0.013664,-0.232288,-97.21251,-86.22251,226.905
1399,135764,2.53272,0.021716,-0.068076,-119.525,-96.81,214.375
1400,135861,2.582252,0.057828,0.122244,-152.145,-119.7,192.255
1401,135957,2.711572,0.3355,0.283772,-187.355,-145.2325,157.5
1402,136054,3.111976,0.5248441,0.321104,-192.5875,-171.15,112.8225
1403,136150,2.908236,0.684176,0.568764,-166.6,-217.0525,65.485
1404,136247,2.557852,0.173484,1.438624,-110.8975,-254.9225,14.8575
1405,136344,1.31028,1.095072,2.606652,-107.4675,-181.4575,-58.975
1406,136440,2.37046,0.80276,3.19518,-9.9925,-94.64,-67.41001
1407,136537,0.418948,0.026108,0.500932,79.03,109.62,10.8325
1408,136633,1.394704,-0.888404,-3.449916,84.00001,226.555,47.32
1409,136730,1.186084,0.874252,-1.06018,-14.735,176.715,11.0775
1410,136827,1.696532,0.111996,-1.34322,-1.26,171.0275,-21.5775
1411,136923,0.9484281,-0.3965,-1.39812,42.175,154.595,-12.5475
1412,137020,0.541436,-0.08296,-0.796172,2.52,123.1475,-16.3275
1413,137116,0.606584,-0.126148,-0.92964,17.29,127.225,-12.4075
1414,137213,0.6422081,-0.087352,-0.898408,16.9575,117.18,-19.6525
1415,137310,0.852536,-0.31598,-0.8801081,20.405,109.4275,-28.385
1416,137406,0.9098761,-0.533384,-0.917928,15.995,97.7725,-33.355
1417,137503,0.8718121,-0.431148,-0.9335441,-5.74,80.6225,-39.41
1418,137599,1.075552,-0.42944,-1.128988,-19.6525,67.0075,-37.975
1419,137696,0.881816,-0.285968,-0.8725441,-31.08,42.56,-35.7525
1420,137793,0.66856,-0.27084,-0.8959681,-37.73,20.9475,-33.6
1421,137889,0.657336,-0.17568,-0.884988,-38.5175,15.0675,-29.5225
1422,137986,0.60146,-0.174948,-0.86132,-34.86,5.635,-29.645
1423,138082,0.555832,-0.149816,-0.854732,-32.4625,0.0,-28.2275
1424,138179,0.601216,-0.076616,-0.86498,-28.5775,-0.4725,-25.76
1425,138276,0.531676,-0.144692,-0.836676,-22.1025,-2.0825,-21.8925
1426,138372,0.5363121,-0.188612,-0.8215481,-19.075,-0.595,-18.9
1427,138469,0.508496,-0.226188,-0.81252,-17.8675,0.2625,-16.03
1428,138565,0.541436,-0.120536,-0.843264,-18.1825,1.645,-13.8425
1429,138662,0.48922,-0.170556,-0.8047121,-15.085,0.4725,-12.635
1430,138759,0.525332,-0.13542,-0.811544,-15.8025,0.7,-11.2525
1431,138855,0.529236,-0.161772,-0.80276,-13.5625,-0.245,-10.7625
1432,138952,0.525576,-0.181048,-0.798124,-12.775,-1.5925,-10.535
1433,139048,0.543388,-0.19032,-0.805688,-12.215,-2.695,-10.7275
1434,139145,0.51606,-0.146888,-0.8052,-10.57,-4.55,-11.165
1435,139242,0.509472,-0.154208,-0.8020281,-8.2425,-5.775,-12.1625
1436,139338,0.52338,-0.120536,-0.8142281,-4.2875,-5.0925,-12.2325
1437,139435,0.521184,-0.127612,-0.816668,0.875,-4.8475,-11.6025
1438,139531,0.5172801,-0.10004,-0.831552,3.6575,-4.76,-11.4625
1439,139628,0.529968,-0.068076,-0.834724,6.16,-2.94,-9.7825
1440,139725,0.523136,-0.101748,-0.822768,8.68,-0.525,-7.665
1441,139821,0.5458281,-0.113704,-0.820816,9.3975,1.785,-6.23
1442,139918,0.522648,-0.110044,-0.827404,9.975,3.9375,-4.8825
1443,140014,0.513132,-0.177144,-0.815204,11.6025,6.79,-4.165
1444,140111,0.528504,-0.143228,-0.8149601,11.095,9.905,-5.1975
1445,140207,0.527772,-0.143716,-0.82228,11.1825,13.5275,-5.7225
1446,140304,0.49898,-0.132004,-0.832528,12.9325,18.7425,-5.3375
1447,140401,0.479216,-0.19642,-0.834236,14.9625,26.285,-5.495
1448,140497,0.463356,-0.228384,-0.830576,15.19,35.945,-8.505
1449,140594,0.447252,-0.171044,-0.87108,15.3125,47.6875,-12.915
1450,140690,0.55754,-0.123952,-0.869616,16.24,59.4825,-15.9775
1451,140787,0.549244,-0.16348,-0.866932,17.2725,73.09751,-14.5775
1452,140884,0.571936,-0.037576,-0.892308,14.4025,84.665,-10.955
1453,140980,0.56242,-0.06539201,-0.904752,14.98,97.65,-3.955
1454,141077,0.55754,-0.08442401,-0.904996,16.17,113.47,3.2725
1455,141173,0.534604,-0.109556,-0.9250041,16.835,132.755,7.3675
1456,141270,0.532896,-0.123708,-0.955992,20.7725,153.965,9.73
1457,141367,0.53192,-0.111752,-0.9803921,27.7725,177.2575,10.92
1458,141463,0.523868,-0.119804,-1.044564,38.22,201.285,11.9175
1459,141560,0.467748,-0.114924,-1.088484,48.1775,232.0325,11.69
1460,141656,0.470676,-0.172508,-1.119716,58.3975,274.19,10.0625
1461,141753,0.5309441,-0.253516,-1.144848,66.9025,324.4675,2.24
1462,141849,0.67344,-0.32208,-1.497672,81.90001,380.6775,-8.4
1463,141946,1.286368,-0.532408,-1.60186,99.47001,428.435,-23.3625
1464,142043,1.284172,-0.513376,-1.640412,102.515,456.6275,-45.745
1465,142139,1.432524,-0.51972,-1.84342,115.57,475.23,-65.135
1466,142236,1.81292,-0.375272,-2.002264,146.265,476.8575,-65.7125
1467,142332,1.777784,-0.674172,-1.815116,181.8075,442.365,-77.3325
1468,142429,1.870748,-0.988932,-2.129876,188.335,386.925,-104.7025
1469,142526,1.015284,-0.723948,-2.070584,180.3025,286.6675,-128.8
1470,142622,-1.250988,-0.477508,-2.287988,169.435,178.9025,-127.7325
1471,142719,2.503684,-1.576484,-3.267404,154.6825,110.39,-112.4725
1472,142815,-0.266692,-1.24806,-1.990796,82.3725,-43.4,-131.5475
1473,142912,-0.602192,-0.8679081,-1.49084,27.16,-120.295,-131.285
1474,143009,0.242536,-0.558028,-1.63358,0.1925,-112.7875,-115.9725
1475,143105,0.288896,-0.588284,-1.385676,12.845,-157.675,-83.86001
1476,143202,0.129076,-0.754448,-1.148752,25.2,-206.675,-50.1375
1477,143298,0.109068,-0.7476161,-1.005768,11.55,-243.0225,-24.325
1478,143395,0.15494,-0.537288,-0.9103641,-13.8775,-268.625,-8.015
1479,143491,0.200324,-0.276208,-0.8003201,-27.6675,-290.08,5.075
1480,143588,0.189344,-0.07686,-0.621468,-23.17,-306.5825,12.25
1481,143685,0.09613601,-0.026108,-0.4404201,-5.9675,-314.475,11.655
1482,143781,0.210328,-0.06832001,-0.377712,8.5925,-308.3325,5.46
1483,143878,0.442372,-0.17812,-0.436516,12.8975,-296.7475,-1.645
1484,143974,0.556808,-0.287676,-0.48922,8.715,-292.53,-6.37
1485,144071,0.49044,-0.293288,-0.479704,-0.56,-290.535,-3.5
1486,144168,0.431148,-0.241316,-0.499712,-5.1275,-278.11,9.1175
1487,144264,0.641232,-0.249124,-0.656116,2.94,-254.45,28.2975
1488,144361,0.959896,-0.23058,-0.743468,16.555,-235.8475,50.715
1489,144457,0.995764,-0.290116,-0.815448,27.0025,-231.7,70.245
1490,144554,0.97356,-0.152988,-0.820816,27.8075,-231.5425,77.42
1491,144651,1.093364,0.0061,-0.876692,38.15,-224.2625,76.685
1492,144747,1.20658,-0.021228,-0.862784,69.52751,-219.38,76.9475
1493,144844,1.304912,-0.294264,-0.843752,103.4775,-215.6875,80.7975
1494,144940,1.412272,-0.535092,-0.799588,116.5675,-208.0225,90.56251
1495,145037,1.403488,-0.701256,-0.6944241,107.065,-197.575,105.9275
1496,145134,1.439356,-0.831552,-0.637816,84.5775,-178.885,125.02
1497,145230,1.606984,-0.945744,-0.620736,56.105,-153.09,148.9425
1498,145327,1.955904,-1.025776,-0.5843801,24.9375,-127.3475,177.835
1499,145423,2.215032,-0.572912,-0.59536,-13.3525,-109.3925,208.1975
1500,145520,2.689368,-0.182512,-0.601704,-37.9925,-99.015,232.12
1501,145617,3.218604,-0.027572,-0.427976,-53.235,-108.3075,237.195
1502,145713,3.077328,-0.031232,0.022936,-90.195,-147.9625,221.305
1503,145810,2.794776,0.088328,0.349408,-144.62,-182.07,187.2675
1504,145906,3.099044,0.378444,0.508496,-181.195,-190.4,150.9725
1505,146003,2.93776,-0.324276,1.235372,-175.84,-210.6125,117.635
1506,146100,2.81088,0.6082921,2.122068,-196.7525,-189.385,59.255
1507,146196,2.617632,0.815936,2.633004,-130.62,-132.72,33.04
1508,146293,2.256024,-0.451888,3.6966,20.51,-35.2975,75.775
1509,146389,2.591524,0.66856,3.260816,-29.1375,120.8025,101.9375
1510,146486,1.676768,0.599508,-2.889448,-18.2875,285.46,92.225
1511,146583,1.817068,1.561356,-2.880664,-34.0725,264.8275,26.1275
1512,146679,1.203408,1.63358,-0.7856801,-70.805,163.975,-59.815
1513,146776,1.398852,-0.163236,-1.537688,30.5375,178.2025,-69.44
1514,146872,0.6646561,-0.55022,-0.8949921,26.285,151.6375,-46.3225
1515,146969,0.8596121,-0.40748,-0.814472,8.9075,142.345,-39.7425
1516,147065,1.299788,-0.5063,-1.709952,-4.62,129.325,-49.5425
1517,147162,1.82878,-0.750788,-0.9167081,-33.4425,60.305,-65.765
1518,147259,0.8725441,-0.269376,-0.9191481,-60.375,-18.1475,-54.67
1519,147355,0.72346,-0.210328,-0.7808001,-52.9375,-9.59,-39.725
1520,147452,0.596336,-0.010248,-0.898652,-38.7625,-16.3625,-30.905
1521,147548,0.629764,-0.10736,-0.833504,-33.3725,-10.5175,-19.5825
1522,147645,0.567788,-0.160796,-0.819108,-22.3825,-9.17,-13.7375
1523,147742,0.547536,-0.057828,-0.8554641,-18.9525,-7.84,-10.4825
1524,147838,0.527284,-0.070516,-0.864492,-11.5675,-4.7075,-6.3875
1525,147935,0.527528,-0.081496,-0.8466801,-5.8975,-2.2925,-3.22
1526,148031,0.5368,-0.09247601,-0.825208,-1.435,-1.19,-0.56
1527,148128,0.527284,-0.092964,-0.834236,1.6625,0.4375,0.9975
1528,148225,0.5124001,-0.09882,-0.82228,3.8325,1.645,2.0475
1529,148321,0.5246,-0.07978801,-0.8271601,5.9325,2.9225,4.1475
1530,148418,0.508008,-0.145424,-0.821304,9.2925,4.34,5.2325
1531,148514,0.527528,-0.118828,-0.8052,11.1825,5.075,6.2825
1532,148611,0.533384,-0.148352,-0.799588,15.2775,4.865,7.4025
1533,148707,0.512156,-0.181536,-0.78446,17.1675,2.0125,7.0
1534,148804,0.486048,-0.23302,-0.790804,12.4775,-1.645,1.225
1535,148901,0.514108,-0.210084,-0.788608,8.0675,-3.0625,-4.2875
1536,148997,0.499712,-0.237412,-0.7903161,6.79,-4.9525,-7.7525
1537,149094,0.526552,-0.195932,-0.791048,4.4975,-7.035,-11.025
1538,149190,0.5355801,-0.09906401,-0.8178881,3.57,-8.68,-13.0725
1539,149287,0.5363121,-0.071004,-0.818132,5.4425,-8.33,-11.55
1540,149384,0.545096,-0.068076,-0.820328,8.575,-5.775,-8.0325
1541,149480,0.519476,-0.075884,-0.831552,10.6925,-2.0475,-4.8125
1542,149577,0.508984,-0.150548,-0.818132,12.985,3.395,-2.5375
1543,149673,0.519964,-0.174704,-0.819108,13.685,8.19,-2.2925
1544,149770,0.508252,-0.148108,-0.818132,13.0725,12.2325,-3.29
1545,149867,0.494588,-0.1525,-0.816424,14.315,17.465,-3.92
1546,149963,0.487756,-0.211548,-0.812032,15.26,24.8675,-5.4775
1547,150060,0.436516,-0.255224,-0.8337481,14.525,33.6,-9.2925
1548,150156,0.40748,-0.216672,-0.8657121,15.015,44.9575,-14.4375
1549,150253,0.5363121,-0.099796,-0.884988,15.365,58.9575,-17.57
1550,150350,0.556564,-0.166408,-0.8522921,20.79,73.465,-16.905
1551,150446,0.570472,-0.036844,-0.8935281,20.1775,86.8525,-13.4225
1552,150543,0.599264,-0.042456,-0.9057281,20.7025,102.095,-5.495
1553,150639,0.5777921,-0.046116,-0.8959681,22.5225,115.43,2.52
1554,150736,0.5734,-0.0732,-0.916952,24.29,132.0725,9.555
1555,150833,0.548268,-0.087108,-0.9530641,28.7,151.585,16.17
1556,150929,0.541924,-0.105164,-0.9757561,38.185,172.585,21.5775
1557,151026,0.53192,-0.102724,-1.01382,49.9625,193.725,25.445
1558,151122,0.50264,-0.103944,-1.086776,61.6525,221.7075,27.4575
1559,151219,0.435296,-0.148108,-1.122888,73.465,259.6825,27.475
1560,151316,0.48678,-0.185196,-1.123376,84.7175,307.755,24.3425
1561,151412,0.60268,-0.345992,-1.283684,100.8,363.5275,15.295
1562,151509,0.901336,-0.514596,-1.682868,124.145,418.67,2.7825
1563,151605,1.391044,-0.651236,-1.693604,140.56,456.785,-17.85
1564,151702,1.399584,-0.5843801,-1.73972,146.1075,479.535,-49.5775
1565,151799,1.841224,-0.604876,-2.212348,173.5125,490.3675,-60.795
1566,151895,2.076196,-0.508252,-2.193072,224.14,465.885,-61.11
1567,151992,2.004704,-0.78202,-2.4583,258.16,402.255,-82.7225
1568,152088,1.476688,-0.6885681,-2.334592,271.53,290.15,-115.4825
1569,152185,-1.3969,-0.218868,-2.419748,256.165,158.515,-131.2675
1570,152282,2.403156,-1.375916,-3.587532,240.4325,68.04,-130.375
1571,152378,0.03782,-1.139968,-2.348988,136.43,-70.035,-165.935
1572,152475,-0.8178881,-0.736392,-1.4701,64.75,-180.6,-197.96
1573,152571,0.199592,-0.60146,-1.672132,33.4425,-148.9075,-185.3425
1574,152668,0.414556,-0.754936,-1.449116,44.59,-183.61,-143.7975
1575,152764,0.15494,-1.004304,-1.178276,43.8025,-229.285,-96.88
1576,152861,0.127368,-0.943548,-1.00772,12.1975,-261.835,-59.4125
1577,152958,0.064904,-0.606096,-0.830332,-27.5275,-281.96,-34.16
1578,153054,0.040748,-0.286212,-0.699548,-43.89,-292.1625,-13.8425
1579,153151,0.051972,-0.110044,-0.567544,-34.09,-293.125,1.33
1580,153247,0.085156,-0.17568,-0.510936,-13.51,-289.1875,10.5175
1581,153344,0.296948,-0.249124,-0.558272,-6.02,-280.9275,14.0175
1582,153441,0.515328,-0.304756,-0.632204,-10.5875,-278.705,15.505
1583,153537,0.5458281,-0.342088,-0.661972,-17.3425,-285.3025,17.3075
1584,153634,0.413824,-0.301096,-0.621224,-22.015,-289.975,24.29
1585,153730,0.376736,-0.26352,-0.61732,-20.8425,-281.0675,37.765
1586,153827,0.573888,-0.230092,-0.758596,-13.3525,-260.89,54.32
1587,153924,0.998692,-0.266692,-0.892552,0.7875,-246.12,71.12
1588,154020,1.046028,-0.330864,-0.848632,9.5375,-251.09,87.81501
1589,154117,0.942572,-0.30256,-0.777628,11.725,-256.445,95.6725
1590,154213,0.942084,-0.236924,-0.8967,17.2725,-249.4625,95.6375
1591,154310,1.193404,-0.265228,-1.09922,44.1,-240.38,96.72251
1592,154407,1.497916,-0.506788,-1.147532,79.17,-241.1675,105.91
1593,154503,1.636996,-0.794952,-1.058716,98.4375,-247.0825,124.18
1594,154600,1.808284,-1.045052,-0.964288,90.00251,-246.785,146.4925
1595,154696,2.036668,-1.172664,-0.885476,56.0175,-240.4675,171.255
1596,154793,2.273836,-0.9145121,-0.861808,8.5925,-233.555,196.77
1597,154890,2.570296,-0.412116,-0.810324,-28.665,-225.435,220.6575
1598,154986,2.866024,0.003172,-0.646112,-45.745,-220.92,230.44
1599,155083,3.082208,-0.244488,-0.28914,-57.2775,-220.7625,217.4725
1600,155179,3.03292,0.4514,0.531188,-116.9,-207.69,169.68
1601,155276,3.741984,0.903532,0.59536,-165.2,-181.02,105.245
1602,155373,3.227388,0.852536,1.54574,-131.285,-182.805,75.88
1603,155469,2.937272,0.366244,2.34118,-41.1775,-160.4925,59.5875
1604,155566,3.551908,0.056852,2.617388,10.0275,-78.26,49.6125
1605,155662,3.66488,0.227896,3.116368,10.0625,-8.2075,51.52
1606,155759,3.298148,0.719312,3.71124,-2.625,99.61,70.385
1607,155856,1.894904,0.58316,-2.916288,33.6,261.66,72.1175
1608,155952,1.550864,0.9638,-3.07196,37.3625,248.2025,25.69
1609,156049,1.226832,1.130208,-0.779824,-44.94,157.36,-48.3875
1610,156145,0.9933241,-0.787876,-1.175348,64.855,175.8225,-45.1325
1611,156242,0.456768,-0.395524,-0.666364,22.855,150.2725,-26.9675
1612,156339,1.368108,-0.22326,-0.99552,13.0725,163.38,-28.3675
1613,156435,1.120936,-0.49044,-1.154852,11.5325,136.9725,-45.08
1614,156532,1.565016,-1.070672,-1.246108,-8.12,98.84001,-56.805
1615,156628,0.877668,-0.253028,-0.887672,-50.4525,54.67,-50.085
1616,156725,0.9345201,0.044896,-1.016992,-58.275,26.635,-45.3075
1617,156821,0.725656,-0.446764,-0.79178,-43.2775,19.0925,-34.335
1618,156918,0.678076,-0.031232,-0.9486721,-42.4375,9.59,-26.2325
1619,157015,0.609268,-0.199836,-0.859856,-32.2875,-0.7175,-23.94
1620,157111,0.55388,-0.1403,-0.8576601,-27.685,-3.08,-21.385
1621,157208,0.538508,-0.17324,-0.842288,-23.31,-4.305,-19.7925
1622,157304,0.528504,-0.146156,-0.8532681,-15.96,-0.5075,-15.225
1623,157401,0.5314321,-0.142008,-0.8332601,-11.0075,3.3775,-10.4825
1624,157498,0.553392,-0.108092,-0.8364321,-5.95,5.215,-6.5625
1625,157594,0.536068,-0.11468,-0.8298441,-0.98,6.3175,-2.87
1626,157691,0.51484,-0.137372,-0.81374,2.555,6.6325,-0.2625
1627,157787,0.525088,-0.182756,-0.78812,5.215,7.315,0.5775
1628,157884,0.5206961,-0.177876,-0.778604,5.81,6.9475,-0.3675
1629,157981,0.5248441,-0.192028,-0.78812,6.8075,6.4925,-1.785
1630,158077,0.52826,-0.20252,-0.7869,7.63,7.035,-2.6775
1631,158174,0.517768,-0.205448,-0.793488,8.365,7.595,-3.5525
1632,158270,0.52704,-0.23302,-0.768356,9.59,7.6825,-5.4075
1633,158367,0.523868,-0.232532,-0.752496,8.6275,6.615,-7.5775
1634,158464,0.50996,-0.200812,-0.775188,3.9025,4.34,-11.48
1635,158560,0.535336,-0.182512,-0.787388,0.7,2.0475,-14.9975
1636,158657,0.51484,-0.165676,-0.8091041,0.14,2.52,-16.7125
1637,158753,0.561444,-0.137372,-0.800076,-0.735,5.11,-17.675
1638,158850,0.558028,-0.110288,-0.803736,-0.4725,7.455,-17.08
1639,158946,0.5587601,-0.160552,-0.793,2.555,10.2025,-14.875
1640,159043,0.55632,-0.155916,-0.80886,3.6575,12.8275,-14.175
1641,159140,0.547292,-0.17446,-0.8149601,5.04,16.555,-13.545
1642,159236,0.517524,-0.16958,-0.821304,7.0,21.3675,-13.1075
1643,159333,0.493612,-0.204472,-0.8298441,10.64,29.12,-13.4225
1644,159429,0.460428,-0.226432,-0.8378961,13.0025,38.115,-15.54
1645,159526,0.572424,-0.174704,-0.85034,11.3925,50.5925,-16.8875
1646,159623,0.5607121,-0.19032,-0.8488761,16.5025,60.655,-18.4625
1647,159719,0.599264,-0.095648,-0.878156,13.2475,72.8175,-16.6775
1648,159816,0.605852,-0.07856801,-0.898652,13.3525,86.32751,-10.78
1649,159912,0.58682,-0.025132,-0.8913321,15.1725,101.0275,-2.0475
1650,160009,0.586576,-0.047824,-0.9006041,17.29,119.5425,6.7375
1651,160106,0.582916,-0.040504,-0.904996,20.055,138.7225,15.3825
1652,160202,0.576572,-0.1037,-0.8976761,26.7575,157.4475,21.3675
1653,160299,0.576572,-0.111996,-0.9103641,32.6725,174.9125,24.7625
1654,160395,0.52338,-0.11102,-0.9684361,37.1175,198.1875,25.1125
1655,160492,0.488732,-0.139812,-0.9943001,47.8275,226.835,23.905
1656,160589,0.48068,-0.155672,-1.062376,59.08,264.425,20.5625
1657,160685,0.570472,-0.320616,-1.088728,73.08,311.3075,12.88
1658,160782,0.6497721,-0.330376,-1.319796,87.4125,363.895,2.625
1659,160878,1.218536,-0.507032,-1.483764,109.8475,411.6525,-6.405
1660,160975,1.421544,-0.611464,-1.687504,126.98,443.3975,-27.44
1661,161071,1.3298,-0.598288,-1.834636,141.435,468.09,-48.825
1662,161168,1.979328,-0.620248,-2.176968,171.71,478.905,-53.9
1663,161265,2.06302,-0.783972,-2.243092,214.585,449.4525,-60.06
1664,161361,2.265052,-1.31882,-2.590548,243.04,373.38,-90.30001
1665,161458,1.25416,-0.53802,-2.40828,224.7,240.695,-120.365
1666,161554,-2.151104,-1.246596,-2.424384,196.14,108.9725,-138.46
1667,161651,2.439024,-1.4884,-3.596804,146.86,68.2325,-92.3825
1668,161748,-1.131184,-1.167052,-1.924916,50.6625,-96.86251,-124.8975
1669,161844,-0.5016641,-0.769576,-1.860256,11.41,-119.9275,-138.4425
1670,161941,0.554856,-0.740296,-2.013,9.0475,-112.7175,-109.41
1671,162037,0.198372,-0.90158,-1.643828,14.35,-180.145,-72.905
1672,162134,0.111264,-0.874252,-1.42862,-4.655,-230.65,-51.24
1673,162231,0.220088,-0.552904,-1.284416,-39.1125,-265.1425,-42.77
1674,162327,0.21594,-0.24156,-1.075308,-53.865,-296.2925,-35.6475
1675,162424,0.11712,-0.084912,-0.844972,-43.365,-317.87,-25.0775
1676,162520,0.105408,-0.096624,-0.691496,-24.08,-324.905,-17.2375
1677,162617,0.184708,-0.202032,-0.60024,-12.95,-323.1725,-12.46
1678,162714,0.303048,-0.254492,-0.585112,-18.0775,-318.15,-9.52
1679,162810,0.44286,-0.316468,-0.6222,-29.4175,-314.195,-8.96
1680,162907,0.572424,-0.31232,-0.668316,-38.6225,-312.1475,-8.3825
1681,163003,0.5941401,-0.29646,-0.66978,-35.49,-309.995,1.6625
1682,163100,0.5926761,-0.326228,-0.653188,-21.2975,-300.8775,21.7
1683,163197,0.720044,-0.322324,-0.74298,-6.3175,-281.365,43.015
1684,163293,1.033096,-0.273768,-0.8769361,7.0175,-262.64,61.6175
1685,163390,1.19804,-0.257176,-0.928176,21.1925,-259.035,74.7425
1686,163486,1.19804,-0.28182,-0.898164,35.0175,-264.53,76.65
1687,163583,1.26026,-0.286944,-0.883036,49.5425,-264.915,71.19
1688,163680,1.467172,-0.358192,-0.928664,73.78,-258.895,70.1925
1689,163776,1.634312,-0.636596,-0.868884,104.86,-254.8525,79.7475
1690,163873,1.663104,-0.875472,-0.763232,116.6025,-248.6225,98.68251
1691,163969,1.708244,-0.990884,-0.70028,103.495,-234.78,122.5525
1692,164066,1.78852,-0.9869801,-0.724436,74.795,-216.4925,146.475
1693,164163,1.88124,-0.976,-0.6897881,42.35,-200.62,166.915
1694,164259,1.98494,-0.844972,-0.616832,10.0275,-184.59,186.655
1695,164356,2.060336,-0.161528,-0.579012,-17.9725,-166.11,204.785
1696,164452,2.35582,0.406016,-0.576084,-20.4575,-143.22,215.95
1697,164549,2.878956,0.496784,-0.476288,0.9975,-132.7375,206.36
1698,164645,3.136864,0.330864,-0.07442,-0.21,-144.935,180.285
1699,164742,2.939712,0.33672,0.549,-40.4775,-166.7225,140.9275
1700,164839,2.908236,0.437248,1.08336,-73.255,-163.485,97.3875
1701,164935,3.02072,0.185196,1.500356,-61.32,-144.41,67.76
1702,165032,2.88408,-0.079056,2.096448,-40.39,-117.5125,41.86
1703,165128,3.294976,0.254492,2.148176,-68.6875,-61.915,17.955
1704,165225,2.600796,0.672708,2.570296,-72.59,1.26,18.1825
1705,165322,1.760948,0.637816,2.308728,-24.57,94.93751,45.465
1706,165418,1.041148,0.4575,-2.829912,17.8675,246.575,80.57
1707,165515,1.156072,1.08458,-2.386808,0.8400001,261.5025,42.525
1708,165611,2.121336,1.033584,-1.081408,-33.9325,230.16,-21.105
1709,165708,1.441308,-0.45262,-1.563796,45.9025,218.19,-42.1575
1710,165805,0.808372,-0.481168,-0.8967,14.525,177.7475,-43.6275
1711,165901,1.16754,-0.22326,-0.960384,-0.035,174.125,-41.475
1712,165998,1.303448,-0.050264,-1.249768,2.0475,158.8475,-42.56
1713,166094,1.148996,-0.523624,-1.179984,0.2625,120.7675,-64.1375
1714,166191,1.5128,-1.267336,-0.862784,-7.0,84.2275,-60.62
1715,166287,0.696376,-0.1586,-0.997472,-65.45,41.1425,-48.02
1716,166384,1.014552,0.070028,-1.008452,-59.1675,34.6325,-38.885
1717,166481,0.685396,-0.362584,-0.825208,-37.415,11.305,-33.4075
1718,166577,0.671976,-0.07832401,-0.964776,-41.3,8.1725,-23.9925
1719,166674,0.60268,-0.155184,-0.8554641,-27.93,4.025,-20.4575
1720,166770,0.538508,-0.133956,-0.851072,-22.05,2.6775,-16.38
1721,166867,0.5397281,-0.181292,-0.8239881,-17.92,2.6425,-14.315
1722,166964,0.53314,-0.195932,-0.811788,-14.6125,2.5725,-12.67
1723,167060,0.528748,-0.233752,-0.792756,-12.9675,1.3475,-12.355
1724,167157,0.542412,-0.226432,-0.803248,-12.67,1.9775,-11.935
1725,167253,0.543632,-0.102236,-0.8127641,-9.1175,4.235,-7.8925
1726,167350,0.538264,-0.125416,-0.8149601,-5.3725,4.4975,-4.6025
1727,167447,0.50142,-0.18666,-0.789828,-2.555,4.27,-2.835
1728,167543,0.508252,-0.20374,-0.784704,-1.505,4.095,-3.7975
1729,167640,0.5248441,-0.184952,-0.791536,-1.89,4.1475,-6.2125
1730,167736,0.530212,-0.179096,-0.793976,-2.7475,3.8325,-8.1375
1731,167833,0.50752,-0.183732,-0.8030041,-2.9575,3.22,-9.765
1732,167930,0.506056,-0.207644,-0.774944,-3.0625,2.2925,-11.7075
1733,168026,0.50752,-0.212524,-0.758352,-4.48,1.4525,-15.05
1734,168123,0.518988,-0.142008,-0.812276,-6.0375,0.42,-17.395
1735,168219,0.5368,-0.176168,-0.7978801,-3.4475,-0.0525,-17.6575
1736,168316,0.561444,-0.100528,-0.81618,-2.415,0.5075,-17.9025
1737,168413,0.561932,-0.117852,-0.8052,0.2975,3.2025,-15.2775
1738,168509,0.560224,-0.158112,-0.8020281,3.6575,5.46,-11.9875
1739,168606,0.531676,-0.186172,-0.809348,5.25,7.0525,-11.2875
1740,168702,0.547292,-0.208376,-0.813984,6.2475,10.57,-11.9
1741,168799,0.546804,-0.177632,-0.818376,5.81,14.6475,-13.2125
1742,168896,0.523136,-0.149084,-0.8298441,6.825,18.8825,-13.965
1743,168992,0.489708,-0.203984,-0.836188,10.9025,26.6175,-14.4025
1744,169089,0.4392,-0.221064,-0.866688,15.5225,38.9375,-16.905
1745,169185,0.496296,-0.101016,-0.892064,16.94,54.67,-19.075
1746,169282,0.540948,-0.17446,-0.8713241,21.5075,73.08,-16.275
1747,169379,0.559248,-0.048312,-0.908656,21.28,89.6875,-11.8825
1748,169475,0.576328,-0.057096,-0.9154881,19.425,107.1875,-4.5675
1749,169572,0.585356,-0.043432,-0.9052401,19.845,124.74,3.3425
1750,169668,0.556564,-0.052704,-0.913536,20.965,144.0425,10.0975
1751,169765,0.5553441,-0.08784,-0.916952,25.935,165.445,16.765
1752,169862,0.558272,-0.119804,-0.9396441,34.195,185.57,20.8425
1753,169958,0.495808,-0.144692,-0.987956,40.8975,208.1625,20.65
1754,170055,0.4636,-0.139812,-1.014064,46.7425,240.8875,17.955
1755,170151,0.416264,-0.204472,-1.064084,58.0825,282.0125,13.16
1756,170248,0.492636,-0.287188,-1.11752,68.425,331.555,3.36
1757,170344,0.60024,-0.380152,-1.327848,85.3125,386.5575,-9.45
1758,170441,1.46644,-0.634156,-1.61162,107.8875,437.3775,-27.3
1759,170538,1.57868,-0.593896,-1.778272,119.28,467.9325,-49.91
1760,170634,1.441552,-0.647576,-2.041548,140.56,485.5375,-68.74
1761,170731,2.007876,-0.510448,-2.186728,185.0275,487.97,-63.7525
1762,170827,1.965908,-0.5119121,-2.193316,232.1025,452.8475,-66.7625
1763,170924,2.160864,-1.128744,-2.519056,270.3575,379.0675,-97.6325
1764,171021,1.497672,-0.595116,-2.455128,260.785,250.7225,-124.6
1765,171117,-1.5921,-1.324432,-2.293844,237.86,95.1825,-131.11
1766,171214,2.528328,-1.999824,-3.34036,177.975,44.4325,-102.0425
1767,171310,-0.941352,-1.52866,-1.751432,46.7425,-126.42,-135.1175
1768,171407,-0.70028,-0.71126,-1.570872,-29.225,-151.2525,-143.71
1769,171504,0.320372,-0.546804,-1.78242,-30.1,-118.7725,-107.835
1770,171600,0.184952,-0.6944241,-1.505968,-6.16,-166.74,-62.5275
1771,171697,0.020252,-0.833504,-1.28954,-3.885,-214.7425,-31.185
1772,171793,0.090768,-0.587308,-1.15656,-35.1925,-249.7075,-19.53
1773,171890,0.02562,-0.177388,-0.965996,-60.095,-279.65,-19.3375
1774,171987,0.026352,0.111508,-0.821304,-52.5875,-298.585,-18.9
1775,172083,0.09589201,0.14518,-0.706136,-19.5475,-307.1425,-17.7625
1776,172180,0.239608,-0.022204,-0.632448,13.9475,-310.7825,-16.9225
1777,172276,0.412116,-0.256932,-0.604388,25.83,-311.535,-16.905
1778,172373,0.532164,-0.37454,-0.615124,14.3325,-313.18,-18.305
1779,172470,0.562908,-0.377712,-0.6405,-4.095,-315.7525,-16.4675
1780,172566,0.517768,-0.346236,-0.651968,-13.51,-313.7925,-3.5
1781,172663,0.4209,-0.326228,-0.63928,-11.4275,-302.015,22.4525
1782,172759,0.521672,-0.321592,-0.73078,-1.19,-278.6,49.5075
1783,172856,0.9372041,-0.272548,-0.886452,12.915,-255.5,71.2775
1784,172953,1.081896,-0.28182,-0.919392,28.28,-252.1225,86.87
1785,173049,1.133136,-0.255956,-0.9423281,43.785,-257.4775,93.5375
1786,173146,1.232444,-0.285968,-0.9999121,64.4525,-257.88,97.7025
1787,173242,1.293688,-0.430904,-0.9718521,89.79251,-258.6675,104.6675
1788,173339,1.417396,-0.631716,-0.9125601,106.4175,-251.0375,116.725
1789,173435,1.539152,-0.7991,-0.840336,107.1,-234.6225,134.4875
1790,173532,1.658712,-0.989908,-0.748348,91.1225,-212.17,156.4675
1791,173629,1.918572,-1.166076,-0.687348,57.8025,-184.0475,181.3525
1792,173725,2.274324,-0.9994241,-0.6466,9.975,-156.555,205.4325
1793,173822,2.74744,-0.436272,-0.7639641,-29.8725,-135.9225,227.6225
1794,173918,3.501644,-0.16104,-0.793244,-37.3625,-131.67,244.825
1795,174015,3.714412,-0.07515201,-0.403576,-49.0,-167.1075,244.3
1796,174112,3.562644,-0.04026,0.078812,-91.8575,-214.9175,218.4175
1797,174208,3.291804,0.149328,0.468968,-154.9275,-249.48,176.0325
1798,174305,3.040484,0.335256,0.83082,-180.74,-265.7375,137.55
1799,174401,2.976068,0.295728,1.57746,-150.7625,-263.725,110.355
1800,174498,2.84016,0.476044,2.192828,-109.3925,-215.25,82.9325
1801,174595,3.194448,0.045384,2.6047,-24.115,-152.1625,89.72251
1802,174691,2.474648,0.062464,3.615104,10.7975,-57.9075,111.2125
1803,174788,1.863672,1.109468,2.365824,-5.53,113.225,126.0
1804,174884,1.427644,0.176412,-3.793468,78.26,278.915,105.735
1805,174981,0.6265921,1.752652,-2.13866,0.98,231.4025,27.5625
1806,175078,1.703608,0.759328,-1.18218,4.1125,206.8325,-51.1
1807,175174,1.285392,-0.5206961,-1.430816,85.505,208.04,-58.135
1808,175271,0.649528,-0.47946,-0.801296,49.3325,173.425,-43.6975
1809,175367,1.038952,-0.338916,-1.024312,46.2,175.77,-36.505
1810,175464,0.86864,-0.10248,-1.008208,34.0725,155.9075,-42.7525
1811,175561,0.921344,-0.419436,-0.869616,35.8225,138.81,-55.2825
1812,175657,0.9396441,-0.9520881,-0.758108,31.1675,122.605,-66.29
1813,175754,1.064816,-1.009916,-0.97966,-1.7325,109.235,-59.6225
1814,175850,1.251232,-0.664168,-0.922564,-40.775,82.9325,-48.5625
1815,175947,0.731756,-0.171532,-0.947452,-75.7575,43.6625,-52.1675
1816,176044,0.71614,-0.323788,-0.860344,-66.6225,27.0725,-51.2925
1817,176140,0.720288,-0.276452,-0.879376,-70.8925,12.1975,-50.47
1818,176237,0.646844,-0.06636801,-0.942572,-71.6275,6.5275,-45.01
1819,176333,0.633424,-0.108824,-0.88328,-58.2925,2.835,-39.7425
1820,176430,0.5978,-0.013908,-0.921832,-50.1725,2.5375,-31.9725
1821,176527,0.560224,-0.151768,-0.869128,-37.065,-0.42,-25.9175
1822,176623,0.550708,-0.094672,-0.845704,-29.995,0.56,-20.125
1823,176720,0.5612,-0.18056,-0.819108,-24.92,0.91,-16.9925
1824,176816,0.5499761,-0.112728,-0.8430201,-19.6875,0.8400001,-11.9175
1825,176913,0.529724,-0.145668,-0.8239881,-15.2425,1.7325,-8.4875
1826,177010,0.5185,-0.152744,-0.81618,-11.48,1.8025,-5.6525
1827,177106,0.48312,-0.157136,-0.8066641,-8.575,1.19,-5.3025
1828,177203,0.500444,-0.121268,-0.817644,-6.86,1.19,-5.5125
1829,177299,0.495564,-0.172508,-0.826672,-2.9225,-0.8925,-6.615
1830,177396,0.500688,-0.203008,-0.8100801,0.9625,-1.6975,-8.6625
1831,177493,0.509472,-0.1769,-0.797392,2.415,-1.12,-11.375
1832,177589,0.529724,-0.1464,-0.8030041,4.62,0.3675,-12.81
1833,177686,0.523868,-0.105896,-0.822036,6.09,1.75,-13.265
1834,177783,0.548756,-0.075396,-0.828624,7.875,3.43,-12.04
1835,177879,0.53314,-0.063684,-0.827404,10.0625,5.8975,-9.2575
1836,177976,0.51606,-0.166896,-0.8256961,13.65,9.905,-5.915
1837,178072,0.499956,-0.216916,-0.805444,14.9975,14.07,-6.1075
1838,178169,0.49532,-0.181536,-0.8322841,14.07,18.515,-9.0125
1839,178266,0.5119121,-0.179096,-0.834968,15.365,26.1975,-9.59
1840,178362,0.487024,-0.236436,-0.828868,17.29,36.225,-10.3775
1841,178459,0.487268,-0.197152,-0.8549761,17.255,46.3575,-14.7
1842,178555,0.466772,-0.150548,-0.8801081,18.34,59.6925,-18.5675
1843,178652,0.5594921,-0.163968,-0.878888,18.4275,76.9825,-18.3575
1844,178748,0.582672,-0.061488,-0.908656,19.915,91.595,-15.68
1845,178845,0.601948,-0.013664,-0.9125601,16.555,107.9225,-8.6975
1846,178942,0.591944,-0.028792,-0.9079241,20.335,124.53,0.8225
1847,179038,0.571692,-0.0488,-0.911096,20.265,142.1175,9.94
1848,179135,0.557052,-0.117852,-0.925736,25.4275,161.56,16.8175
1849,179231,0.581208,-0.135176,-0.921832,30.6775,181.16,19.7225
1850,179328,0.526064,-0.15006,-0.976976,37.8875,200.515,18.9875
1851,179425,0.481168,-0.133712,-1.005524,44.1,228.3225,15.575
1852,179521,0.468724,-0.176168,-1.094584,55.125,267.96,10.99
1853,179618,0.48678,-0.275232,-1.148996,68.4075,315.8575,2.1525
1854,179714,0.589992,-0.40992,-1.419104,85.47,371.35,-9.8875
1855,179811,1.211704,-0.507276,-1.602836,102.9175,422.66,-26.6
1856,179908,1.413492,-0.531676,-1.73484,116.97,456.785,-46.6375
1857,180004,1.327848,-0.599996,-1.928088,138.04,480.41,-64.4525
1858,180101,1.968348,-0.45384,-2.177456,180.495,488.1275,-59.29
1859,180198,2.070828,-0.550952,-2.252852,226.0475,456.715,-61.005
1860,180294,2.225036,-1.163636,-2.606896,255.605,379.6275,-88.30501
1861,180391,1.32736,-0.570472,-2.348988,240.8875,244.3875,-120.19
1862,180487,-2.268224,-1.138748,-2.402668,209.1075,100.8525,-133.35
1863,180584,2.480016,-1.30418,-3.558496,155.8375,59.115,-97.26501
1864,180681,-1.059448,-1.15778,-1.918084,71.365,-107.3625,-133.0525
1865,180777,-0.765428,-0.6832,-1.601616,20.72,-139.685,-145.635
1866,180874,0.390888,-0.632204,-1.834636,15.33,-116.83,-123.6375
1867,180970,0.229604,-0.836188,-1.503528,30.8,-169.0675,-82.985
1868,181067,0.125904,-0.995032,-1.2627,26.4425,-218.225,-49.175
1869,181164,0.29768,-0.7890961,-1.153388,-8.1725,-250.6175,-30.1525
1870,181260,0.264496,-0.421144,-0.9777081,-38.255,-282.52,-19.5125
1871,181357,0.24278,-0.087352,-0.787388,-41.7725,-304.71,-10.6575
1872,181453,0.184708,-0.035868,-0.59292,-21.525,-314.37,-4.9
1873,181550,0.26718,-0.136396,-0.48434,0.0525,-310.625,-1.435
1874,181647,0.431148,-0.335744,-0.489464,4.9875,-300.055,1.3825
1875,181743,0.523868,-0.475312,-0.52216,-4.585,-294.6825,5.6525
1876,181840,0.518988,-0.461648,-0.554368,-21.665,-289.38,17.57
1877,181936,0.503128,-0.387472,-0.582672,-32.095,-279.3,40.18
1878,182033,0.574132,-0.327936,-0.654164,-34.8075,-262.4475,67.1125
1879,182130,0.7747001,-0.289628,-0.730048,-31.745,-245.28,89.1975
1880,182226,1.015772,-0.266692,-0.8210601,-27.8775,-234.99,104.1775
1881,182323,0.9874681,-0.238388,-0.823744,-26.495,-237.5975,109.62
1882,182419,0.9818561,-0.154452,-0.871568,-23.7125,-239.4525,102.8475
1883,182516,1.102148,-0.101748,-0.9999121,-7.07,-237.79,94.37751
1884,182613,1.223904,-0.13298,-1.071648,28.595,-240.45,92.82001
1885,182709,1.340292,-0.307684,-1.046516,68.6,-244.7025,99.7325
1886,182806,1.415688,-0.49776,-0.994544,95.235,-244.6325,111.4225
1887,182902,1.53964,-0.692228,-0.949648,101.71,-236.3025,127.8375
1888,182999,1.699704,-0.836188,-0.8637601,89.285,-222.2325,148.4875
1889,183096,1.892952,-0.6985721,-0.7895841,61.2675,-204.5225,170.6775
1890,183192,2.331908,-0.465552,-0.768844,34.4925,-184.7475,188.8425
1891,183289,2.80966,-0.284748,-0.696132,8.82,-175.245,193.41
1892,183385,3.074644,-0.272792,-0.566568,-27.1775,-184.2925,177.135
1893,183482,3.105632,0.233996,0.14762,-85.015,-196.28,136.5875
1894,183579,3.563376,0.419436,0.287188,-136.64,-198.5375,86.5375
1895,183675,3.290828,0.554124,1.081652,-142.38,-210.2975,52.9725
1896,183772,2.950936,0.61122,1.862696,-112.28,-202.5625,21.91
1897,183868,3.141012,-0.075884,2.49734,-30.835,-146.0375,17.99
1898,183965,3.132716,-0.339648,2.947764,6.1075,-70.3325,40.25
1899,184062,3.211284,-0.009516001,3.65878,-10.395,36.33,80.3775
1900,184158,2.504904,0.731024,1.581852,-23.555,205.345,113.855
1901,184255,2.03496,0.428464,-4.050156,42.2975,295.9425,99.54
1902,184351,1.133868,1.842444,-1.861232,-51.1175,216.0025,19.0575
1903,184448,1.347612,0.763232,-1.013088,-14.49,176.4525,-49.735
1904,184545,0.705404,-0.58194,-1.074332,63.4725,180.215,-41.965
1905,184641,0.5702281,-0.347944,-0.598532,17.4125,164.325,-37.59
1906,184738,1.170468,-0.345992,-0.8908441,14.1225,176.085,-43.785
1907,184834,1.351028,-0.734928,-1.596248,-3.2025,148.47,-69.1425
1908,184931,1.602104,-0.9486721,-0.871568,-45.9375,90.265,-78.2075
1909,185028,1.171688,-0.200324,-1.215364,-93.24,25.0075,-68.18
1910,185124,0.79178,0.085888,-0.9589201,-81.41001,9.8175,-51.8875
1911,185221,0.670024,-0.318908,-0.829356,-44.9925,-17.255,-42.4375
1912,185317,0.628788,-0.11346,-0.875472,-51.695,-15.82,-32.0075
1913,185414,0.590968,-0.194468,-0.858148,-38.64,-14.9975,-28.175
1914,185511,0.513864,-0.056852,-0.8671761,-33.775,-13.6325,-23.555
1915,185607,0.52216,-0.157624,-0.8481441,-22.295,-9.17,-18.1125
1916,185704,0.511424,-0.082472,-0.8466801,-16.3275,-5.74,-15.1725
1917,185800,0.5594921,-0.063684,-0.844972,-11.6025,-2.5375,-11.5325
1918,185897,0.508008,-0.079056,-0.850584,-4.97,-1.855,-6.7725
1919,185994,0.518988,-0.133712,-0.8317961,-0.1925,-0.0175,-3.99
1920,186090,0.544852,-0.121268,-0.8030041,1.26,1.6625,-3.3075
1921,186187,0.542412,-0.10736,-0.805688,1.925,0.9975,-2.205
1922,186283,0.509716,-0.146888,-0.819108,4.2525,-0.3325,-0.4375
1923,186380,0.504104,-0.153476,-0.816424,4.865,-1.12,-0.21
1924,186476,0.53924,-0.19398,-0.787632,6.4225,-0.35,-0.4375
1925,186573,0.526308,-0.21228,-0.78812,7.5775,-1.8375,-1.75
1926,186670,0.5172801,-0.149328,-0.806176,6.86,-4.0425,-3.5175
1927,186766,0.52094,-0.1159,-0.807396,8.1025,-4.41,-3.955
1928,186863,0.519232,-0.079544,-0.82838,9.9925,-3.955,-3.2025
1929,186960,0.5063,-0.083936,-0.8296,12.0925,-1.4,-1.6975
1930,187056,0.495564,-0.09516001,-0.837164,15.365,3.5875,1.3125
1931,187153,0.508008,-0.13176,-0.8281361,19.4075,10.5525,3.815
1932,187249,0.504836,-0.14518,-0.820328,22.0325,16.485,4.4625
1933,187346,0.512888,-0.148596,-0.8193521,22.3475,21.8925,3.8675
1934,187443,0.498248,-0.196176,-0.8235001,23.275,27.9125,2.6075
1935,187539,0.451888,-0.229604,-0.8256961,23.24,34.825,-0.6475
1936,187636,0.348676,-0.278648,-0.8471681,22.4175,43.61,-7.0175
1937,187732,0.491172,-0.219356,-0.856196,20.58,57.2425,-13.405
1938,187829,0.490928,-0.297436,-0.8291121,20.7725,70.805,-18.9875
1939,187925,0.5607121,-0.138836,-0.8601,16.7125,82.8275,-22.0325
1940,188022,0.612684,-0.073688,-0.881816,14.245,96.6875,-18.9525
1941,188119,0.6036561,-0.051484,-0.8954801,14.7175,107.7475,-12.5475
1942,188215,0.602436,-0.034648,-0.898896,14.1925,121.1525,-5.075
1943,188312,0.607804,-0.02562,-0.8784,17.92,139.265,3.465
1944,188408,0.589504,-0.044652,-0.901336,24.955,157.15,12.18
1945,188505,0.618784,-0.084912,-0.87962,33.67,173.67,19.74
1946,188602,0.581208,-0.098576,-0.9254921,41.16,190.9075,25.0075
1947,188698,0.51362,-0.15006,-0.970632,49.0875,214.41,26.285
1948,188795,0.483364,-0.160796,-0.9623361,58.7825,245.8225,23.9925
1949,188891,0.527284,-0.198372,-1.045296,71.1375,286.6675,17.29
1950,188988,0.5397281,-0.335744,-1.206824,88.7775,335.195,8.2425
1951,189085,0.807396,-0.468236,-1.489376,106.1025,387.695,-2.52
1952,189181,1.256356,-0.513864,-1.48474,125.7025,429.485,-15.47
1953,189278,1.525244,-0.6980841,-1.691652,142.9925,457.2925,-41.5275
1954,189374,1.69702,-0.6222,-2.005192,163.6425,478.345,-54.0925
1955,189471,2.283596,-0.6844201,-2.177944,201.565,475.3,-54.7225
1956,189567,2.211616,-0.635132,-2.408768,228.445,426.5975,-67.375
1957,189664,1.865136,-0.8596121,-2.678388,249.8475,333.7775,-99.365
1958,189761,0.67832,-0.305976,-2.168916,242.1125,195.4225,-128.765
1959,189857,-0.162748,-0.398452,-2.719136,228.1825,78.085,-135.24
1960,189954,2.002508,-1.3298,-3.148576,200.725,22.645,-150.9375
1961,190050,-0.92354,-1.131672,-1.430816,107.31,-171.395,-195.2125
1962,190147,-0.238388,-0.811544,-1.40666,54.3025,-139.9125,-194.6525
1963,190244,0.411628,-0.8169121,-1.447652,40.495,-128.695,-155.295
1964,190340,0.191052,-0.95038,-1.20658,34.7725,-162.785,-101.7975
1965,190437,0.1098,-0.976976,-1.074576,14.98,-190.435,-53.235
1966,190533,0.220088,-0.74298,-1.025532,-23.8175,-213.01,-21.63
1967,190630,0.206424,-0.385032,-0.94062,-53.9,-238.5775,-0.735
1968,190727,0.184464,-0.07808001,-0.838628,-59.605,-263.305,13.895
1969,190823,0.122244,0.072712,-0.67832,-46.165,-281.4525,20.8075
1970,190920,0.152744,0.02928,-0.55632,-26.11,-289.8525,19.495
1971,191016,0.289628,-0.102236,-0.525576,-15.89,-289.73,13.09
1972,191113,0.387472,-0.228384,-0.521916,-18.795,-291.0075,5.845
1973,191209,0.469212,-0.3172,-0.543876,-29.365,-292.32,1.785
1974,191306,0.488976,-0.361364,-0.605852,-37.135,-290.6225,9.0475
1975,191403,0.488488,-0.322324,-0.61732,-38.955,-284.095,29.8375
1976,191499,0.633668,-0.284504,-0.671244,-32.1825,-269.2375,53.2
1977,191596,0.97966,-0.244732,-0.796904,-21.4375,-255.955,69.615
1978,191692,1.120448,-0.28304,-0.85034,-6.51,-260.4175,75.11
1979,191789,1.045296,-0.283284,-0.781776,5.7575,-274.085,71.05
1980,191886,1.046028,-0.257176,-0.790072,21.6125,-278.18,65.17
1981,191982,1.125572,-0.290116,-0.82838,51.4325,-274.295,64.8375
1982,192079,1.294664,-0.540704,-0.8596121,89.88,-267.995,73.745
1983,192175,1.44082,-0.826672,-0.826428,116.1825,-257.9325,94.78
1984,192272,1.497428,-1.077748,-0.731512,117.215,-244.265,121.6075
1985,192368,1.700436,-1.177788,-0.61488,92.69751,-222.4775,149.345
1986,192465,1.99104,-1.182424,-0.591212,54.005,-198.975,173.7575
1987,192562,2.394372,-0.9581881,-0.668072,18.0775,-182.875,192.85
1988,192658,2.596648,-0.291092,-0.695156,-1.0675,-178.5525,211.715
1989,192755,2.769888,0.162016,-0.519964,6.7375,-181.755,220.5525
1990,192851,3.019012,0.414312,-0.283284,18.0425,-185.8675,205.24
1991,192948,3.323524,0.443348,-0.05124001,11.27,-193.515,170.065
1992,193045,2.978752,0.558516,0.571692,-24.4125,-213.7275,127.3475
1993,193141,2.680096,0.246928,1.448628,-53.6025,-205.7825,80.01
1994,193238,3.288632,0.070028,1.680916,-97.8775,-141.82,23.8
1995,193334,3.643408,0.105652,2.100596,-100.4675,-102.795,8.75
1996,193431,2.868708,0.152256,2.886276,-77.7875,-71.9075,24.4475
1997,193528,2.733532,0.102968,3.558984,-36.8725,38.0275,80.3775
1998,193624,1.805112,1.281976,-0.342332,-39.025,211.5225,143.5
1999,193721,1.52866,1.121912,-4.065528,22.3475,286.1425,111.2125
2000,193817,1.49938,2.199904,-1.530124,-82.53,197.4875,-5.3025
2001,193914,1.456192,0.070028,-1.27002,9.765,177.2225,-69.1425
2002,194011,0.5594921,-0.85156,-0.8869401,46.865,162.2775,-52.92
2003,194107,0.725656,-0.41724,-0.6893,1.295,160.1425,-34.02
2004,194204,1.203408,0.000244,-1.090192,-1.5225,167.895,-35.1575
2005,194300,1.064572,-0.24034,-1.1895,-7.2625,134.8725,-65.9925
2006,194397,1.813164,-1.349564,-1.062864,-10.7625,99.45251,-74.095
2007,194494,0.927932,-0.318664,-1.005768,-68.4425,49.42,-57.6275
2008,194590,1.017724,0.222284,-1.103856,-73.185,31.605,-47.1975
2009,194687,0.7373681,-0.47946,-0.79178,-46.34,5.0225,-42.105
2010,194783,0.616588,-0.111264,-0.9098761,-50.5575,-4.3925,-30.6775
2011,194880,0.584136,-0.171288,-0.8903561,-37.2575,-4.1125,-24.2725
2012,194976,0.536068,-0.08296,-0.8713241,-27.86,1.96,-16.7125
2013,195073,0.532408,-0.146156,-0.8430201,-16.38,2.73,-12.46
2014,195170,0.5404601,-0.100772,-0.844972,-10.99,5.04,-10.01
2015,195266,0.547048,-0.08296,-0.841312,-6.195,7.14,-6.4225
2016,195363,0.541436,-0.134444,-0.83204,0.5075,7.91,-1.5575
2017,195459,0.5397281,-0.173484,-0.7998321,3.6575,8.8725,1.2075
2018,195556,0.553392,-0.194224,-0.7812881,6.2125,9.835,2.2925
2019,195653,0.543632,-0.200812,-0.773236,6.58,7.6825,1.7325
2020,195750,0.5309441,-0.183732,-0.797148,7.805,4.5675,0.77
2021,195846,0.510204,-0.230336,-0.8039801,10.2025,2.695,-0.035
2022,195943,0.533628,-0.249368,-0.772016,10.325,2.45,-2.345
2023,196039,0.519964,-0.198372,-0.788852,8.2425,2.4675,-5.845
2024,196136,0.533384,-0.189588,-0.780312,8.645,4.27,-8.12
2025,196232,0.5429,-0.160552,-0.780068,8.645,6.9125,-10.3425
2026,196329,0.551684,-0.146888,-0.7829961,9.24,8.2425,-10.605
2027,196425,0.5499761,-0.154696,-0.787876,9.87,9.0475,-10.1325
2028,196522,0.54534,-0.13908,-0.792512,9.8,10.0975,-8.7675
2029,196619,0.538508,-0.15616,-0.8025161,10.57,12.32,-6.8425
2030,196715,0.547292,-0.201056,-0.78446,10.9375,15.61,-6.0375
2031,196812,0.54656,-0.233996,-0.774212,10.29,18.2875,-7.3325
2032,196909,0.543632,-0.204228,-0.79178,9.1,19.985,-9.9925
2033,197005,0.510448,-0.203252,-0.801784,10.1325,23.59,-12.3725
2034,197102,0.43798,-0.213988,-0.836676,14.2275,30.45,-14.455
2035,197198,0.498736,-0.198372,-0.837652,14.3675,42.2275,-16.9225
2036,197295,0.5511961,-0.220088,-0.820328,15.1025,55.6325,-18.445
2037,197391,0.589992,-0.143228,-0.853024,17.3425,67.095,-18.4275
2038,197488,0.614392,-0.093696,-0.854,15.715,78.3825,-15.085
2039,197585,0.60024,-0.090768,-0.869128,15.5925,91.35,-8.5225
2040,197681,0.601948,-0.051484,-0.8784,16.3275,105.0,-0.5775
2041,197778,0.596092,-0.07808001,-0.8852321,19.8975,122.5875,7.8925
2042,197874,0.593164,-0.073932,-0.9023121,23.5725,141.89,14.7
2043,197971,0.59536,-0.09345201,-0.9028,31.36,161.0525,21.175
2044,198068,0.58072,-0.07686,-0.9486721,41.125,180.0575,26.635
2045,198164,0.522892,-0.116632,-1.008452,51.9225,205.6425,30.5375
2046,198261,0.462136,-0.137128,-1.017236,66.64,238.4025,31.325
2047,198357,0.451644,-0.111752,-1.073844,84.42,281.6625,29.3475
2048,198454,0.541192,-0.204716,-1.163636,108.3425,334.915,25.5675
2049,198551,0.701012,-0.31476,-1.49816,132.3875,393.82,19.04
2050,198647,1.376404,-0.568276,-1.56648,163.485,442.575,10.2725
2051,198744,1.598932,-0.625128,-1.760948,188.2125,473.5325,-2.625
2052,198840,1.943216,-0.762988,-2.1228,216.965,484.3825,-16.7125
2053,198937,2.170624,-0.793,-2.1533,247.2225,461.37,-34.895
2054,199034,2.302384,-0.958432,-2.27896,261.905,402.675,-62.9475
2055,199130,1.723372,-0.7473721,-2.489288,263.3225,299.285,-99.6275
2056,199227,-0.143228,-0.229604,-2.05204,249.8475,171.465,-130.9525
2057,199323,0.9540401,-1.092632,-3.008032,235.6725,80.6575,-147.3675
2058,199420,1.2322,-1.516216,-2.798192,165.235,6.4925,-164.92
2059,199517,-0.8513161,-1.103368,-1.463512,57.4175,-164.78,-212.835
2060,199613,0.17202,-0.9469641,-1.657248,17.57,-125.825,-192.1325
2061,199710,0.347456,-0.9440361,-1.394948,10.0625,-155.8375,-139.2125
2062,199806,-0.046116,-1.002108,-1.062864,-0.91,-195.7375,-88.32251
2063,199903,0.038308,-0.8579041,-0.975512,-27.8775,-214.9875,-50.925
2064,200000,0.15006,-0.557296,-0.9089001,-55.23,-231.9975,-27.0375
2065,200096,0.138836,-0.321348,-0.8030041,-63.735,-254.3625,-6.9825
2066,200193,0.141032,-0.199348,-0.676856,-56.385,-272.195,8.26
2067,200289,0.084912,-0.144936,-0.5499761,-45.85,-284.6025,13.895
2068,200386,0.136884,-0.10492,-0.492392,-39.375,-289.5725,11.2525
2069,200483,0.311344,-0.1464,-0.52216,-35.9275,-289.8175,3.2725
2070,200579,0.44164,-0.212768,-0.5856,-35.6825,-293.5975,-5.39
2071,200676,0.471652,-0.27938,-0.585356,-35.28,-300.3175,-7.525
2072,200772,0.427732,-0.359412,-0.547292,-31.3775,-301.7,1.9775
2073,200869,0.443592,-0.389912,-0.57096,-25.9525,-289.9925,21.63
2074,200966,0.64782,-0.33428,-0.700524,-16.2225,-269.64,44.975
2075,201062,0.9999121,-0.330864,-0.904508,1.6625,-256.13,64.715
2076,201159,1.134356,-0.288896,-0.919392,15.785,-263.41,73.36
2077,201255,1.121912,-0.2074,-0.885964,24.6225,-277.13,66.43
2078,201352,1.147044,-0.167872,-0.843752,42.665,-282.065,53.3575
2079,201449,1.28222,-0.39406,-0.7705521,75.9325,-278.0225,46.305
2080,201545,1.359568,-0.78324,-0.636352,103.705,-267.4525,52.92
2081,201642,1.368596,-1.106784,-0.46238,108.0275,-246.3825,74.0075
2082,201738,1.447896,-1.268312,-0.3599,88.8825,-211.9775,104.93
2083,201835,1.680916,-1.335412,-0.38064,58.59,-171.885,140.035
2084,201932,2.012512,-1.311988,-0.436516,26.355,-136.2025,176.0325
2085,202028,2.33142,-1.199992,-0.427976,-4.305,-112.56,209.4225
2086,202125,2.653256,-0.586088,-0.516792,-33.3725,-98.595,237.825
2087,202221,3.490176,-0.0061,-0.646844,-38.4125,-91.28,260.015
2088,202318,3.730028,0.224724,-0.368196,-34.2825,-128.8875,263.165
2089,202415,3.722708,-0.404064,0.234484,-70.315,-193.3225,228.1825
2090,202511,3.197864,0.437004,0.979416,-198.9925,-230.9825,137.7075
2091,202608,3.55752,1.871968,1.577216,-294.035,-237.23,36.7325
2092,202704,2.57298,1.80438,2.656428,-210.455,-208.0225,-8.4525
2093,202801,2.43878,-0.568276,3.9284,56.98,-128.1,18.13
2094,202898,3.636088,0.61976,3.935964,-1.435,61.04,49.21
2095,202994,2.1838,0.706136,-0.604632,-4.9175,236.6875,78.62751
2096,203091,2.173308,0.40382,-4.219492,68.1625,277.585,57.4875
2097,203187,1.159488,1.615524,-1.082872,-76.055,158.2175,-32.06
2098,203284,1.1468,-0.38186,-1.100196,23.8525,158.0775,-61.74
2099,203381,0.324276,-0.458964,-0.784704,35.525,147.4375,-27.44
2100,203477,1.023824,-0.064904,-0.8383841,8.855,154.28,-21.1225
2101,203574,1.294176,-0.303048,-1.238544,16.0125,148.5225,-39.9175
2102,203670,1.7934,-1.449848,-1.242448,0.21,94.37751,-62.6325
2103,203767,0.6980841,-0.392108,-0.8513161,-58.31,39.0425,-55.895
2104,203863,0.964288,0.299388,-1.11386,-61.0225,30.8525,-40.9675
2105,203960,0.772992,-0.32818,-0.806176,-36.3475,10.885,-30.8525
2106,204057,0.613904,-0.264984,-0.8425321,-28.035,2.38,-18.375
2107,204153,0.6222,-0.183244,-0.839116,-29.4525,-0.875,-16.555
2108,204250,0.566812,-0.103944,-0.858636,-22.925,-2.6425,-13.1775
2109,204346,0.5185,-0.132492,-0.8481441,-15.3825,-1.4175,-8.8025
2110,204443,0.520452,-0.151036,-0.8430201,-8.855,1.1725,-6.335
2111,204540,0.509228,-0.156648,-0.8317961,-4.55,2.485,-5.53
2112,204636,0.548024,-0.104188,-0.830576,-2.2575,4.83,-4.095
2113,204733,0.525576,-0.131028,-0.820328,2.0825,5.67,-1.1375
2114,204829,0.50752,-0.202032,-0.803492,5.7925,6.7375,1.435
2115,204926,0.526064,-0.234728,-0.773724,5.6525,7.175,0.1575
2116,205023,0.542168,-0.2135,-0.7515201,2.38,5.565,-2.205
2117,205119,0.55266,-0.202764,-0.759572,-1.89,2.2225,-4.0075
2118,205216,0.524356,-0.213988,-0.796904,-3.605,-1.12,-4.865
2119,205312,0.5267961,-0.225212,-0.8044681,-3.5175,-3.85,-6.44
2120,205409,0.540216,-0.23668,-0.764696,-2.485,-5.7225,-8.4175
2121,205506,0.540216,-0.191784,-0.782752,-3.36,-7.595,-10.08
2122,205602,0.535336,-0.188612,-0.7849481,-2.8175,-9.0825,-10.2025
2123,205699,0.519476,-0.169336,-0.79544,-2.1,-9.7125,-10.185
2124,205795,0.5124001,-0.120292,-0.82594,-1.3825,-9.3625,-10.6925
2125,205892,0.515328,-0.12444,-0.822768,1.96,-6.23,-9.5725
2126,205989,0.5214281,-0.111996,-0.815936,4.5675,-1.89,-7.9975
2127,206085,0.517768,-0.133468,-0.818132,6.9825,1.9775,-6.79
2128,206182,0.518988,-0.181048,-0.809836,8.925,6.4225,-6.5275
2129,206278,0.508008,-0.183732,-0.808372,9.1175,10.955,-7.8925
2130,206375,0.48556,-0.199104,-0.823744,9.1875,15.96,-9.94
2131,206472,0.4743361,-0.225212,-0.82472,10.2725,23.8175,-12.18
2132,206568,0.4514,-0.240828,-0.8256961,11.4275,33.495,-15.68
2133,206665,0.410652,-0.279868,-0.831552,12.04,43.7325,-20.9825
2134,206761,0.548756,-0.1159,-0.8591241,9.24,55.51,-24.535
2135,206858,0.559736,-0.161772,-0.85034,14.7525,67.9175,-24.395
2136,206955,0.5885281,-0.062952,-0.88816,13.93,78.3825,-21.0875
2137,207051,0.589748,-0.039528,-0.8957241,13.3175,90.44001,-14.8925
2138,207148,0.5846241,-0.03416,-0.90036,14.4725,105.6125,-6.3875
2139,207244,0.579988,-0.050508,-0.9181721,17.1325,124.215,2.03
2140,207341,0.565104,-0.05368,-0.9337881,22.155,144.69,9.7125
2141,207438,0.549488,-0.08857201,-0.9516,29.715,166.565,16.5375
2142,207534,0.552172,-0.123952,-0.987224,38.8325,188.72,21.35
2143,207631,0.4743361,-0.126636,-1.0431,48.23,215.495,22.7675
2144,207727,0.43432,-0.13542,-1.074088,61.6875,251.895,21.8925
2145,207824,0.46116,-0.221064,-1.142408,76.7725,300.51,18.13
2146,207921,0.522892,-0.345504,-1.27246,92.62751,356.1075,9.6075
2147,208017,0.760792,-0.39894,-1.550864,110.25,412.4575,-1.9425
2148,208114,1.349564,-0.476044,-1.535736,126.8925,453.1275,-18.4275
2149,208210,1.621624,-0.615124,-1.641876,136.2025,475.1425,-42.945
2150,208307,1.764852,-0.646112,-1.990064,152.3375,483.7875,-57.3825
2151,208404,1.969324,-0.6224441,-2.058384,174.825,462.5075,-62.8775
2152,208500,1.985184,-0.895236,-2.246508,199.78,411.2325,-77.07
2153,208597,1.657492,-0.815448,-2.270908,222.7925,322.0875,-97.405
2154,208693,0.177144,-0.395036,-2.087908,209.86,197.645,-118.685
2155,208790,0.521672,-1.077504,-2.77794,201.145,86.0125,-108.2725
2156,208887,1.594296,-1.617476,-2.87798,141.61,28.8575,-101.5875
2157,208983,-1.23098,-1.0858,-1.316136,36.225,-166.2325,-149.8525
2158,209080,-0.298656,-0.610732,-1.43472,-15.4175,-124.11,-149.905
2159,209176,0.351116,-0.547536,-1.440576,-10.0625,-122.8325,-121.5725
2160,209273,0.071492,-0.806176,-1.169736,9.2925,-167.3175,-80.815
2161,209370,0.129564,-0.996496,-1.064328,7.35,-198.8,-44.7825
2162,209466,0.282796,-0.9167081,-1.000644,-26.9675,-226.3975,-21.4375
2163,209563,0.265228,-0.609756,-0.8996281,-64.6625,-259.875,-6.23
2164,209659,0.239364,-0.280356,-0.774456,-81.18251,-288.365,4.0775
2165,209756,0.169824,-0.070028,-0.589504,-71.3125,-306.8975,8.8725
2166,209853,0.09442801,-0.043188,-0.432124,-47.11,-313.88,10.1325
2167,209949,0.238388,-0.141032,-0.41358,-26.39,-306.4425,7.805
2168,210046,0.409676,-0.29646,-0.465064,-18.8125,-297.3075,3.815
2169,210142,0.500444,-0.394792,-0.524356,-22.19,-291.8825,5.3375
2170,210239,0.503128,-0.444324,-0.5690081,-29.4525,-284.2,18.4275
2171,210336,0.434564,-0.403332,-0.606584,-36.33,-270.0425,40.9325
2172,210432,0.73932,-0.450668,-0.81862,-35.0525,-247.6075,63.14
2173,210529,1.09678,-0.41846,-0.9486721,-29.7675,-238.77,83.405
2174,210625,1.01138,-0.422364,-0.809836,-27.09,-250.6875,99.015
2175,210722,0.90402,-0.313052,-0.74176,-27.1425,-254.52,103.6525
2176,210819,0.835212,-0.229116,-0.7571321,-21.8225,-244.755,100.8525
2177,210915,0.906216,-0.261324,-0.866444,-4.3225,-227.955,98.14
2178,211012,1.033584,-0.348676,-0.928176,18.3575,-209.7025,101.43
2179,211108,1.138748,-0.53192,-0.902068,38.255,-192.6925,111.79
2180,211205,1.464244,-0.763232,-0.8113001,46.0075,-171.01,126.7175
2181,211302,1.872456,-0.912804,-0.7622561,36.2775,-151.0775,143.8675
2182,211398,2.326052,-0.864004,-0.791292,16.4675,-139.7725,159.6525
2183,211495,3.258376,-0.858636,-0.9752681,3.5875,-137.3225,176.575
2184,211591,3.973296,-0.794952,-0.888404,-13.6325,-167.0375,197.26
2185,211688,3.510184,-0.361364,-0.142984,-59.7275,-243.6175,204.3825
2186,211785,3.152724,-0.010004,0.357948,-109.3575,-284.655,186.2875
2187,211881,2.893352,-0.227652,0.625616,-142.38,-287.3325,151.445
2188,211978,2.962404,0.6124401,1.685064,-177.135,-262.745,98.5775
2189,212074,2.919948,0.6893,2.013,-141.855,-205.1525,56.84
2190,212171,3.282776,-0.422364,2.684732,-4.9875,-143.15,72.94
2191,212267,2.96826,-0.199348,3.390136,8.8725,-72.9925,87.6575
2192,212364,3.3062,0.624884,3.873988,-16.765,74.4975,117.355
2193,212461,1.64578,0.73444,-1.354444,29.155,250.2325,130.7425
2194,212557,1.455704,1.211704,-3.881064,46.8125,278.8625,81.2875
2195,212654,1.10898,1.717516,-1.028704,-24.85,177.3975,-15.54
2196,212750,1.229028,-0.234728,-1.137528,59.2725,179.48,-56.84
2197,212847,0.454328,-0.736392,-0.783972,69.0725,165.1475,-37.8525
2198,212944,0.881572,-0.464088,-0.71492,36.05,169.715,-27.3875
2199,213040,1.242204,-0.3355,-1.096292,27.3,172.2525,-34.3
2200,213137,1.61528,-1.106784,-1.438136,8.26,131.2675,-57.8025
2201,213233,1.1468,-0.782508,-0.678808,-41.23,67.5325,-59.08
2202,213330,1.003572,-0.08296,-1.148752,-71.92501,24.2025,-51.485
2203,213427,0.931836,-0.043676,-0.954284,-62.2475,19.7925,-35.91
2204,213523,0.689056,-0.235704,-0.8625401,-34.2825,1.61,-23.7825
2205,213620,0.639524,-0.135176,-0.86132,-29.995,-1.715,-15.225
2206,213716,0.588284,-0.158112,-0.85034,-21.3675,-1.9075,-9.7475
2207,213813,0.542656,-0.112484,-0.834968,-12.74,-3.36,-6.0375
2208,213910,0.521672,-0.17568,-0.840336,-7.9275,-0.8575,-3.395
2209,214006,0.511668,-0.177876,-0.8256961,-2.975,0.7,-2.905
2210,214103,0.545584,-0.124684,-0.823744,-0.63,2.8,-2.8
2211,214199,0.545584,-0.139324,-0.8142281,3.8325,3.6925,-0.56
2212,214296,0.515572,-0.168848,-0.815692,7.8225,4.0075,2.065
2213,214392,0.51972,-0.224724,-0.7903161,10.0975,5.0225,2.6425
2214,214489,0.536556,-0.233508,-0.76616,10.01,4.935,0.805
2215,214586,0.537532,-0.218624,-0.77226,7.6825,2.835,-1.785
2216,214682,0.52704,-0.204716,-0.777628,6.44,0.245,-3.6925
2217,214779,0.516304,-0.260592,-0.764696,4.445,-1.1725,-6.1775
2218,214875,0.544364,-0.265716,-0.75396,1.0675,-2.24,-9.8
2219,214972,0.5404601,-0.238144,-0.759328,-2.6425,-3.8325,-13.02
2220,215069,0.542168,-0.1952,-0.76982,-4.655,-6.09,-14.63
2221,215165,0.538508,-0.164212,-0.785192,-4.4625,-7.07,-15.155
2222,215262,0.5363121,-0.160552,-0.796416,-2.8875,-7.315,-14.42
2223,215358,0.5185,-0.143472,-0.807152,-1.4875,-5.1975,-13.0025
2224,215455,0.530456,-0.136152,-0.8091041,-0.6825,-1.6275,-12.005
2225,215552,0.5368,-0.157136,-0.801052,1.1025,2.765,-10.92
2226,215648,0.544608,-0.19276,-0.780556,2.765,6.3525,-10.7275
2227,215745,0.52948,-0.187148,-0.792512,3.0275,8.9075,-11.725
2228,215841,0.5214281,-0.185684,-0.7937321,3.36,11.2875,-12.635
2229,215938,0.51606,-0.197396,-0.807152,4.2875,15.575,-13.5275
2230,216035,0.476532,-0.209108,-0.81252,6.0725,20.37,-15.1375
2231,216131,0.46604,-0.244732,-0.811056,8.6625,27.72,-17.8675
2232,216228,0.498736,-0.162748,-0.843752,7.875,38.745,-20.3525
2233,216324,0.548268,-0.172996,-0.83936,8.715,51.2925,-20.4925
2234,216421,0.5694961,-0.119072,-0.853512,13.3875,62.16,-19.18
2235,216517,0.593652,-0.090036,-0.87962,13.895,75.7575,-15.0325
2236,216614,0.579256,-0.081252,-0.881328,14.945,88.37501,-9.555
2237,216711,0.5856,-0.067588,-0.882548,17.185,102.4625,-3.255
2238,216807,0.576816,-0.096624,-0.9010921,20.5975,118.44,3.0625
2239,216904,0.557296,-0.118828,-0.9311041,24.08,137.865,8.5925
2240,217000,0.5594921,-0.151524,-0.936716,30.7475,158.6025,12.775
2241,217097,0.54656,-0.138836,-0.976488,39.55,179.655,14.9275
2242,217194,0.486048,-0.09345201,-1.086288,48.1775,207.8475,15.925
2243,217290,0.424804,-0.166408,-1.104588,63.0525,246.9425,17.9025
2244,217387,0.45628,-0.178852,-1.149728,77.1575,297.1325,15.295
2245,217483,0.6161,-0.255224,-1.228052,96.88,352.6775,8.0325
2246,217580,0.870104,-0.277428,-1.584048,119.385,407.1725,2.6425
2247,217676,1.286856,-0.371368,-1.597224,141.505,442.61,-5.67
2248,217773,1.63114,-0.629276,-1.620404,151.83,460.1275,-27.3525
2249,217870,1.850984,-0.573888,-1.900028,154.21,464.17,-40.635
2250,217966,2.053992,-0.668072,-1.85562,170.66,432.4425,-49.63
2251,218063,1.874408,-0.68686,-2.00324,175.1575,373.065,-69.23
2252,218159,1.28222,-0.5594921,-1.991772,182.14,285.215,-91.8225
2253,218256,-0.092232,0.33794,-2.067168,180.4775,186.165,-105.5075
2254,218353,1.417152,-0.34404,-2.969968,205.905,94.81501,-116.83
2255,218449,1.221952,-1.153876,-2.517104,161.665,-4.9525,-159.6175
2256,218546,-0.858636,-0.998448,-1.184864,73.3775,-164.7625,-203.1225
2257,218642,0.033672,-0.744688,-1.312476,9.3275,-126.6825,-204.995
2258,218739,0.325008,-0.69418,-1.197308,-6.7725,-138.3375,-173.2675
2259,218836,0.05636401,-0.855708,-0.9718521,-5.1625,-167.4225,-127.295
2260,218932,0.071492,-0.931836,-0.887916,-13.1075,-184.1875,-81.18251
2261,219029,0.11712,-0.8195961,-0.8178881,-38.6225,-197.9075,-45.885
2262,219125,0.123464,-0.59048,-0.752984,-61.7225,-213.605,-17.185
2263,219222,0.154208,-0.399672,-0.701988,-69.755,-226.2225,6.86
2264,219319,0.153476,-0.310368,-0.60024,-64.5225,-237.4575,26.565
2265,219415,0.170312,-0.320616,-0.528016,-58.3975,-244.2475,41.475
2266,219512,0.26352,-0.364048,-0.500932,-60.0775,-245.77,49.07
2267,219608,0.373076,-0.414556,-0.518012,-70.6475,-246.9075,50.3125
2268,219705,0.475556,-0.447496,-0.552172,-84.4375,-251.2475,49.7175
2269,219802,0.468236,-0.434076,-0.563884,-93.94,-255.7275,53.69
2270,219898,0.470676,-0.406748,-0.565104,-92.76751,-252.9975,64.9775
2271,219995,0.580964,-0.5002,-0.64904,-79.625,-242.27,80.675
2272,220091,0.7937321,-0.553148,-0.7324881,-65.7125,-232.75,97.7025
2273,220188,0.999668,-0.545584,-0.78812,-54.8975,-231.1925,112.0525
2274,220285,1.036512,-0.482388,-0.7617681,-45.7275,-239.2075,116.2
2275,220381,1.03822,-0.467504,-0.743224,-32.655,-244.8425,110.355
2276,220478,1.038952,-0.590724,-0.731268,-17.0275,-245.455,101.605
2277,220574,1.149972,-0.79544,-0.815936,-7.1575,-240.9575,95.8125
2278,220671,1.362984,-0.984296,-0.852536,-3.99,-235.9875,100.7125
2279,220767,1.502796,-1.21268,-0.8049561,-7.3325,-234.01,117.9325
2280,220864,1.639192,-1.394704,-0.690764,-22.96,-228.1825,143.85
2281,220961,1.848056,-1.504504,-0.5917,-52.5175,-215.4075,172.69
2282,221057,2.171112,-1.421056,-0.545584,-90.58001,-200.305,200.69
2283,221154,2.696444,-1.026508,-0.686372,-122.5175,-187.6525,230.2825
2284,221250,3.240076,-0.8091041,-0.7076001,-131.1975,-192.85,257.1275
2285,221347,3.39526,-0.6993041,-0.404552,-145.285,-226.2925,268.1525
2286,221444,3.199084,0.322568,0.02318,-181.0025,-266.5775,253.4875
2287,221540,1.892708,-0.159332,1.791448,-165.83,-256.025,216.7725
2288,221637,2.449272,-0.155916,1.922964,-108.9025,-191.4675,177.7475
2289,221733,3.701968,-0.580476,2.037888,-64.4875,-70.3675,163.1175
2290,221830,3.028772,-0.234728,2.788188,-40.7925,-55.65,152.3725
2291,221927,2.8304,0.193004,3.371348,-18.41,43.3125,151.935
2292,222023,3.030724,0.597556,2.618364,16.9225,203.945,142.7825
2293,222120,1.61894,-0.061,-2.939224,74.2175,303.9575,95.9175
2294,222216,1.612596,1.351272,-3.004372,-3.535,271.74,28.665
2295,222313,1.310768,1.177056,-0.9028,21.805,157.7275,-39.0775
2296,222410,1.195844,-0.351848,-1.24074,74.7075,163.7825,-65.6425
2297,222506,0.391864,-0.434808,-0.731024,64.575,138.4425,-46.97
2298,222603,0.9181721,-0.5307,-0.805688,50.4,148.2775,-35.0175
2299,222699,1.976888,-1.873188,-1.58722,30.8875,133.7525,-46.27
2300,222796,0.921344,-0.48556,-0.62342,-44.2575,43.3125,-40.6
2301,222892,1.00162,-0.02318,-1.159976,-61.5125,3.0625,-36.33
2302,222989,0.762744,-0.244976,-0.747128,-46.235,-11.6375,-33.075
2303,223086,0.629032,-0.149816,-0.877668,-27.755,-20.895,-26.285
2304,223182,0.618052,-0.199348,-0.8113001,-26.985,-18.655,-22.295
2305,223279,0.604388,-0.225944,-0.820816,-17.465,-19.04,-19.95
2306,223375,0.541924,-0.17324,-0.8108121,-15.89,-19.74,-18.48
2307,223472,0.529724,-0.189832,-0.813984,-13.09,-19.6,-17.4475
2308,223569,0.48556,-0.123464,-0.845216,-12.705,-18.445,-17.4475
2309,223665,0.487024,-0.08466801,-0.8723001,-8.5575,-13.93,-17.0625
2310,223762,0.553148,-0.072712,-0.8383841,-2.905,-7.5775,-14.28
2311,223858,0.51972,-0.08418,-0.8378961,2.0125,-3.5175,-9.87
2312,223955,0.518256,-0.129808,-0.8271601,5.8625,-2.17,-7.0175
2313,224052,0.531676,-0.120048,-0.821792,5.88,-0.2625,-6.7025
2314,224148,0.510936,-0.14396,-0.820084,7.5425,-0.105,-6.79
2315,224245,0.515572,-0.137128,-0.813008,7.63,1.715,-7.3675
2316,224341,0.501908,-0.15738,-0.81618,8.1375,2.975,-7.21
2317,224438,0.513376,-0.138592,-0.818132,8.1025,4.2,-7.245
2318,224534,0.528504,-0.140056,-0.805688,8.6625,5.005,-7.2975
2319,224631,0.5309441,-0.123708,-0.808372,9.6075,6.0725,-6.0375
2320,224728,0.532408,-0.121756,-0.80642,9.695,6.23,-5.0925
2321,224824,0.53436,-0.139568,-0.8020281,9.8175,6.4575,-4.0425
2322,224921,0.5309441,-0.151036,-0.791536,9.73,6.72,-3.115
2323,225017,0.5368,-0.156404,-0.795928,8.9425,7.14,-3.01
2324,225114,0.534604,-0.171044,-0.793244,8.8725,7.245,-2.8175
2325,225211,0.530456,-0.167872,-0.797636,8.6625,7.4375,-3.1325
2326,225307,0.528504,-0.156648,-0.8047121,7.9975,7.4375,-3.8675
2327,225404,0.53192,-0.169092,-0.807152,7.8225,7.98,-4.2175
2328,225500,0.520452,-0.171288,-0.817156,7.595,9.4325,-4.62
2329,225597,0.505324,-0.182512,-0.810568,7.84,13.02,-4.865
2330,225694,0.530212,-0.16104,-0.803248,7.42,17.22,-5.845
2331,225790,0.5248441,-0.156648,-0.8127641,7.735,20.1075,-6.825
2332,225887,0.496784,-0.172264,-0.83204,10.1325,23.9225,-7.7875
2333,225983,0.467992,-0.208132,-0.840336,12.53,30.73,-9.415
2334,226080,0.515328,-0.143228,-0.851804,9.975,41.615,-10.6575
2335,226177,0.521184,-0.116876,-0.863516,14.6825,51.73,-10.2725
2336,226273,0.5309441,-0.130052,-0.8805961,16.03,64.0675,-8.33
2337,226370,0.521672,-0.08784,-0.922076,16.94,79.135,-4.5325
2338,226466,0.511668,-0.055632,-0.9730721,20.125,97.7725,0.7875
2339,226563,0.498736,-0.105896,-1.009428,27.44,120.26,6.51
2340,226660,0.481168,-0.108824,-1.056276,33.88,147.875,11.3925
2341,226756,0.470432,-0.08906,-1.137528,41.3,178.92,15.785
2342,226853,0.377712,-0.114192,-1.306376,52.2375,217.9625,19.0575
2343,226949,0.329644,-0.214476,-1.348588,64.5575,273.2275,19.1275
2344,227046,0.402112,-0.247904,-1.342488,67.2525,338.9225,7.42
2345,227143,0.598288,-0.322812,-1.580144,72.0475,400.8375,-10.3775
2346,227239,1.487424,-0.577304,-1.655784,82.635,448.7875,-26.4775
2347,227336,1.382992,-0.746396,-1.578436,73.955,461.9475,-52.9025
2348,227432,1.552084,-0.86742,-1.799012,53.725,455.2275,-82.1975
2349,227529,1.593564,-0.84546,-1.863916,28.4025,420.945,-96.65251
2350,227625,1.443504,-0.658312,-1.730448,12.565,357.1925,-99.12001
2351,227722,0.796904,-0.47824,-1.300276,18.375,273.9975,-93.0125
2352,227819,-1.07116,0.149572,-1.595516,3.2375,200.375,-86.15251
2353,227915,2.148176,-0.333548,-2.87798,-2.415,162.295,-72.1175
2354,228012,0.244,-0.760304,-1.87514,-23.8875,42.7525,-93.7825
2355,228108,-0.564616,-0.8127641,-1.031876,-72.0475,-72.8525,-114.0825
2356,228205,0.23668,-0.7986121,-1.154608,-119.245,-48.4925,-126.245
2357,228302,0.156648,-0.914756,-0.930616,-144.06,-82.04,-118.825
2358,228398,0.104188,-1.142164,-0.750056,-153.475,-113.4875,-92.365
2359,228495,0.126636,-1.281,-0.606096,-170.695,-132.4925,-65.5375
2360,228591,0.164212,-1.344928,-0.516792,-193.83,-145.355,-40.5125
2361,228688,0.27816,-1.357128,-0.487756,-214.3925,-154.805,-13.335
2362,228784,0.330376,-1.330044,-0.463112,-229.005,-166.2325,14.4025
2363,228881,0.35746,-1.293932,-0.412116,-237.055,-179.2175,40.9675
2364,228978,0.3599,-1.290028,-0.335012,-239.715,-191.345,63.6475
2365,229074,0.365756,-1.326384,-0.252296,-240.485,-199.5875,80.395
2366,229171,0.412848,-1.321504,-0.259128,-243.5475,-202.755,91.21
2367,229267,0.481168,-1.278804,-0.328424,-244.86,-205.065,99.8725
2368,229364,0.548512,-1.28222,-0.362096,-237.8775,-207.83,110.5475
2369,229461,0.612928,-1.331508,-0.337696,-224.7525,-210.105,122.8675
2370,229557,0.7076001,-1.40056,-0.32574,-211.19,-208.985,134.3825
2371,229654,0.779336,-1.378112,-0.338916,-201.25,-207.8475,144.27
2372,229750,0.8359441,-1.31638,-0.38308,-190.085,-206.5525,152.705
2373,229847,0.945012,-1.283684,-0.42944,-173.8625,-205.2925,159.3025
2374,229944,1.046028,-1.354932,-0.4575,-156.625,-206.6225,166.005
2375,230040,1.146312,-1.507188,-0.43432,-146.9825,-209.0725,174.58
2376,230137,1.238056,-1.656272,-0.381128,-150.6925,-210.7525,187.67
2377,230233,1.286612,-1.74704,-0.305732,-165.6375,-209.1425,207.7075
2378,230330,1.316624,-1.777296,-0.221308,-187.1625,-203.63,234.4475
2379,230426,1.361276,-1.724104,-0.184952,-207.2,-191.38,266.595
2380,230523,1.421544,-1.644316,-0.209108,-220.7975,-174.825,299.8625
2381,230620,1.535492,-1.60674,-0.228384,-227.92,-157.6225,328.86
2382,230716,1.650904,-1.544764,-0.22692,-234.7625,-142.135,349.125
2383,230813,1.720688,-1.485228,-0.174704,-239.855,-131.0225,359.73
2384,230909,1.840736,-1.477664,-0.125416,-239.295,-121.3275,364.6125
2385,231006,2.066436,-1.552328,-0.142008,-236.18,-113.155,367.745
2386,231103,2.303116,-1.59698,-0.08369201,-239.8725,-115.29,367.675
2387,231199,2.177212,-1.08946,0.06124401,-256.4975,-128.3275,360.85
2388,231296,1.92272,-0.549488,0.352092,-257.6525,-133.385,345.6775
2389,231392,1.77632,-0.41724,0.40504,-221.2175,-112.5075,320.7925
2390,231489,2.440244,0.843508,0.5838921,-162.435,-75.4775,297.64
2391,231586,2.117432,-0.365268,1.41398,-11.3925,-24.1675,287.455
2392,231682,2.6291,-0.497028,1.753872,44.4325,27.5975,250.95
2393,231779,2.59128,0.071248,2.147444,37.9925,97.7725,187.81
2394,231875,3.655608,0.297436,1.989576,62.475,180.775,150.3075
2395,231972,2.24846,0.6158561,-1.615036,57.54,262.3775,140.0875
2396,232068,1.597224,2.006656,-3.82592,-0.735,249.3575,68.79251
2397,232165,0.9916161,0.818132,-1.56892,63.2975,119.77,-30.8525
2398,232262,1.597712,-1.841956,-1.891,117.67,74.97,-69.80751
2399,232358,1.305888,-1.36884,-0.605364,71.9425,44.0125,-12.4775
2400,232455,0.658312,-0.150304,-0.99186,10.08,-7.98,6.3175
2401,232551,0.639036,-0.306952,-0.690764,14.56,11.06,6.4925
2402,232648,0.66246,-0.481168,-0.681736,24.9725,-3.0275,8.0325
2403,232745,0.562176,-0.302804,-0.7468841,6.9825,-1.2775,3.8675
2404,232841,0.574132,-0.31964,-0.7373681,3.57,-6.265,-2.8175
2405,232938,0.533384,-0.28914,-0.800564,0.7525,-9.8,-5.8975
2406,233034,0.578036,-0.210328,-0.791536,-1.225,-11.9875,-9.8
2407,233131,0.566812,-0.18544,-0.8003201,-0.7525,-12.6525,-10.78
2408,233227,0.564372,-0.16348,-0.810324,0.1225,-13.125,-9.9575
2409,233324,0.540948,-0.174948,-0.820084,2.0475,-11.8125,-7.8575
2410,233421,0.542656,-0.188368,-0.8030041,2.6075,-10.7975,-7.28
2411,233517,0.527284,-0.176168,-0.8147161,1.9775,-10.5525,-7.9275
2412,233614,0.5267961,-0.157136,-0.8215481,1.855,-9.17,-8.0675
2413,233710,0.545584,-0.180072,-0.811788,3.6575,-5.7925,-7.4725
2414,233807,0.522404,-0.196908,-0.8047121,2.6075,-6.7375,-7.2625
2415,233904,0.52338,-0.183976,-0.797148,0.1575,-7.385,-7.84
2416,234000,0.525088,-0.204716,-0.78324,-1.785,-8.75,-8.4875
2417,234097,0.504592,-0.210084,-0.797636,-4.27,-10.85,-9.8875
2418,234193,0.517524,-0.179584,-0.795928,-5.5825,-11.0425,-11.8825
2419,234290,0.516304,-0.10248,-0.8364321,-4.7075,-7.9275,-11.795
2420,234387,0.518012,-0.098332,-0.822768,-0.0525,-4.8475,-9.4325
2421,234483,0.518988,-0.121512,-0.811544,2.555,-2.73,-6.86
2422,234580,0.515572,-0.146644,-0.80154,4.6025,-1.0675,-4.7775
2423,234676,0.5185,-0.1403,-0.7808001,4.3575,-0.6475,-4.1125
2424,234773,0.498248,-0.217404,-0.785192,3.57,-0.6125,-4.27
2425,234870,0.534116,-0.184464,-0.778116,0.805,-1.365,-5.7225
2426,234966,0.5185,-0.120048,-0.813984,-1.4175,-2.6775,-7.0875
2427,235063,0.519964,-0.171776,-0.793,-0.5425,-3.36,-7.1225
2428,235159,0.50874,-0.140056,-0.7991,-1.1375,-3.3075,-6.965
2429,235256,0.521916,-0.120292,-0.7991,0.63,-1.9075,-6.3875
2430,235352,0.505324,-0.176656,-0.8052,2.0825,0.4725,-5.7225
2431,235449,0.49288,-0.121512,-0.8447281,3.3425,3.5,-5.3725
2432,235546,0.538508,-0.219356,-0.746152,6.23,7.1925,-5.3375
2433,235642,0.495808,-0.263032,-0.787632,0.91,12.6175,-3.7975
2434,235739,0.50508,-0.157136,-0.834724,3.8325,17.08,-2.8875
2435,235835,0.528992,-0.150548,-0.8388721,-1.75,24.3775,-4.3225
2436,235932,0.523136,-0.09418401,-0.85888,-4.2525,31.3425,-2.6075
2437,236029,0.49532,-0.169092,-0.846924,1.82,36.925,-0.0175
2438,236125,0.472384,-0.172752,-0.8991401,5.7575,45.36,1.2775
2439,236222,0.499468,-0.21716,-0.87352,7.735,56.7525,0.8925
2440,236318,0.516304,-0.188612,-0.8703481,6.7025,70.98001,0.2275
2441,236415,0.5206961,-0.200812,-0.8764481,11.165,84.10501,0.14
2442,236512,0.52948,-0.191296,-0.8808401,9.52,97.00251,-0.595
2443,236608,0.542412,-0.19886,-0.859368,11.06,109.655,-1.2425
2444,236705,0.518012,-0.243512,-0.875716,11.025,124.6175,-3.2025
2445,236801,0.533628,-0.183732,-0.9125601,6.8075,142.0825,-7.4725
2446,236898,0.536068,-0.18666,-0.9581881,10.01,161.35,-10.8675
2447,236994,0.51606,-0.238388,-0.9459881,9.7475,182.175,-17.0975
2448,237091,0.524356,-0.194956,-0.950868,1.33,210.28,-25.3925
2449,237188,0.49654,-0.19642,-0.9167081,-7.875,240.7825,-36.2075
2450,237284,0.496052,-0.353556,-0.9037761,-8.1725,270.9,-49.91
2451,237381,0.8169121,-0.5267961,-1.04432,-17.1325,302.61,-68.705
2452,237477,1.240008,-0.90646,-1.219268,-39.4275,326.97,-100.0475
2453,237574,1.6348,-0.889624,-1.201944,-67.8475,335.7725,-131.2325
2454,237671,1.210484,-0.80154,-1.388848,-96.2325,328.16,-147.6475
2455,237767,1.417396,-0.791292,-1.658224,-91.6125,322.0,-156.695
2456,237864,1.53598,-0.8967,-1.609668,-75.7575,292.285,-157.8675
2457,237960,1.625284,-1.074576,-1.723128,-63.0525,251.3525,-166.4425
2458,238057,1.21756,-1.107272,-1.724592,-84.9275,208.355,-177.065
2459,238154,-0.860588,-1.756556,-1.561356,-114.205,160.5975,-176.2425
2460,238250,1.275144,-1.469612,-2.651548,-158.585,128.73,-62.79
2461,238347,-0.193492,-1.198284,-1.660908,-150.1325,66.5,26.95
2462,238443,-0.294752,-0.9911281,-1.433012,-137.3925,29.5925,50.9425
2463,238540,0.090768,-0.653432,-1.568432,-141.89,10.3775,63.8225
2464,238636,-0.005124001,-0.485072,-1.471808,-136.6575,-24.22,60.06
2465,238733,0.125172,-0.5363121,-1.457412,-118.8775,-58.31,52.815
2466,238830,0.161284,-0.697352,-1.335168,-107.415,-96.77501,46.305
2467,238926,0.144204,-0.768356,-1.16876,-109.515,-133.7525,42.105
2468,239023,0.205692,-0.7856801,-1.045052,-115.3425,-161.8575,42.4725
2469,239119,0.246928,-0.7812881,-0.926224,-115.2375,-184.52,49.035
2470,239216,0.245708,-0.808372,-0.788364,-109.095,-202.0375,62.1425
2471,239313,0.271816,-0.8569281,-0.665632,-102.97,-212.4325,77.5075
2472,239409,0.344772,-0.894504,-0.598532,-102.0425,-218.6275,91.7875
2473,239506,0.418216,-0.9052401,-0.5511961,-105.91,-222.915,104.3875
2474,239602,0.514352,-0.915732,-0.541924,-111.1425,-225.96,114.8175
2475,239699,0.5785241,-0.86498,-0.556808,-115.5,-228.0775,124.635
2476,239795,0.652456,-0.801052,-0.611952,-114.5375,-229.6875,133.945
2477,239892,0.68076,-0.705404,-0.61854,-108.2025,-231.42,140.735
2478,239989,0.6919841,-0.642452,-0.591212,-97.965,-231.42,141.3475
2479,240085,0.7183361,-0.646844,-0.604632,-84.42,-226.625,135.8175
2480,240182,0.85644,-0.706136,-0.692472,-66.0275,-218.61,130.2525
2481,240278,0.9608721,-0.754204,-0.746396,-44.0125,-214.3225,130.48
2482,240375,1.011136,-0.8108121,-0.7517641,-22.96,-217.9275,135.765
2483,240472,1.131184,-0.754692,-0.794952,-4.3575,-217.42,141.365
2484,240568,1.240984,-0.71004,-0.837652,14.455,-215.4075,144.3925
2485,240665,1.270996,-0.7686,-0.8671761,33.425,-216.615,144.69
2486,240761,1.538908,-0.8903561,-0.907436,46.4275,-211.085,146.6675
2487,240858,1.773636,-1.055788,-0.8344801,48.5625,-207.69,154.5775
2488,240954,1.928576,-1.229028,-0.6588,34.5975,-207.0425,167.44
2489,241051,2.150616,-1.112152,-0.504592,1.575,-199.675,182.56
2490,241148,2.350452,-0.507276,-0.424072,-34.335,-187.3725,198.345
2491,241244,2.86822,-0.082716,-0.485804,-41.405,-176.05,207.5675
2492,241341,3.310104,0.220332,-0.268888,-36.6625,-180.81,205.2575
2493,241437,3.036092,0.023424,0.734684,-53.06,-204.8375,176.925
2494,241534,3.289852,0.678808,1.117276,-135.87,-173.18,100.38
2495,241630,3.699528,1.029192,1.53476,-138.25,-139.86,49.875
2496,241727,3.210796,-0.008296001,2.495876,-49.1575,-124.8275,43.26
2497,241824,3.576796,-0.278404,3.066592,-4.13,-45.4125,73.5
2498,241920,3.561424,0.282308,3.546784,-15.96,73.78,120.19
2499,242017,2.170868,0.608048,-0.851804,0.35,215.705,149.3975
2500,242113,1.471076,1.019432,-4.119696,0.9975,251.685,109.585
2501,242210,0.65758,1.77022,-1.387872,-64.33,145.81,2.485
2502,242307,1.069452,-0.129808,-0.9501361,5.9675,140.8925,-53.865
2503,242403,0.291336,-0.8100801,-0.661972,27.825,136.1325,-34.0025
2504,242500,0.463356,-0.369172,-0.648064,-7.6825,142.8,-22.2425
2505,242596,0.812032,0.216916,-0.90158,-20.9125,157.0275,-32.655
2506,242693,0.821304,0.10492,-1.097512,-23.3275,143.85,-59.255
2507,242790,1.133624,-0.64538,-1.309548,-10.2025,118.965,-73.15
2508,242886,1.806332,-0.9738041,-1.220244,-37.1525,74.0775,-65.835
2509,242983,0.7869,0.0366,-1.096536,-74.9,10.675,-51.87
2510,243079,0.8405801,-0.297924,-0.827404,-49.035,-8.3125,-43.75
2511,243176,0.666852,-0.227896,-0.8703481,-39.305,-18.55,-32.9525
2512,243273,0.570472,-0.191296,-0.818132,-37.4675,-18.4625,-23.975
2513,243369,0.5551,-0.156648,-0.851804,-29.3125,-12.705,-20.1425
2514,243466,0.52948,-0.102236,-0.848632,-24.6575,-11.3925,-17.1675
2515,243562,0.521672,-0.133468,-0.8405801,-17.395,-9.3275,-14.105
2516,243659,0.5246,-0.11712,-0.841312,-13.615,-7.2275,-11.7775
2517,243756,0.5172801,-0.085156,-0.841556,-9.1175,-5.4075,-9.17
2518,243852,0.502152,-0.09345201,-0.843752,-4.515,-4.3925,-6.475
2519,243949,0.5058121,-0.15982,-0.807152,-1.9425,-2.73,-5.1625
2520,244045,0.5267961,-0.194224,-0.8003201,-1.3125,-2.8525,-4.725
2521,244142,0.528748,-0.149328,-0.8174001,-0.2625,-3.92,-4.34
2522,244239,0.527528,-0.158844,-0.817644,1.225,-5.6875,-3.4825
2523,244335,0.490928,-0.1464,-0.8276481,2.0825,-5.7925,-3.43
2524,244432,0.488,-0.179828,-0.818376,4.2875,-3.885,-3.57
2525,244528,0.490196,-0.158112,-0.803736,6.02,-2.7125,-5.25
2526,244625,0.5124001,-0.152988,-0.806908,6.5275,-2.0825,-7.6125
2527,244721,0.493856,-0.114924,-0.81862,6.965,-1.9425,-8.8725
2528,244818,0.495808,-0.075884,-0.826672,7.9275,0.0875,-8.8725
2529,244915,0.504836,-0.068564,-0.835212,10.8675,3.5875,-6.72
2530,245011,0.517036,-0.093696,-0.825208,14.525,7.35,-3.64
2531,245108,0.519964,-0.087108,-0.822768,17.0975,10.605,-0.8925
2532,245204,0.510692,-0.135664,-0.822524,19.6875,14.315,1.4875
2533,245301,0.512888,-0.1891,-0.821304,22.575,18.445,2.625
2534,245398,0.50874,-0.21106,-0.809836,21.9975,21.91,1.33
2535,245494,0.48434,-0.242048,-0.817644,20.51,26.005,-0.9975
2536,245591,0.482144,-0.291824,-0.815204,15.68,33.1975,-5.04
2537,245687,0.463844,-0.242536,-0.8344801,11.025,40.985,-10.3775
2538,245784,0.407724,-0.271816,-0.862296,11.9525,50.96,-14.525
2539,245881,0.499956,-0.090036,-0.9042641,14.5425,63.8925,-18.55
2540,245977,0.535092,-0.205692,-0.88328,15.015,78.82,-19.285
2541,246074,0.55632,-0.056852,-0.9311041,15.47,92.645,-17.745
2542,246170,0.5655921,-0.056608,-0.9201241,16.24,108.2725,-12.6
2543,246267,0.5941401,-0.01586,-0.913292,18.8825,126.315,-4.4275
2544,246363,0.566324,-0.0305,-0.911828,21.805,145.3375,3.5525
2545,246460,0.569984,-0.044164,-0.937448,27.44,165.095,12.1625
2546,246557,0.563396,-0.094672,-0.935008,37.695,184.3625,19.25
2547,246653,0.546072,-0.14152,-0.978928,48.2125,203.525,22.505
2548,246750,0.4743361,-0.15006,-1.01748,56.6125,230.545,20.5975
2549,246846,0.436272,-0.222284,-1.058716,67.9175,270.7075,15.9425
2550,246943,0.561688,-0.401624,-1.119716,77.98,321.16,2.5025
2551,247040,0.69418,-0.449204,-1.417396,83.1775,374.675,-15.2425
2552,247136,1.279292,-0.64416,-1.51158,96.53,416.7975,-31.815
2553,247233,1.273436,-0.6790521,-1.623576,98.56,442.435,-61.46
2554,247329,1.352492,-0.764696,-1.813164,105.98,459.34,-92.085
2555,247426,1.92882,-0.62464,-2.22894,131.9325,467.0925,-90.65001
2556,247523,1.91906,-0.650992,-2.183068,181.4575,435.295,-87.29
2557,247619,1.94956,-0.9762441,-2.440732,219.975,364.49,-104.3525
2558,247716,1.134844,-0.800076,-2.158912,223.37,249.7775,-132.4575
2559,247812,-1.350052,-1.087508,-2.195756,178.71,124.285,-145.8975
2560,247909,2.246996,-1.88246,-3.31352,153.7025,81.935,-102.1825
2561,248006,-0.9201241,-1.439112,-1.718248,51.835,-86.4675,-117.1625
2562,248102,-0.832528,-0.882548,-1.339072,-12.6,-117.145,-120.47
2563,248199,0.116388,-0.680516,-1.565992,-22.155,-77.875,-87.8325
2564,248295,0.020496,-0.7812881,-1.374696,-3.6225,-107.765,-33.46
2565,248392,0.045872,-0.9254921,-1.280268,1.9425,-137.6725,13.5975
2566,248488,0.21594,-0.858392,-1.2627,-25.7075,-166.8625,38.2025
2567,248585,0.268156,-0.5077641,-1.196332,-61.18,-204.3825,46.0075
2568,248682,0.300852,-0.1586,-1.085312,-76.5275,-241.9725,47.8975
2569,248778,0.272548,0.053436,-0.909144,-65.8175,-274.295,44.24
2570,248875,0.25254,0.102724,-0.720288,-40.6875,-296.205,35.035
2571,248971,0.310612,-0.05002,-0.604388,-18.48,-305.7775,22.435
2572,249068,0.440176,-0.19764,-0.5843801,-13.93,-308.3325,7.84
2573,249165,0.523136,-0.253516,-0.588284,-22.2775,-310.73,-3.36
2574,249261,0.538752,-0.32208,-0.590236,-27.0025,-310.345,-1.3125
2575,249358,0.508008,-0.370636,-0.5934081,-26.6525,-301.525,16.6075
2576,249454,0.625128,-0.427976,-0.704916,-22.225,-282.835,43.2075
2577,249551,0.9489161,-0.405772,-0.8425321,-13.2825,-265.4225,69.9825
2578,249648,1.142896,-0.383568,-0.888404,-1.47,-262.2025,90.9125
2579,249744,1.127768,-0.4209,-0.908168,3.5,-271.7225,95.375
2580,249841,1.206092,-0.291824,-0.9391561,2.8175,-279.09,85.575
2581,249937,1.280756,-0.302072,-0.965996,16.345,-283.9025,76.9125
2582,250034,1.334924,-0.5267961,-0.926712,43.6275,-285.2325,79.66001
2583,250131,1.421788,-0.8044681,-0.8610761,61.775,-278.4775,97.1775
2584,250227,1.541836,-0.997716,-0.838628,60.6375,-263.515,125.65
2585,250324,1.72386,-1.10898,-0.816668,41.685,-245.0,158.3225
2586,250420,1.927112,-1.01626,-0.758108,10.115,-227.0625,187.5475
2587,250517,2.13988,-0.478972,-0.7622561,-22.8375,-206.8675,209.8775
2588,250614,2.498316,-0.164944,-0.7041841,-33.915,-188.195,220.0975
2589,250710,2.98412,0.020496,-0.566568,-39.1125,-176.785,212.975
2590,250807,3.197376,0.043676,-0.227896,-53.97,-183.05,192.8675
2591,250903,3.071716,-0.040016,0.298656,-90.0375,-200.06,159.6
2592,251000,2.864072,0.21228,0.7137001,-139.72,-198.1875,110.4075
2593,251097,3.223484,0.559248,1.025532,-152.3375,-177.5375,63.8925
2594,251193,3.119052,0.30744,1.636264,-102.13,-160.0375,35.0175
2595,251290,3.020476,-0.064416,2.175016,-34.6675,-127.085,25.725
2596,251386,2.91946,-0.165676,2.766716,1.6625,-60.76,36.925
2597,251483,2.360456,0.149328,3.464068,6.65,53.2875,61.5125
2598,251579,1.332728,0.242536,-0.537044,27.5975,226.1525,88.62
2599,251676,1.258064,0.18544,-3.568744,46.095,300.615,75.5825
2600,251773,1.38836,1.500356,-1.369816,-33.775,229.6875,6.8775
2601,251869,1.7568,0.326228,-1.418372,19.775,217.385,-36.855
2602,251966,0.831552,-0.328424,-1.21268,49.7,186.0075,-37.31
2603,252062,0.643184,-0.458232,-0.722728,33.6525,164.815,-39.62
2604,252159,0.970632,-0.391132,-0.8888921,28.56,171.325,-35.525
2605,252256,1.136064,-0.208376,-1.026508,18.4625,153.65,-43.3825
2606,252352,1.189744,-0.577304,-1.044076,10.2025,130.41,-59.99
2607,252449,1.562576,-1.293932,-1.156072,-10.4825,95.515,-66.9025
2608,252545,0.853512,-0.292312,-0.924028,-58.835,55.44,-51.52
2609,252642,1.002596,0.050264,-1.042856,-64.5925,30.24,-44.835
2610,252739,0.819108,-0.355752,-0.879376,-46.8125,8.4875,-38.2025
2611,252835,0.60878,-0.15616,-0.902068,-45.0975,-2.9575,-29.5575
2612,252932,0.610732,-0.215696,-0.83204,-36.61,-9.73,-26.25
2613,253028,0.557784,-0.15738,-0.854244,-31.395,-9.3975,-21.7875
2614,253125,0.53924,-0.131272,-0.84912,-25.025,-6.195,-16.94
2615,253222,0.533628,-0.150548,-0.843752,-16.2575,-2.625,-11.8825
2616,253318,0.537532,-0.127368,-0.833992,-10.8675,0.14,-8.82
2617,253415,0.520208,-0.08954801,-0.8337481,-6.4925,1.925,-5.2325
2618,253511,0.47824,-0.144448,-0.8410681,-1.89,3.4825,-2.3625
2619,253608,0.492392,-0.158356,-0.8052,-1.0325,4.83,-2.52
2620,253704,0.524356,-0.234972,-0.7861681,-0.455,6.4925,-3.7625
2621,253801,0.52826,-0.17934,-0.778604,-1.2775,6.58,-5.11
2622,253898,0.543144,-0.232532,-0.780068,-1.575,4.375,-5.7575
2623,253994,0.509716,-0.242048,-0.776408,-0.9625,0.77,-6.6675
2624,254091,0.52826,-0.227408,-0.793976,-2.66,-0.665,-9.03
2625,254187,0.545584,-0.210572,-0.7808001,-2.45,-2.66,-10.8325
2626,254284,0.5607121,-0.1525,-0.797148,-1.225,-4.9525,-10.325
2627,254381,0.5429,-0.085888,-0.824232,1.785,-6.3,-8.3125
2628,254477,0.522404,-0.08466801,-0.831064,6.3175,-5.04,-5.3725
2629,254574,0.52826,-0.135908,-0.8132521,10.325,-0.5775,-2.625
2630,254670,0.527772,-0.166164,-0.798124,12.3725,3.3775,-1.155
2631,254767,0.515084,-0.159576,-0.798124,12.775,5.81,-0.9625
2632,254864,0.509716,-0.180804,-0.798368,13.405,8.575,-1.0675
2633,254960,0.516304,-0.207888,-0.801296,12.1625,12.0925,-2.73
2634,255057,0.500932,-0.241072,-0.807152,11.9,16.835,-4.6725
2635,255153,0.476532,-0.24522,-0.8188641,10.9375,22.015,-7.42
2636,255250,0.4819,-0.191784,-0.8298441,10.15,29.68,-10.4125
2637,255347,0.424804,-0.190808,-0.8569281,14.1225,40.0575,-12.9675
2638,255443,0.457744,-0.225944,-0.8620521,18.9875,53.025,-16.59
2639,255540,0.5587601,-0.176168,-0.837408,14.2275,68.46,-18.0775
2640,255636,0.586088,-0.107604,-0.881328,19.7575,82.0925,-16.205
2641,255733,0.598044,-0.079544,-0.8847441,16.765,93.5725,-10.955
2642,255830,0.591944,-0.07490801,-0.879376,19.6175,106.2075,-4.0775
2643,255926,0.597556,-0.061,-0.8852321,21.945,121.03,3.5525
2644,256023,0.574132,-0.11102,-0.912316,27.615,138.81,10.92
2645,256119,0.5702281,-0.131028,-0.9274441,33.0225,157.99,16.0475
2646,256216,0.581696,-0.147376,-0.9250041,42.2625,177.31,18.9175
2647,256312,0.526064,-0.112484,-1.00894,53.6025,198.5025,20.37
2648,256409,0.479704,-0.15738,-1.003816,67.4275,228.095,20.7725
2649,256506,0.467504,-0.107116,-1.08336,81.2175,268.1,18.1825
2650,256602,0.572668,-0.220576,-1.1346,102.6375,317.9575,15.4
2651,256699,0.597068,-0.283528,-1.352004,125.3,372.6625,10.7625
2652,256795,1.12118,-0.435296,-1.458144,154.49,419.1075,3.675
2653,256892,1.45424,-0.598044,-1.569408,175.595,449.225,-12.74
2654,256989,1.458632,-0.450424,-1.813896,191.625,471.94,-22.47
2655,257085,1.943704,-0.578036,-2.013976,235.0075,473.6375,-22.085
2656,257182,1.98616,-0.612196,-2.088396,276.9025,440.615,-26.18
2657,257278,2.247484,-0.802272,-2.3729,307.6675,380.555,-45.15
2658,257375,1.526952,-0.583404,-2.18014,309.4875,253.435,-79.4325
2659,257472,-1.111664,-0.9901521,-2.010072,281.435,120.995,-103.985
2660,257568,2.135,-1.932968,-3.068544,221.34,45.29,-104.895
2661,257665,0.016592,-1.227808,-2.046184,73.1325,-58.3975,-140.56
2662,257761,-0.6885681,-0.518988,-1.357616,-9.625,-168.5775,-185.465
2663,257858,0.346968,-0.599264,-1.53842,0.8925,-118.1075,-164.815
2664,257955,0.38918,-0.9372041,-1.283196,20.5275,-159.04,-124.7925
2665,258051,0.08052,-1.167052,-1.022604,5.8975,-205.24,-88.97
2666,258148,0.101992,-0.9232961,-0.936228,-43.47,-235.305,-65.7475
2667,258244,0.157868,-0.47336,-0.837164,-82.425,-256.69,-52.2375
2668,258341,0.1403,-0.166164,-0.6980841,-83.73751,-274.6975,-36.2425
2669,258437,0.150548,-0.07222401,-0.571204,-57.5575,-284.2525,-19.775
2670,258534,0.17568,-0.099796,-0.48312,-28.0175,-286.4925,-7.9625
2671,258631,0.238632,-0.219356,-0.43798,-10.605,-284.7075,-0.56
2672,258727,0.352824,-0.318664,-0.450668,-10.9375,-282.45,2.2225
2673,258824,0.44896,-0.364048,-0.494588,-21.63,-279.7725,2.9575
2674,258920,0.453352,-0.382836,-0.521184,-32.8125,-278.145,8.295
2675,259017,0.445788,-0.29036,-0.588772,-40.635,-271.005,19.81
2676,259114,0.7129681,-0.20862,-0.775676,-34.72,-257.7225,34.3
2677,259210,0.9994241,-0.219112,-0.866444,-14.3325,-255.605,49.6125
2678,259307,0.994544,-0.393328,-0.8235001,3.99,-266.8575,62.6325
2679,259403,0.860832,-0.385276,-0.69296,4.2,-275.4325,68.0925
2680,259500,0.898652,-0.270596,-0.710284,3.0275,-268.5725,68.1275
2681,259596,1.01138,-0.260592,-0.80642,22.12,-256.62,68.845
2682,259693,1.089948,-0.394792,-0.8576601,50.225,-249.0075,73.99
2683,259790,1.198284,-0.629276,-0.8764481,71.4175,-241.7275,82.8975
2684,259886,1.268068,-0.779824,-0.8579041,74.4275,-230.965,97.12501
2685,259983,1.410564,-0.9269561,-0.860344,65.66,-214.865,118.0025
2686,260079,1.711904,-1.054324,-0.845948,48.405,-195.5975,144.06
2687,260176,2.024712,-1.018212,-0.8086161,22.1025,-180.04,173.2325
2688,260273,2.361676,-0.696376,-0.790804,-7.1925,-167.1425,199.5175
2689,260369,2.797704,-0.458964,-0.792756,-25.865,-159.74,215.4425
2690,260466,3.401604,-0.25132,-0.670024,-38.4825,-164.045,218.855
2691,260562,3.486028,-0.291824,-0.290604,-58.835,-199.395,210.5425
2692,260659,3.41356,-0.286456,0.101504,-106.0325,-239.19,185.9025
2693,260756,2.882616,-0.012444,0.817156,-168.1925,-266.77,139.5625
2694,260852,2.996808,0.7278521,1.349076,-210.3325,-248.2725,75.28501
2695,260949,2.99754,0.87352,1.999092,-146.2125,-219.695,37.17
2696,261045,2.345328,-0.147132,2.71938,-18.4625,-171.1325,39.585
2697,261142,2.865292,-0.494344,3.176392,28.7875,-55.545,76.9825
2698,261239,2.922388,0.22936,3.493592,-4.83,84.01751,122.4475
2699,261335,1.130208,0.45872,-1.274656,10.535,241.325,144.8825
2700,261432,1.111664,0.946232,-3.429908,29.68,293.755,102.7775
2701,261528,1.334436,1.991528,-1.2261,-42.0875,214.1475,17.0975
2702,261625,1.61894,0.5885281,-1.528416,37.135,210.21,-37.9225
2703,261721,0.774456,-0.331596,-1.14436,70.3675,177.9575,-50.155
2704,261818,0.63806,-0.6646561,-0.60878,54.6525,160.055,-48.7025
2705,261915,0.964044,-0.612196,-0.8425321,45.0625,170.45,-37.7125
2706,262011,1.145092,-0.401868,-1.059448,24.8675,152.775,-47.845
2707,262108,1.208776,-0.8244761,-1.15412,4.865,119.9275,-69.51
2708,262204,1.490108,-1.335412,-0.848632,-30.45,78.27751,-66.43
2709,262301,0.646112,-0.119072,-0.9969841,-84.945,38.8325,-56.7175
2710,262398,1.0492,-0.058072,-1.003328,-79.9575,24.395,-50.89
2711,262494,0.7625,-0.388692,-0.866932,-61.005,-7.385,-49.0525
2712,262591,0.601704,-0.050996,-0.9028,-62.405,-9.73,-37.765
2713,262687,0.644404,-0.18056,-0.860832,-44.485,-16.59,-32.9525
2714,262784,0.55266,-0.057828,-0.876692,-40.6525,-14.1925,-26.04
2715,262881,0.560468,-0.052948,-0.8784,-30.2925,-11.795,-19.7925
2716,262977,0.53314,-0.087352,-0.8620521,-20.1075,-7.3675,-13.055
2717,263074,0.522648,-0.1342,-0.831308,-12.6175,-4.1825,-8.33
2718,263170,0.52948,-0.150304,-0.813008,-8.82,-2.1525,-6.3
2719,263267,0.512888,-0.151768,-0.80886,-6.5975,-1.5225,-5.1275
2720,263363,0.5002,-0.200324,-0.78812,-4.9875,-1.0675,-4.025
2721,263460,0.54534,-0.091012,-0.776408,-5.04,-1.3125,-3.6925
2722,263557,0.458232,-0.230092,-0.7978801,-2.8875,-2.555,-4.62
2723,263653,0.52582,-0.200324,-0.803248,-4.025,-2.52,-3.8325
2724,263750,0.540704,-0.140544,-0.798368,-2.0825,-3.71,-4.48
2725,263846,0.517524,-0.139568,-0.7998321,-0.175,-5.985,-4.0075
2726,263943,0.5077641,-0.158356,-0.8086161,3.185,-7.21,-3.7625
2727,264039,0.47702,-0.188368,-0.798124,5.7575,-6.8775,-4.9175
2728,264136,0.489952,-0.18422,-0.799588,6.0725,-6.405,-7.245
2729,264233,0.49166,-0.175924,-0.802272,6.405,-6.0725,-9.45
2730,264329,0.499956,-0.124684,-0.817156,6.9125,-6.2825,-10.955
2731,264426,0.533628,-0.082472,-0.83204,6.405,-4.3575,-10.7625
2732,264522,0.52582,-0.091256,-0.818132,8.5575,-1.855,-8.12
2733,264619,0.520208,-0.136884,-0.8193521,10.6225,1.995,-5.74
2734,264716,0.506544,-0.216916,-0.809348,11.4275,6.195,-5.565
2735,264812,0.485804,-0.236192,-0.81374,10.325,10.0275,-7.98
2736,264909,0.46848,-0.206668,-0.8276481,8.015,15.1725,-11.2175
2737,265005,0.495808,-0.178852,-0.843264,7.2975,23.94,-12.67
2738,265102,0.478972,-0.21716,-0.8405801,8.6625,33.705,-14.14
2739,265198,0.498004,-0.178364,-0.843752,11.235,43.4525,-17.0975
2740,265295,0.434808,-0.168116,-0.87474,16.03,54.25,-19.8625
2741,265392,0.552416,-0.040748,-0.9089001,17.395,68.5125,-18.4275
2742,265488,0.5594921,-0.127612,-0.8857201,26.425,84.6475,-12.9325
2743,265585,0.575352,-0.005124001,-0.922564,25.445,98.0,-7.315
2744,265681,0.561444,-0.047336,-0.917684,26.74,112.4375,1.4875
2745,265776,0.566324,-0.06270801,-0.921344,28.735,130.1825,11.6375
2746,265873,0.550708,-0.11834,-0.926468,33.7925,150.2725,18.13
2747,265970,0.541192,-0.118096,-0.960384,40.6175,171.3775,21.5075
2748,266066,0.551928,-0.157624,-0.981612,51.0825,192.22,24.185
2749,266163,0.465308,-0.166408,-1.061888,63.7525,215.95,24.9725
2750,266259,0.442128,-0.23058,-1.061888,74.725,250.985,20.895
2751,266356,0.432612,-0.27084,-1.1102,82.8625,299.3375,11.97
2752,266453,0.562664,-0.383812,-1.148996,94.92,353.57,-1.575
2753,266549,0.845216,-0.484096,-1.537444,113.645,406.7875,-16.0825
2754,266646,1.340048,-0.5397281,-1.579412,127.435,441.35,-36.6625
2755,266742,1.32736,-0.645136,-1.62138,131.775,459.62,-65.50251
2756,266839,1.693604,-0.673928,-1.98372,152.145,470.26,-77.40251
2757,266935,1.966152,-0.648064,-1.978596,191.1875,450.1525,-74.9
2758,267032,2.097912,-0.673196,-2.220888,217.9275,397.915,-87.53501
2759,267129,1.63968,-0.726388,-2.345328,238.7875,305.9175,-109.9875
2760,267225,-0.032208,-0.319152,-2.013488,227.4125,179.5325,-132.5275
2761,267322,0.855708,-0.9994241,-2.974116,213.5525,73.465,-127.5575
2762,267418,1.325652,-1.652124,-2.80844,142.73,1.925,-138.355
2763,267515,-1.32248,-1.005524,-1.209264,32.83,-182.0175,-178.9375
2764,267612,-0.294508,-0.622932,-1.412272,-19.6525,-123.1125,-170.065
2765,267708,0.328424,-0.593164,-1.434476,-6.4575,-116.0425,-126.665
2766,267805,0.139812,-0.9084121,-1.211704,17.185,-154.84,-69.895
2767,267901,0.2013,-1.120204,-1.118252,9.6425,-188.09,-24.1675
2768,267998,0.26352,-0.8493641,-1.029924,-34.4925,-220.0975,1.2775
2769,268094,0.243512,-0.395036,-0.932324,-70.2625,-250.81,17.1675
2770,268191,0.270108,-0.069296,-0.816668,-71.8375,-274.61,29.9075
2771,268288,0.184708,0.024644,-0.657336,-49.9275,-291.8125,37.345
2772,268384,0.185684,-0.043188,-0.537288,-27.0725,-299.775,37.8175
2773,268481,0.304268,-0.171532,-0.508496,-21.665,-299.1975,30.1
2774,268577,0.450424,-0.2135,-0.55632,-32.5675,-297.29,16.765
2775,268674,0.529724,-0.2074,-0.5926761,-43.015,-298.3225,8.12
2776,268771,0.541436,-0.203008,-0.63196,-41.265,-295.645,12.775
2777,268867,0.518012,-0.264008,-0.595848,-30.7825,-287.665,27.72
2778,268964,0.628056,-0.375028,-0.708332,-21.1575,-269.9025,44.065
2779,269060,0.934276,-0.374784,-0.843752,-18.06,-254.5725,57.47
2780,269157,1.100684,-0.29768,-0.8679081,-13.3,-253.33,66.99
2781,269254,0.9738041,-0.184708,-0.784216,-4.6725,-261.6775,66.85
2782,269350,0.944524,-0.130052,-0.819108,14.6125,-256.935,56.7525
2783,269447,1.134356,-0.17934,-0.9516,48.51,-246.3125,47.04
2784,269543,1.309548,-0.4026,-0.923052,87.99,-242.27,48.0375
2785,269640,1.346392,-0.706624,-0.800808,116.585,-238.2975,63.0
2786,269736,1.44326,-0.995764,-0.63928,120.505,-221.8825,87.3075
2787,269833,1.678476,-1.136064,-0.59536,102.83,-192.745,116.1125
2788,269930,1.99714,-1.198772,-0.614148,76.93,-164.36,143.85
2789,270026,2.329224,-0.8601,-0.638548,51.695,-144.095,169.1375
2790,270123,2.62422,-0.2806,-0.637084,41.86,-132.4575,193.9525
2791,270219,2.989732,-0.012444,-0.501176,52.4125,-132.44,209.0375
2792,270316,3.397456,-0.026596,-0.321104,45.9025,-148.4525,200.8475
2793,270413,3.322548,0.054412,0.0976,-8.19,-182.875,173.67
2794,270509,2.866756,0.259616,0.701256,-78.75,-216.02,138.8275
2795,270606,2.395836,0.299144,1.521096,-118.93,-210.8575,101.395
2796,270702,2.401204,0.518744,1.963956,-135.3275,-147.28,48.8075
2797,270799,3.340604,0.292068,1.853668,-99.34751,-73.15,19.11
2798,270896,3.215188,-0.002928,2.382172,-68.79251,-29.8725,23.0825
2799,270992,1.996896,0.335744,3.183712,-77.1225,28.035,45.5175
2800,271089,1.113372,1.1224,-0.444812,-89.425,180.32,94.57
2801,271185,0.8596121,0.909144,-3.307908,-23.555,266.5775,93.66
2802,271282,1.431792,2.106452,-1.586976,-79.9225,211.0675,6.3175
2803,271378,1.525976,0.839604,-1.17486,-13.8775,194.5825,-52.78
2804,271475,1.020408,-0.4331,-1.302716,35.7525,177.2225,-63.1575
2805,271572,0.5429,-0.6283,-0.600484,14.9275,155.015,-55.825
2806,271668,1.102636,-0.39894,-0.8764481,2.59,167.3875,-44.45
2807,271765,1.035536,-0.133712,-1.186816,-9.2925,147.4375,-54.705
2808,271861,2.380708,-1.177788,-1.585756,-30.1,106.3825,-81.60251
2809,271958,1.091656,-0.569984,-0.8554641,-68.425,23.555,-69.3875
2810,272055,0.8400921,0.20374,-1.070184,-76.9475,-10.5175,-51.0125
2811,272151,0.657092,-0.22936,-0.827892,-52.85,-16.73,-36.8025
2812,272248,0.629032,-0.039528,-0.874984,-43.155,-13.0025,-23.4325
2813,272344,0.5797441,-0.184464,-0.83814,-29.47,-13.475,-16.555
2814,272441,0.548268,-0.08662001,-0.863028,-22.0325,-10.6575,-12.1625
2815,272537,0.5397281,-0.080276,-0.8676641,-14.7875,-8.82,-8.12
2816,272634,0.5314321,-0.079056,-0.8579041,-7.49,-7.21,-4.3225
2817,272731,0.525576,-0.09272,-0.835456,-2.695,-3.5,-1.7325
2818,272827,0.521184,-0.10858,-0.83082,1.4,-0.8225,-0.07
2819,272924,0.525332,-0.102968,-0.8281361,3.6925,1.05,1.015
2820,273020,0.525332,-0.117852,-0.818376,5.6175,2.205,2.205
2821,273117,0.509716,-0.104432,-0.818376,7.6825,2.8875,3.2725
2822,273213,0.502152,-0.111264,-0.816668,10.4475,4.5325,2.8875
2823,273310,0.521184,-0.157624,-0.799588,15.0675,6.825,1.575
2824,273407,0.535824,-0.132736,-0.806908,21.28,8.96,0.3325
2825,273503,0.5077641,-0.196908,-0.8030041,27.6325,9.205,0.35
2826,273600,0.501176,-0.222772,-0.787876,29.0675,9.94,0.735
2827,273696,0.50996,-0.200812,-0.7705521,26.6,10.15,0.2625
2828,273793,0.503128,-0.251808,-0.757376,23.555,7.875,-2.415
2829,273889,0.520452,-0.224968,-0.741028,17.92,5.3375,-5.6
2830,273986,0.522648,-0.201544,-0.77836,12.635,3.465,-8.6975
2831,274083,0.528748,-0.149328,-0.8066641,9.66,2.975,-9.415
2832,274179,0.52338,-0.174216,-0.806176,10.955,4.7425,-8.7325
2833,274276,0.534848,-0.174216,-0.80276,12.04,7.07,-8.54
2834,274372,0.5607121,-0.153232,-0.787632,10.6575,10.22,-8.5925
2835,274469,0.534116,-0.15738,-0.793,11.025,11.7075,-8.4
2836,274566,0.556564,-0.177144,-0.787388,10.955,14.49,-8.0675
2837,274662,0.516304,-0.208864,-0.793244,11.2175,18.0075,-8.0325
2838,274759,0.533872,-0.219844,-0.788608,10.325,23.485,-8.82
2839,274855,0.5368,-0.221796,-0.797148,9.4325,29.89,-10.43
2840,274952,0.540704,-0.229848,-0.807396,11.3225,34.9475,-12.985
2841,275048,0.5063,-0.175192,-0.856196,14.9275,41.16,-15.7675
2842,275145,0.577304,-0.126636,-0.864736,15.3825,52.325,-15.33
2843,275242,0.576816,-0.169092,-0.8591241,18.445,66.675,-10.78
2844,275338,0.588772,-0.08759601,-0.890112,21.56,79.065,-6.1775
2845,275435,0.565104,-0.069296,-0.907192,19.8625,94.88501,1.75
2846,275531,0.544608,-0.06661201,-0.926468,23.24,113.5225,11.48
2847,275628,0.526552,-0.09442801,-0.961604,29.1375,135.555,19.25
2848,275724,0.515328,-0.146644,-0.980148,37.1175,160.685,23.4325
2849,275821,0.509472,-0.146644,-1.016016,45.6575,185.6925,24.9025
2850,275918,0.482876,-0.145424,-1.100196,57.89,215.145,24.6925
2851,276014,0.402112,-0.227408,-1.118008,72.3625,253.995,21.98
2852,276111,0.418216,-0.250832,-1.108248,84.5775,303.835,14.1575
2853,276207,0.614636,-0.31476,-1.173152,100.6775,361.6725,1.4
2854,276304,0.891576,-0.498248,-1.640412,128.38,418.0225,-12.3025
2855,276401,1.57014,-0.558516,-1.714832,147.7175,455.77,-27.0375
2856,276497,1.402268,-0.662948,-1.810724,162.4,470.365,-49.4025
2857,276594,1.832196,-0.71492,-2.13256,193.8125,474.2325,-59.395
2858,276690,1.846592,-0.619272,-2.027884,228.305,446.8975,-62.405
2859,276787,1.832928,-0.6082921,-2.229916,246.715,392.385,-85.19
2860,276883,1.392996,-0.550708,-2.279204,260.7675,300.265,-112.0525
2861,276980,-0.171044,-0.292312,-1.906372,252.49,182.07,-129.6225
2862,277077,1.921988,-1.262456,-3.224948,234.4825,78.7675,-137.0775
2863,277173,1.120936,-1.63602,-2.602504,146.4925,-31.36,-158.2525
2864,277270,-1.182668,-0.9589201,-1.108248,29.2425,-207.69,-187.005
2865,277366,-0.268644,-0.562176,-1.218536,-18.6725,-143.29,-175.525
2866,277463,0.106628,-0.532896,-1.113616,-3.955,-132.9125,-132.685
2867,277559,0.036356,-0.821792,-0.98088,19.1625,-154.6125,-79.5375
2868,277656,0.177876,-1.02968,-0.965264,16.4325,-174.8775,-30.5725
2869,277753,0.22082,-0.913048,-0.917684,-20.0375,-202.79,2.7825
2870,277849,0.240828,-0.57096,-0.854,-58.31,-231.91,26.4425
2871,277946,0.238632,-0.254004,-0.739808,-74.06,-257.915,42.6825
2872,278042,0.154452,-0.061488,-0.583404,-67.445,-279.0375,48.825
2873,278139,0.141276,0.00244,-0.478972,-52.9025,-290.36,44.17
2874,278235,0.264496,-0.069296,-0.458232,-41.8425,-292.425,30.1525
2875,278332,0.434076,-0.18544,-0.481168,-39.4275,-293.51,13.4925
2876,278429,0.515816,-0.241072,-0.520452,-40.04,-295.645,3.9375
2877,278525,0.454816,-0.23546,-0.494832,-36.6625,-296.695,6.195
2878,278622,0.43188,-0.260836,-0.5355801,-26.9675,-284.025,18.41
2879,278718,0.661484,-0.355264,-0.69296,-10.71,-262.675,33.285
2880,278815,1.06262,-0.464576,-0.88816,7.7,-249.515,51.17
2881,278912,1.127524,-0.529236,-0.8239881,16.6425,-260.715,68.32
2882,279008,1.066524,-0.393084,-0.740052,14.945,-271.74,75.6875
2883,279105,1.088972,-0.227408,-0.754936,23.66,-268.3975,74.8125
2884,279201,1.19316,-0.305976,-0.794952,54.25,-261.1,75.32
2885,279298,1.264896,-0.625128,-0.7700641,86.555,-252.84,83.30001
2886,279395,1.305156,-0.955748,-0.687104,95.3225,-239.6625,100.065
2887,279491,1.487912,-1.15656,-0.6182961,78.96,-215.915,125.055
2888,279588,1.794864,-1.178032,-0.600728,48.23,-186.935,156.205
2889,279684,2.1228,-0.782264,-0.693692,16.555,-160.125,188.0025
2890,279781,2.640568,-0.422364,-0.753472,4.1825,-141.3825,212.45
2891,279877,3.106364,-0.08564401,-0.587552,3.9375,-139.1425,225.61
2892,279974,3.429908,-0.002196,-0.334768,-4.6725,-153.3525,221.4625
2893,280071,3.514576,0.164212,-0.017812,-44.0475,-180.985,193.4275
2894,280167,3.434544,0.288408,0.221308,-103.8625,-215.0925,148.6275
2895,280264,3.153212,0.047092,0.883768,-148.12,-249.06,96.9675
2896,280360,2.964112,0.55022,1.775832,-196.5075,-236.32,23.38
2897,280457,2.666188,1.28344,2.467328,-182.35,-195.8425,-37.8
2898,280553,2.339472,-0.035624,3.36232,-28.14,-104.125,-21.1575
2899,280650,3.153456,-0.709552,3.770532,50.5925,52.6225,46.6025
2900,280747,1.3359,0.41968,-1.057984,-27.65,222.3725,95.725
2901,280843,1.215364,0.457744,-3.555812,1.575,265.5625,80.0275
2902,280940,1.253916,1.80316,-1.281244,-81.27,185.9725,-1.8725
2903,281036,1.288076,0.537776,-1.189988,-9.24,172.62,-43.0675
2904,281133,0.676856,-0.2684,-1.241228,29.12,163.065,-41.23
2905,281229,0.286212,-0.291336,-0.554856,13.8775,142.485,-41.195
2906,281326,0.9437921,-0.189344,-0.799344,15.75,160.4575,-37.59
2907,281423,0.998448,-0.370636,-0.99918,13.23,147.5075,-49.5775
2908,281519,1.265384,-0.8256961,-1.452532,-4.865,117.7575,-70.875
2909,281616,1.65798,-0.735416,-1.036268,-46.6025,65.8175,-69.66751
2910,281712,0.9952761,0.118096,-1.07482,-74.7075,6.02,-55.16
2911,281809,0.839604,-0.33672,-0.7747001,-49.14,-9.87,-41.1075
2912,281905,0.603168,-0.14274,-0.8744961,-41.265,-17.0275,-27.0725
2913,282002,0.595604,-0.20008,-0.831064,-37.8175,-16.7825,-20.195
2914,282099,0.564372,-0.153232,-0.841556,-29.7325,-13.23,-16.03
2915,282195,0.534848,-0.08637601,-0.84546,-26.1275,-11.3575,-13.4925
2916,282292,0.526308,-0.101504,-0.8527801,-19.1625,-9.8875,-9.975
2917,282388,0.523624,-0.089304,-0.85522,-13.755,-7.5775,-6.8075
2918,282485,0.519476,-0.125172,-0.8298441,-8.6275,-4.69,-4.235
2919,282581,0.518988,-0.143472,-0.831308,-5.25,-2.3275,-2.7125
2920,282678,0.514352,-0.12444,-0.822036,-2.8175,-1.855,-1.8725
2921,282775,0.499468,-0.165432,-0.8025161,-0.7525,-2.205,-1.5225
2922,282871,0.541436,-0.07856801,-0.8193521,-0.8575,-2.8175,-1.575
2923,282968,0.496052,-0.137128,-0.813496,1.9775,-5.3725,-0.805
2924,283064,0.5002,-0.183488,-0.800564,0.3675,-5.915,0.35
2925,283161,0.5185,-0.172996,-0.80154,1.995,-7.2625,-0.3325
2926,283258,0.484096,-0.146156,-0.8132521,3.9025,-7.4025,-2.205
2927,283354,0.472872,-0.167384,-0.79178,5.0925,-7.8925,-4.2525
2928,283451,0.484584,-0.168848,-0.800076,5.46,-7.6475,-6.825
2929,283547,0.491904,-0.13054,-0.8195961,5.2325,-8.61,-9.3625
2930,283644,0.525576,-0.106628,-0.8188641,5.1275,-7.4375,-10.185
2931,283740,0.505568,-0.073932,-0.824232,6.055,-6.055,-8.89
2932,283837,0.501908,-0.078812,-0.8405801,8.61,-3.1325,-6.405
2933,283934,0.5119121,-0.150304,-0.819108,11.655,1.82,-4.1125
2934,284030,0.515328,-0.17202,-0.8113001,13.4225,5.845,-4.0075
2935,284127,0.518256,-0.17568,-0.810324,13.2125,8.7325,-5.5825
2936,284223,0.492392,-0.162992,-0.825452,14.07,12.2325,-6.3
2937,284320,0.482388,-0.18422,-0.8244761,15.715,18.69,-6.3175
2938,284417,0.5002,-0.2135,-0.8317961,16.4675,27.335,-6.86
2939,284513,0.506056,-0.210084,-0.837408,15.365,35.9625,-8.9775
2940,284610,0.481168,-0.234972,-0.8479,15.1725,45.01,-12.215
2941,284706,0.415776,-0.149328,-0.8964561,14.6475,54.9325,-16.1525
2942,284803,0.522892,-0.178364,-0.904752,17.2725,70.35,-17.045
2943,284900,0.499468,-0.162992,-0.9242721,21.49,88.585,-14.8575
2944,284996,0.530456,-0.027572,-0.959652,17.92,107.975,-11.095
2945,285093,0.533872,-0.050264,-0.9635561,23.38,128.345,-3.9725
2946,285189,0.528992,-0.048312,-0.9767321,25.4975,150.85,3.71
2947,285286,0.53314,-0.057584,-1.010648,31.395,177.6425,10.5175
2948,285383,0.50874,-0.14884,-1.012356,42.35,207.0075,15.0325
2949,285479,0.488,-0.177388,-1.081164,53.935,236.7225,15.1725
2950,285576,0.419192,-0.185684,-1.126304,67.62001,270.725,11.1475
2951,285672,0.481412,-0.278892,-1.13826,76.685,322.21,2.45
2952,285769,0.517036,-0.390644,-1.35176,86.695,382.6725,-10.4125
2953,285866,1.11386,-0.525576,-1.608692,101.08,436.1175,-24.78
2954,285962,1.188524,-0.443592,-1.673596,111.4575,471.17,-43.4
2955,286059,1.132404,-0.76616,-1.741184,123.165,488.7925,-76.825
2956,286155,1.934188,-0.683444,-2.086444,133.77,503.16,-92.12001
2957,286252,2.18868,-0.650992,-2.207956,161.945,471.7125,-91.63
2958,286349,2.256268,-0.841312,-2.442928,200.8825,398.685,-100.905
2959,286445,1.453752,-0.6902761,-2.2326,222.7225,272.0025,-123.62
2960,286542,-1.648708,-0.258396,-2.21674,199.885,133.56,-135.695
2961,286638,2.38876,-1.544276,-3.365736,185.6925,67.235,-114.205
2962,286735,-0.6082921,-1.374696,-1.867088,95.41,-77.315,-138.32
2963,286831,-1.026752,-0.9154881,-1.228296,20.6675,-142.31,-151.9875
2964,286928,0.185196,-0.659044,-1.593564,-11.585,-95.6025,-128.8175
2965,287025,0.13908,-0.727608,-1.372988,6.3175,-129.15,-75.0225
2966,287121,-0.09882,-0.926224,-1.128988,20.1775,-172.83,-24.57
2967,287218,0.106872,-0.83814,-1.125328,-0.1575,-200.165,2.87
2968,287314,0.32208,-0.494344,-1.081896,-28.6125,-230.3525,16.5025
2969,287411,0.313784,-0.207888,-0.9037761,-38.78,-268.2225,26.74
2970,287508,0.162504,-0.000488,-0.669292,-31.6225,-298.0075,29.4
2971,287604,0.13054,0.033184,-0.498004,-16.1175,-309.0675,22.82
2972,287701,0.296216,-0.045628,-0.467748,-5.5475,-308.6475,11.865
2973,287797,0.443836,-0.194224,-0.468968,-4.1475,-306.3725,3.15
2974,287894,0.477508,-0.318908,-0.50752,-9.3275,-304.4125,2.45
2975,287991,0.490196,-0.319396,-0.547536,-16.415,-296.2925,16.24
2976,288087,0.541436,-0.350628,-0.593164,-17.5175,-280.9975,41.2475
2977,288184,0.7324881,-0.370148,-0.685396,-15.7325,-261.3625,66.6925
2978,288280,1.057008,-0.341112,-0.882548,-13.5275,-247.0475,86.34501
2979,288377,1.12118,-0.319152,-0.890112,-12.74,-252.49,97.16001
2980,288474,1.050176,-0.204716,-0.855708,-12.3725,-260.9425,93.975
2981,288570,1.1224,-0.173484,-0.8327721,-1.2425,-259.1575,84.4025
2982,288667,1.120692,-0.281576,-0.7788481,24.1325,-252.8225,79.3625
2983,288763,1.097512,-0.564616,-0.720044,49.7875,-240.9575,83.2125
2984,288860,1.164612,-0.750788,-0.69052,59.99,-217.91,97.4225
2985,288956,1.38958,-0.877424,-0.7427361,59.78,-189.175,121.52
2986,289053,1.769732,-0.894504,-0.811544,54.32,-162.3475,151.27
2987,289150,2.179896,-0.707844,-0.8708361,43.26,-145.635,180.845
2988,289246,2.861144,-0.64416,-0.937936,30.8175,-140.175,201.2675
2989,289343,3.492128,-0.38674,-0.8522921,2.5375,-157.1325,205.1525
2990,289439,3.3733,0.070516,-0.362584,-43.2075,-205.1,189.945
2991,289536,2.910188,0.557296,0.172264,-89.005,-247.555,154.805
2992,289633,2.685708,0.400648,0.451156,-110.81,-251.23,110.9325
2993,289729,2.577616,0.751276,1.20048,-137.7075,-229.9325,48.58
2994,289826,3.26838,1.252208,1.500112,-143.57,-177.9575,-20.125
2995,289922,2.95118,0.193736,2.401448,-40.4425,-148.015,-33.775
2996,290019,3.052684,-0.401624,3.298392,38.5,-81.48001,-6.1775
2997,290116,2.894084,-0.09272,3.709776,2.3625,50.015,34.37
2998,290212,1.904176,0.708088,-0.499468,0.0875,228.0425,90.335
2999,290309,1.839272,0.64782,-4.023316,31.465,272.1075,80.955
3000,290405,1.028704,1.895636,-1.38714,-43.2075,168.945,-5.4075
3001,290502,1.3115,0.20984,-1.127036,27.51,158.1125,-49.0875
3002,290599,0.647576,-0.649528,-1.001376,70.8925,150.6225,-28.4725
3003,290695,0.710284,-0.409676,-0.68198,36.785,135.415,-21.2975
3004,290792,1.27246,-0.49776,-0.986248,36.61,143.535,-22.1375
3005,290888,1.05286,-0.816668,-1.162904,15.0325,105.5775,-42.84
3006,290985,1.253184,-0.7427361,-0.898408,-26.705,68.425,-49.4725
3007,291081,0.787876,-0.205204,-0.9586761,-64.12,32.025,-50.19
3008,291178,0.8081281,-0.15128,-0.883524,-61.355,23.59,-44.8525
3009,291275,0.7761641,-0.256932,-0.87352,-49.0875,4.9525,-36.68
3010,291371,0.6307401,-0.19764,-0.865468,-46.9875,-5.1275,-28.07
3011,291468,0.582672,-0.2074,-0.845704,-38.0975,-10.15,-24.2725
3012,291564,0.553636,-0.134688,-0.854732,-34.5975,-11.6375,-22.2075
3013,291661,0.5363121,-0.168848,-0.834236,-30.625,-13.5625,-20.615
3014,291758,0.519476,-0.166896,-0.835212,-26.5825,-12.7925,-18.375
3015,291854,0.52338,-0.167628,-0.836188,-22.9425,-10.115,-15.925
3016,291951,0.523868,-0.116876,-0.843508,-19.88,-8.1375,-13.7375
3017,292048,0.51972,-0.120536,-0.818376,-15.8725,-6.7025,-10.675
3018,292144,0.51118,-0.180072,-0.8039801,-12.915,-5.3375,-8.9075
3019,292241,0.528748,-0.132248,-0.834724,-10.325,-4.7075,-5.6
3020,292337,0.532896,-0.150548,-0.811788,-7.455,-4.4975,-3.045
3021,292434,0.519476,-0.12322,-0.807396,-5.81,-5.2325,-2.03
3022,292531,0.50142,-0.118096,-0.81374,-4.165,-6.9825,-2.065
3023,292627,0.453352,-0.18056,-0.801052,-2.275,-8.365,-3.1325
3024,292724,0.467992,-0.164944,-0.8044681,-1.1375,-7.2275,-4.6025
3025,292820,0.49044,-0.169336,-0.813008,2.485,-5.8275,-5.985
3026,292917,0.511424,-0.146888,-0.8210601,4.5675,-5.67,-7.455
3027,293014,0.539484,-0.09272,-0.822036,4.515,-5.32,-8.4175
3028,293110,0.522892,-0.071492,-0.8317961,6.0375,-4.6025,-7.0875
3029,293207,0.504104,-0.083936,-0.8479,8.7675,-1.9425,-4.4975
3030,293303,0.539972,-0.133468,-0.8188641,11.41,2.45,-2.5375
3031,293400,0.50752,-0.17324,-0.8169121,13.65,5.1275,-2.065
3032,293496,0.499468,-0.172508,-0.816424,14.6825,7.1575,-3.185
3033,293593,0.48678,-0.192272,-0.8271601,16.345,11.445,-4.2
3034,293690,0.48312,-0.192028,-0.820572,18.305,17.22,-5.075
3035,293786,0.5002,-0.249124,-0.8215481,17.78,24.9375,-7.2275
3036,293883,0.49044,-0.280112,-0.8003201,13.1425,31.465,-12.005
3037,293979,0.437736,-0.274744,-0.8364321,9.765,40.7925,-17.5525
3038,294076,0.473604,-0.1586,-0.870104,9.275,50.05,-22.3125
3039,294173,0.5206961,-0.162504,-0.87352,11.865,62.09,-24.535
3040,294269,0.55754,-0.11346,-0.8906,15.7325,76.125,-21.735
3041,294366,0.564616,-0.02074,-0.916464,14.91,90.475,-17.675
3042,294462,0.566568,-0.048312,-0.916952,18.0075,106.9425,-9.94
3043,294559,0.558272,-0.038552,-0.927688,18.55,124.845,-1.3825
3044,294655,0.527284,-0.0732,-0.9479401,20.9125,146.055,5.7575
3045,294752,0.548756,-0.08954801,-0.9720961,27.1775,169.05,12.1275
3046,294849,0.5248441,-0.1281,-1.003084,36.6625,194.67,15.1375
3047,294945,0.500932,-0.163968,-1.03578,48.5275,220.99,15.4
3048,295042,0.459208,-0.164212,-1.1163,59.85,253.2425,13.615
3049,295138,0.433588,-0.301096,-1.129476,70.245,300.125,6.6675
3050,295235,0.583648,-0.376248,-1.264652,79.66001,357.735,-5.9325
3051,295332,0.9289081,-0.481412,-1.570872,96.39,411.3025,-21.245
3052,295428,1.260992,-0.428708,-1.624308,112.0875,446.74,-37.5375
3053,295525,1.245132,-0.662948,-1.662616,127.82,467.11,-63.7
3054,295621,1.784128,-0.643672,-2.013976,141.68,482.195,-79.6775
3055,295718,2.112552,-0.745176,-2.101084,163.31,461.3525,-85.4525
3056,295815,2.231868,-1.010648,-2.392176,192.955,401.415,-100.03
3057,295911,1.607472,-0.856196,-2.342156,205.6075,288.12,-124.9325
3058,296008,-1.034072,-0.062464,-1.9276,181.4575,149.8875,-147.6475
3059,296104,2.059116,-0.9535521,-3.3977,184.5725,79.905,-130.3225
3060,296201,0.079056,-1.253184,-2.207712,141.225,-33.705,-134.4875
3061,296297,-1.225368,-1.002108,-1.056764,73.4825,-142.5025,-150.6575
3062,296394,0.236924,-0.745176,-1.589904,22.785,-74.9525,-140.63
3063,296491,0.407968,-0.633424,-1.470588,20.4925,-105.3325,-97.3875
3064,296587,-0.113704,-0.782264,-1.098732,29.7675,-160.3175,-49.7525
3065,296684,0.020252,-0.725656,-1.014796,15.505,-183.05,-21.525
3066,296780,0.201788,-0.495808,-0.973316,-8.435,-201.39,-4.725
3067,296877,0.199592,-0.284016,-0.854732,-20.405,-228.725,12.6875
3068,296974,0.112728,-0.138348,-0.682224,-20.09,-252.1225,26.7225
3069,297070,0.144204,-0.09784401,-0.60634,-14.525,-261.8875,33.6175
3070,297167,0.198372,-0.134444,-0.557784,-11.4975,-267.1725,36.19
3071,297263,0.31842,-0.167872,-0.562664,-15.7675,-271.53,35.4025
3072,297360,0.384544,-0.246684,-0.595116,-24.815,-275.87,32.7075
3073,297456,0.46116,-0.200812,-0.6695361,-35.28,-277.27,32.445
3074,297553,0.497516,-0.106628,-0.693692,-37.52,-276.605,40.88
3075,297650,0.527772,-0.093696,-0.652944,-26.285,-271.6,53.935
3076,297746,0.695156,-0.140056,-0.740052,-10.1325,-258.5625,63.8575
3077,297843,1.002352,-0.219112,-0.91012,4.69,-251.195,70.9625
3078,297939,1.101172,-0.291092,-0.911828,17.115,-261.345,76.475
3079,298036,1.02236,-0.240096,-0.863028,25.5325,-274.12,78.645
3080,298133,1.080432,-0.231556,-0.906704,42.5775,-275.4325,77.735
3081,298229,1.273924,-0.382592,-0.9972281,68.1625,-272.93,79.17
3082,298326,1.491816,-0.731024,-1.015528,90.70251,-274.96,87.5175
3083,298422,1.631628,-1.013332,-0.968924,91.5425,-277.7075,105.91
3084,298519,1.780712,-1.19804,-0.8784,71.75,-276.64,132.615
3085,298615,2.000068,-1.272216,-0.759572,37.8,-269.5875,164.045
3086,298712,2.106696,-1.086044,-0.6231761,-3.4475,-260.9075,193.445
3087,298809,2.196244,-0.39406,-0.583404,-39.27,-242.3575,217.2975
3088,298905,2.45708,0.05368,-0.464576,-42.63,-218.2425,227.29
3089,299002,2.595916,-0.042212,-0.29402,-35.77,-195.86,215.1275
3090,299098,2.744268,0.408212,0.490684,-69.3,-165.3925,171.99
3091,299195,3.59534,0.67466,0.295728,-120.12,-125.3525,115.045
3092,299292,3.464312,0.414556,0.863272,-109.2875,-127.0325,85.8725
3093,299388,3.122956,0.351604,1.54452,-82.7225,-133.9275,58.905
3094,299485,3.13052,0.168604,2.13012,-53.2175,-92.85501,39.1825
3095,299581,3.277652,0.08881599,2.7511,-24.745,-28.315,36.2075
3096,299678,3.040484,0.13664,3.19152,-16.975,75.67,54.495
3097,299775,1.568188,0.696132,-1.315892,-2.485,215.3725,83.1425
3098,299871,1.154852,0.852048,-3.671468,19.04,243.705,60.305
3099,299968,1.014064,1.76412,-1.170712,-41.4225,159.9675,-14.1575
3100,300064,1.185352,0.08906,-1.184132,39.27,162.645,-47.1975
3101,300161,0.514108,-0.5690081,-0.95282,63.35,148.33,-39.48
3102,300258,0.645868,-0.442616,-0.659288,37.94,141.6275,-32.165
3103,300354,0.881328,-0.339404,-0.883524,36.4875,151.5325,-25.9175
3104,300451,0.921588,-0.36844,-0.924028,25.69,136.6925,-37.3275
3105,300547,1.07848,-0.740296,-1.05042,11.4275,118.9125,-54.4075
3106,300644,1.69702,-0.9818561,-1.11142,-19.4075,87.67501,-54.0225
3107,300740,0.633912,-0.268156,-0.869616,-61.0575,37.275,-49.245
3108,300837,0.907192,-0.08881599,-0.970388,-55.475,31.57,-36.0325
3109,300934,0.761524,-0.244976,-0.915732,-43.925,12.1625,-28.2625
3110,301030,0.6505041,-0.06880801,-0.9376921,-36.505,7.4025,-17.605
3111,301127,0.621468,-0.142252,-0.901336,-20.615,1.925,-11.165
3112,301223,0.557784,-0.131516,-0.880352,-9.6075,-0.455,-5.7575
3113,301320,0.51362,-0.198372,-0.8357,1.05,-1.6275,-2.0825
3114,301417,0.526552,-0.20984,-0.811544,6.2125,-0.7,-1.295
3115,301513,0.512156,-0.158112,-0.8086161,8.5225,0.2975,-0.9275
3116,301610,0.495076,-0.191296,-0.83814,12.32,2.205,0.035
3117,301706,0.514596,-0.253272,-0.7944641,16.2575,5.0225,-0.525
3118,301803,0.526064,-0.263032,-0.744688,16.765,6.1775,-2.52
3119,301899,0.51118,-0.199592,-0.762744,12.88,5.32,-4.725
3120,301996,0.519964,-0.204716,-0.78324,11.3925,5.425,-5.5125
3121,302093,0.499956,-0.254736,-0.767624,10.4475,6.3525,-6.3
3122,302189,0.518744,-0.277184,-0.73932,7.3675,6.79,-9.03
3123,302286,0.537044,-0.249368,-0.728828,2.415,6.7375,-12.4425
3124,302382,0.53924,-0.224236,-0.74054,-2.03,4.9525,-14.945
3125,302479,0.531188,-0.244244,-0.7473721,-4.83,4.13,-15.6975
3126,302576,0.543876,-0.22448,-0.75274,-8.05,3.2025,-17.57
3127,302672,0.528016,-0.195444,-0.770308,-10.22,1.8025,-19.0225
3128,302769,0.52826,-0.172752,-0.791292,-10.22,2.38,-18.795
3129,302865,0.554856,-0.164212,-0.8271601,-9.38,2.9575,-17.85
3130,302962,0.539972,-0.211792,-0.78812,-4.9875,4.1825,-17.2025
3131,303059,0.552172,-0.183,-0.79422,-4.3225,6.615,-17.3075
3132,303155,0.5463161,-0.177876,-0.7978801,-3.01,9.17,-16.8
3133,303252,0.53436,-0.191296,-0.8169121,-0.665,12.7575,-15.995
3134,303348,0.51118,-0.208132,-0.81374,1.1025,18.06,-15.9075
3135,303445,0.5246,-0.22082,-0.8100801,3.7625,25.8825,-16.415
3136,303542,0.526552,-0.252296,-0.8066641,7.35,32.2175,-19.5125
3137,303638,0.536556,-0.241072,-0.827892,6.615,39.48,-22.47
3138,303735,0.599508,-0.153232,-0.843264,4.375,49.9275,-21.6475
3139,303831,0.599264,-0.124928,-0.8615641,11.4625,58.345,-19.0925
3140,303928,0.608048,-0.067344,-0.87962,10.605,70.0,-12.2675
3141,304024,0.579012,-0.087352,-0.8869401,13.1075,84.6825,-4.025
3142,304121,0.563396,-0.060512,-0.8954801,14.6475,100.87,4.0075
3143,304218,0.559248,-0.09442801,-0.909144,19.565,119.7525,11.6725
3144,304314,0.530212,-0.127124,-0.937448,24.7275,142.0825,15.5225
3145,304411,0.523868,-0.174948,-0.949404,32.5325,164.9725,16.975
3146,304508,0.5206961,-0.186904,-0.987956,41.685,188.615,15.3125
3147,304604,0.459696,-0.191784,-1.038464,49.35,218.75,10.64
3148,304701,0.447008,-0.210572,-1.047004,59.22,257.39,5.635
3149,304797,0.53314,-0.263032,-1.067012,67.515,306.53,-2.0125
3150,304894,0.655628,-0.329888,-1.272216,82.25,360.22,-12.0575
3151,304991,1.20292,-0.504104,-1.552572,102.06,407.75,-23.1525
3152,305087,1.314916,-0.447496,-1.638704,113.995,434.91,-38.7275
3153,305184,1.379332,-0.627568,-1.749968,134.925,449.365,-58.625
3154,305280,1.93126,-0.641232,-2.043744,165.83,453.215,-58.87
3155,305377,2.14964,-0.61,-2.012512,198.4675,421.015,-59.6575
3156,305473,2.03618,-0.671732,-2.297504,210.0875,351.7675,-84.2625
3157,305570,1.341756,-0.4743361,-2.114992,213.745,243.005,-114.9925
3158,305667,-1.043588,0.051484,-2.27896,193.55,131.11,-130.41
3159,305763,2.364604,-1.0736,-3.214944,189.0,58.345,-142.9225
3160,305860,-0.178852,-1.159488,-1.945656,117.95,-74.62,-189.07
3161,305956,-0.766892,-0.96014,-1.169492,49.9975,-148.575,-203.805
3162,306053,0.147132,-0.863516,-1.372012,15.1725,-101.675,-177.625
3163,306150,0.1647,-0.956968,-1.18584,15.645,-118.23,-122.1675
3164,306246,-0.056852,-1.081164,-0.98088,13.09,-143.745,-64.89
3165,306343,0.10004,-1.019432,-0.970388,-9.7825,-157.7625,-20.86
3166,306439,0.206668,-0.7332201,-0.9860041,-39.305,-176.225,9.7475
3167,306536,0.30134,-0.450424,-0.961604,-54.04,-203.805,34.405
3168,306633,0.193248,-0.272792,-0.79666,-51.4675,-234.5,50.085
3169,306729,0.07612801,-0.172264,-0.594872,-44.0475,-256.515,53.445
3170,306826,0.099552,-0.100772,-0.488244,-39.13,-264.3375,45.5
3171,306922,0.250588,-0.09735601,-0.483364,-36.085,-264.1625,28.91
3172,307019,0.45262,-0.15006,-0.566812,-36.5225,-265.1075,9.135
3173,307116,0.541436,-0.1891,-0.595116,-36.33,-271.4425,-1.4875
3174,307212,0.46848,-0.27694,-0.57096,-29.715,-276.43,4.83
3175,307309,0.441152,-0.362096,-0.624396,-20.965,-269.8675,22.855
3176,307405,0.54168,-0.388936,-0.676368,-13.6325,-255.4825,44.065
3177,307502,0.843996,-0.42578,-0.841556,-2.8,-244.7375,62.2475
3178,307599,1.022848,-0.423828,-0.882548,6.3525,-250.4075,75.04
3179,307695,1.021628,-0.3355,-0.8488761,11.27,-264.8275,80.15
3180,307792,1.114592,-0.255468,-0.91622,22.785,-271.3725,78.82
3181,307888,1.234884,-0.294264,-0.994056,44.065,-275.625,76.0725
3182,307985,1.278316,-0.477508,-1.035536,67.165,-283.2025,78.41751
3183,308082,1.321016,-0.697596,-1.001864,79.7125,-286.615,87.46501
3184,308178,1.355908,-0.811056,-0.9418401,78.26,-281.365,102.725
3185,308275,1.567456,-0.9167081,-0.8296,70.385,-265.23,120.8025
3186,308371,1.783884,-1.029192,-0.689056,56.105,-244.02,139.3
3187,308468,2.060824,-0.998692,-0.545096,35.315,-219.275,155.7325
3188,308564,2.370704,-0.449204,-0.511668,13.895,-189.42,172.7775
3189,308661,2.820396,-0.029524,-0.464332,13.0375,-162.2075,187.9675
3190,308758,3.367688,0.202276,-0.388936,18.7425,-151.34,189.91
3191,308854,3.6966,-0.05172801,-0.17934,12.4075,-165.8125,182.105
3192,308951,3.291316,-0.221552,0.7812881,-54.18,-193.8475,151.795
3193,309047,3.220312,0.250588,1.269532,-169.33,-184.7475,89.2325
3194,309144,3.102704,0.9357401,1.86416,-194.88,-150.6925,56.105
3195,309241,2.83406,0.202032,2.583716,-88.13,-103.7225,70.105
3196,309337,3.268868,-0.287432,3.126372,-11.725,-5.215,104.7025
3197,309434,2.700592,0.8256961,2.664724,-51.065,121.6425,128.9225
3198,309530,1.46644,0.815936,-3.072448,-14.6125,245.6125,131.775
3199,309627,0.854,1.807796,-2.802828,-34.965,220.43,57.365
3200,309723,1.192428,1.732644,-0.998448,-49.91,165.5675,-29.3825
3201,309820,1.104588,-0.073444,-1.460584,56.525,179.2525,-46.0425
3202,309917,0.42578,-0.413824,-0.75396,52.2375,155.8025,-39.0775
3203,310013,0.813008,-0.417728,-0.731512,44.1,160.8075,-32.585
3204,310110,0.959164,-0.27816,-0.952332,38.2375,160.4925,-32.025
3205,310206,1.094828,-0.416508,-0.996008,27.51,141.715,-45.64
3206,310303,1.030656,-0.874252,-1.00284,11.0775,116.2525,-58.0825
3207,310400,1.598444,-1.041636,-1.023824,-26.95,85.8025,-58.73
3208,310496,0.822768,-0.199104,-0.99308,-72.205,40.9325,-50.925
3209,310593,0.9608721,-0.11956,-0.9718521,-65.8525,28.4025,-40.18
3210,310689,0.682468,-0.187392,-0.885964,-49.9975,3.0975,-33.355
3211,310786,0.6422081,-0.149572,-0.887672,-44.065,-4.6375,-23.905
3212,310883,0.585112,-0.15738,-0.865468,-34.3175,-8.19,-19.705
3213,310979,0.5429,-0.125904,-0.8549761,-28.805,-7.1225,-16.17
3214,311076,0.54656,-0.121268,-0.854488,-20.3175,-4.8475,-11.3225
3215,311172,0.529724,-0.171044,-0.835212,-11.7425,-1.645,-6.37
3216,311269,0.5309441,-0.122976,-0.8256961,-7.5075,0.2625,-3.675
3217,311365,0.542168,-0.117364,-0.8298441,-3.6925,1.05,-0.6475
3218,311462,0.52826,-0.14396,-0.815936,0.455,2.0125,2.275
3219,311559,0.501908,-0.189588,-0.8003201,3.325,2.31,3.7975
3220,311655,0.519232,-0.180316,-0.8039801,6.0725,1.9775,3.85
3221,311752,0.523624,-0.175192,-0.803492,7.735,0.665,2.065
3222,311848,0.5077641,-0.228872,-0.794708,8.225,-1.68,0.0
3223,311945,0.50752,-0.221308,-0.793976,6.86,-2.03,-2.415
3224,312042,0.512156,-0.20862,-0.781532,5.285,-3.045,-5.6875
3225,312138,0.5016641,-0.242292,-0.7747001,5.39,-4.2875,-8.7675
3226,312235,0.502884,-0.20618,-0.794952,4.165,-5.4425,-11.8125
3227,312331,0.503128,-0.151524,-0.799344,2.4675,-5.3025,-13.055
3228,312428,0.528748,-0.126148,-0.82594,3.4475,-3.9375,-12.32
3229,312525,0.5404601,-0.137372,-0.8127641,5.6,-0.8575,-10.4825
3230,312621,0.5429,-0.126392,-0.8025161,7.9975,2.3625,-8.155
3231,312718,0.54168,-0.144204,-0.8030041,9.9925,5.705,-5.8275
3232,312814,0.510204,-0.222284,-0.8047121,12.0225,8.7325,-5.005
3233,312911,0.498248,-0.254736,-0.7978801,11.3575,12.18,-6.6675
3234,313008,0.478972,-0.25986,-0.79666,8.925,16.9225,-10.22
3235,313104,0.484584,-0.24278,-0.815204,6.1775,24.9375,-13.265
3236,313201,0.492392,-0.265716,-0.8169121,5.95,33.2325,-16.6775
3237,313297,0.54656,-0.223016,-0.8244761,7.7175,40.8625,-20.7025
3238,313394,0.4819,-0.11956,-0.839848,9.17,49.1925,-23.59
3239,313491,0.595848,-0.100772,-0.863028,10.115,61.3025,-20.8075
3240,313587,0.576572,-0.07198,-0.8744961,16.66,71.19,-15.6275
3241,313684,0.589504,-0.0366,-0.8959681,15.12,84.735,-8.1725
3242,313780,0.56242,-0.05636401,-0.8996281,17.6575,99.54,-0.245
3243,313877,0.541924,-0.0854,-0.913048,21.0875,116.795,7.9975
3244,313973,0.545584,-0.144448,-0.9345201,27.545,137.2175,14.0875
3245,314070,0.527772,-0.161284,-0.9684361,32.83,159.53,15.9075
3246,314167,0.533872,-0.211548,-0.978196,40.6175,181.9825,15.9775
3247,314263,0.50508,-0.132004,-1.061888,48.9825,206.22,14.6125
3248,314360,0.434808,-0.214232,-1.060912,59.675,240.73,12.635
3249,314456,0.474092,-0.238388,-1.12606,69.58,287.245,6.965
3250,314553,0.5702281,-0.305,-1.198772,82.8625,339.9725,-3.8325
3251,314650,0.91134,-0.439932,-1.526464,104.895,392.2275,-11.7425
3252,314746,1.148996,-0.395768,-1.576484,123.3575,430.675,-22.26
3253,314843,1.170468,-0.490196,-1.646756,139.0375,452.7075,-44.38
3254,314939,1.591612,-0.646112,-1.9093,163.59,471.905,-55.93
3255,315036,2.21674,-0.672708,-2.052284,200.13,462.77,-54.075
3256,315132,2.300676,-0.781776,-2.30092,225.155,408.5025,-69.87751
3257,315229,1.763876,-0.854244,-2.469768,231.4025,308.0175,-101.675
3258,315326,0.171288,-0.261324,-1.857328,208.215,170.8525,-131.215
3259,315422,0.545096,-0.326228,-2.99022,194.04,74.9,-133.805
3260,315519,1.239032,-1.162904,-2.832596,159.635,16.17,-152.1975
3261,315615,-1.288564,-0.870104,-1.173884,86.38,-160.7025,-195.09
3262,315712,-0.131272,-0.75762,-1.4396,44.03,-102.1125,-194.775
3263,315809,0.355996,-0.7861681,-1.381772,40.145,-104.265,-155.435
3264,315905,-0.130052,-1.02846,-1.005768,45.3775,-147.63,-101.815
3265,316002,-0.011468,-1.077504,-0.921832,28.875,-161.1925,-57.5225
3266,316098,0.205692,-0.898896,-0.957456,-4.97,-172.1825,-23.52
3267,316195,0.2806,-0.630252,-0.9433041,-31.8675,-196.21,9.52
3268,316292,0.243024,-0.416508,-0.8327721,-43.7675,-224.0,38.2025
3269,316388,0.210816,-0.270596,-0.725168,-46.62,-245.42,56.07
3270,316485,0.222284,-0.156404,-0.637084,-46.305,-259.84,63.9275
3271,316581,0.263032,-0.135908,-0.58804,-44.38,-270.375,63.525
3272,316678,0.387228,-0.175924,-0.583404,-46.165,-276.99,55.3175
3273,316774,0.5185,-0.202032,-0.615124,-51.415,-282.8,43.82
3274,316871,0.552416,-0.15738,-0.659044,-52.7975,-288.715,36.6625
3275,316968,0.508008,-0.160796,-0.612928,-43.715,-290.2375,38.0975
3276,317064,0.548756,-0.29036,-0.6273241,-31.29,-280.525,42.14
3277,317161,0.809348,-0.396744,-0.82838,-21.9275,-263.9875,47.7925
3278,317258,1.097024,-0.416508,-0.9247601,-10.57,-261.1525,62.0025
3279,317354,1.10532,-0.475556,-0.8940161,3.1325,-271.425,79.275
3280,317451,1.138016,-0.453352,-0.9208561,14.0175,-275.7125,90.615
3281,317547,1.251476,-0.4594521,-1.008452,26.04,-275.9225,95.9525
3282,317644,1.392508,-0.610244,-1.078724,43.12,-278.4775,100.5375
3283,317741,1.520364,-0.835212,-1.065548,56.315,-282.275,108.3075
3284,317837,1.733376,-1.08702,-0.955504,57.4175,-281.12,122.3775
3285,317934,1.9459,-1.238544,-0.811056,44.0475,-275.415,140.385
3286,318030,2.116456,-1.276608,-0.681736,21.5075,-267.155,158.1475
3287,318127,2.330444,-1.022116,-0.52216,-3.465,-253.785,174.86
3288,318223,2.563708,-0.276696,-0.504836,-17.395,-233.1175,193.7425
3289,318320,3.125884,0.080764,-0.423584,0.21,-211.61,205.765
3290,318417,3.305712,-0.385032,0.244244,7.84,-213.6925,197.75
3291,318513,3.225192,0.299388,0.6517241,-69.5625,-198.73,148.505
3292,318610,3.570208,0.653188,0.835212,-133.98,-179.62,89.0575
3293,318706,2.893108,0.784704,1.617232,-130.55,-173.6,52.3775
3294,318803,2.943616,0.324276,2.166232,-61.6525,-125.86,40.81
3295,318900,3.39038,-0.262788,2.47904,-4.3925,-50.995,49.9625
3296,318996,3.507988,0.199348,2.897256,-27.5975,38.08,71.435
3297,319093,1.270752,0.912316,0.9469641,-34.8425,144.2,102.6725
3298,319189,1.232932,0.5458281,-3.774924,18.1825,262.5525,100.1525
3299,319286,0.811788,1.780712,-1.75192,-43.6975,197.225,26.6875
3300,319383,1.33712,0.886452,-1.135576,-6.3525,184.1875,-32.48
3301,319479,1.044076,-0.244488,-1.43106,62.09,183.61,-38.1675
3302,319576,0.483852,-0.377712,-0.715652,39.3225,151.69,-36.33
3303,319672,0.807152,-0.426512,-0.815936,40.6,160.1425,-30.765
3304,319769,0.782508,-0.31476,-0.8810841,32.6375,151.5675,-33.565
3305,319866,1.05164,-0.441396,-0.9376921,25.515,140.245,-43.9425
3306,319962,1.037,-0.872788,-1.002108,12.985,117.4075,-55.6675
3307,320059,1.575264,-0.9823441,-1.02968,-24.43,86.9925,-56.1575
3308,320155,0.8020281,-0.278648,-0.97478,-65.7825,45.2725,-48.755
3309,320252,0.946232,-0.054412,-0.9552601,-60.655,32.9875,-37.975
3310,320349,0.7034521,-0.1403,-0.907436,-43.4525,11.83,-28.5425
3311,320445,0.63928,-0.124196,-0.920612,-34.055,3.815,-17.08
3312,320542,0.58804,-0.111752,-0.862784,-22.82,2.695,-10.6575
3313,320638,0.540216,-0.141032,-0.862784,-13.79,2.5375,-6.3175
3314,320735,0.532164,-0.155672,-0.842288,-7.385,3.4475,-3.4475
3315,320831,0.547536,-0.212768,-0.81984,-2.0125,4.2525,-1.5575
3316,320928,0.5309441,-0.205448,-0.796416,0.175,3.85,-0.91
3317,321025,0.518256,-0.201544,-0.793244,1.3825,3.5,-0.35
3318,321121,0.524356,-0.16714,-0.801784,2.87,3.745,0.595
3319,321218,0.504104,-0.197884,-0.792024,4.865,4.1125,1.365
3320,321314,0.517768,-0.25742,-0.76616,6.265,3.92,0.0525
3321,321411,0.52216,-0.230092,-0.7705521,4.5325,2.8525,-2.5725
3322,321508,0.521184,-0.223748,-0.77348,2.6425,1.715,-4.4275
3323,321604,0.532164,-0.279624,-0.776896,1.7675,0.9625,-6.23
3324,321701,0.527528,-0.288164,-0.760792,0.6475,-0.2975,-9.135
3325,321797,0.539484,-0.238144,-0.750544,-2.3975,-0.5425,-12.635
3326,321894,0.533872,-0.203984,-0.75762,-3.465,-3.6575,-14.4375
3327,321991,0.53802,-0.165188,-0.79422,-3.85,-5.075,-14.6125
3328,322087,0.515084,-0.194224,-0.8025161,-2.3275,-5.4775,-14.1575
3329,322184,0.547292,-0.166652,-0.8025161,-2.1525,-3.5175,-13.72
3330,322280,0.5648601,-0.139812,-0.803248,-1.19,-1.1025,-11.935
3331,322377,0.557052,-0.162992,-0.7991,1.5925,1.05,-9.4675
3332,322474,0.54656,-0.190808,-0.7956841,3.71,3.745,-7.77
3333,322570,0.5355801,-0.182756,-0.80154,4.1125,6.5975,-7.56
3334,322667,0.526308,-0.182512,-0.8086161,4.865,9.31,-7.7
3335,322763,0.507276,-0.212768,-0.801784,6.265,13.195,-8.015
3336,322860,0.482876,-0.246196,-0.796172,6.4925,19.11,-9.6775
3337,322956,0.494344,-0.215696,-0.81862,6.755,28.665,-11.935
3338,323053,0.481412,-0.220332,-0.827892,10.7975,37.52,-15.3825
3339,323150,0.532164,-0.140056,-0.841556,11.8475,45.9725,-17.85
3340,323246,0.588284,-0.165188,-0.827892,11.9525,57.0675,-15.6625
3341,323343,0.5655921,-0.12078,-0.869372,17.1325,67.235,-12.8275
3342,323440,0.572912,-0.112728,-0.882548,16.625,79.94,-7.735
3343,323536,0.550708,-0.111264,-0.898652,18.1475,94.90251,-2.765
3344,323633,0.537044,-0.10858,-0.92598,21.3675,112.3325,2.6425
3345,323729,0.550708,-0.135176,-0.9486721,27.9825,134.05,8.8725
3346,323826,0.525332,-0.149084,-0.983564,35.1225,158.6375,12.0575
3347,323923,0.535092,-0.12444,-1.037488,43.9075,183.68,14.455
3348,324019,0.460672,-0.162748,-1.10776,57.12,213.0625,17.4125
3349,324116,0.412116,-0.225944,-1.110444,68.65251,253.8025,16.1
3350,324212,0.416508,-0.1952,-1.114348,81.74251,304.01,10.01
3351,324309,0.557784,-0.278648,-1.189988,103.46,360.6225,2.135
3352,324406,0.914756,-0.353068,-1.594296,132.79,413.2275,-6.755
3353,324502,1.533296,-0.474824,-1.599908,159.1975,446.39,-13.37
3354,324599,1.520364,-0.61366,-1.759484,174.58,459.2525,-27.37
3355,324695,2.03496,-0.707844,-2.043988,197.75,457.52,-37.3975
3356,324792,1.997628,-0.691008,-1.889292,217.4725,415.6075,-47.18
3357,324889,1.996652,-0.764696,-2.250168,220.01,351.3125,-74.34
3358,324985,1.286368,-0.528992,-2.097668,221.025,246.1725,-102.0425
3359,325082,-0.935984,0.009272001,-2.451468,204.995,132.86,-122.22
3360,325178,2.124508,-0.9818561,-3.176636,191.8,49.56,-136.4475
3361,325275,-0.11224,-0.993568,-2.058628,119.49,-72.0125,-190.47
3362,325371,-0.707844,-0.720288,-1.255136,54.25,-155.9075,-220.9725
3363,325468,0.20252,-0.731268,-1.407636,35.8575,-118.09,-207.445
3364,325565,0.172264,-0.9171961,-1.120204,42.3675,-143.3425,-161.77
3365,325661,-0.06539201,-1.090924,-0.892064,37.765,-168.0,-111.4925
3366,325758,0.025376,-1.022604,-0.816668,12.11,-178.57,-67.8475
3367,325854,0.067344,-0.762012,-0.78446,-18.1475,-188.195,-32.585
3368,325951,0.177388,-0.526064,-0.7788481,-30.7125,-200.375,-0.77
3369,326048,0.192272,-0.403576,-0.717848,-27.86,-216.9475,26.2675
3370,326144,0.17568,-0.33306,-0.634644,-22.47,-233.8,43.9075
3371,326241,0.179096,-0.255712,-0.5777921,-23.905,-247.275,50.2425
3372,326337,0.269132,-0.208864,-0.58072,-32.165,-258.055,43.75
3373,326434,0.398452,-0.143472,-0.61732,-43.505,-268.73,27.4575
3374,326531,0.452864,-0.06954,-0.651236,-45.5175,-279.79,12.7225
3375,326627,0.434076,-0.054168,-0.601216,-31.2025,-287.455,9.8175
3376,326724,0.378444,-0.173728,-0.555832,-6.2825,-283.5525,17.78
3377,326820,0.542656,-0.351848,-0.617564,15.3125,-267.1025,32.1825
3378,326917,0.904752,-0.547048,-0.820572,30.9925,-250.6,53.2175
3379,327014,0.9628241,-0.6600201,-0.8418,33.1275,-253.2425,78.34751
3380,327110,0.949892,-0.588772,-0.792024,19.0925,-261.6775,95.97
3381,327207,1.071648,-0.356484,-0.937936,10.5525,-257.74,102.865
3382,327303,1.335656,-0.334768,-1.075308,29.9075,-255.3075,105.5425
3383,327400,1.52866,-0.61,-1.071892,62.51,-262.22,111.3875
3384,327497,1.64212,-0.8991401,-0.970632,77.4375,-268.415,121.7125
3385,327593,1.882704,-1.147776,-0.8047121,63.875,-267.9075,135.065
3386,327690,2.097912,-1.216584,-0.670024,31.78,-262.15,151.375
3387,327786,2.28628,-1.076772,-0.5058121,-3.4125,-252.28,171.2725
3388,327883,2.374852,-0.45262,-0.409676,-30.3625,-235.41,194.1625
3389,327980,2.569076,0.086132,-0.274988,-32.0775,-211.4,209.02
3390,328076,2.850408,0.420168,-0.05636401,-20.0725,-188.475,202.9475
3391,328173,3.154432,0.298168,0.090768,-13.7025,-173.845,178.57
3392,328269,3.2513,-0.319884,0.588284,-36.82,-175.63,139.0725
3393,328366,3.029504,0.011712,1.130696,-122.3075,-164.745,75.635
3394,328463,3.338408,0.739808,1.45302,-171.6575,-136.9375,21.6125
3395,328559,2.792092,0.554124,2.293112,-110.4775,-103.46,18.9875
3396,328656,3.320108,-0.33916,2.9402,5.8275,-28.0525,61.7575
3397,328752,2.714988,0.358924,3.014864,-21.105,96.88,107.5025
3398,328849,1.331508,0.991372,-2.050332,-24.115,226.135,131.4425
3399,328945,1.121668,1.3664,-3.407216,-4.5325,254.835,76.8425
3400,329042,1.146556,1.939068,-1.138748,-53.655,171.85,-11.165
3401,329139,1.167784,0.150792,-1.30052,45.99,173.285,-42.84
3402,329235,0.441152,-0.47336,-0.875228,64.33,157.325,-37.205
3403,329332,0.656848,-0.420168,-0.6368401,44.275,153.895,-31.955
3404,329428,1.209752,-0.390644,-0.952332,43.5225,165.34,-28.5075
3405,329525,1.25538,-0.8461921,-1.11874,28.805,138.25,-47.215
3406,329622,1.455216,-1.311744,-1.023336,-9.38,91.56,-58.2575
3407,329718,0.762744,-0.381128,-0.860588,-64.89,46.13,-51.73
3408,329815,0.9674601,0.071248,-1.095316,-70.42,31.7275,-44.8525
3409,329911,0.805688,-0.343552,-0.8256961,-50.75,11.06,-37.17
3410,330008,0.6456241,-0.146156,-0.894504,-48.2825,1.6275,-26.81
3411,330105,0.59902,-0.202276,-0.8615641,-39.5675,-7.77,-23.2225
3412,330201,0.573888,-0.17934,-0.848388,-33.4425,-10.2725,-20.4225
3413,330298,0.508252,-0.188368,-0.8244761,-30.555,-12.18,-19.4425
3414,330394,0.525576,-0.223504,-0.8230121,-27.65,-12.67,-18.7425
3415,330491,0.538752,-0.20374,-0.8215481,-25.34,-11.585,-18.235
3416,330588,0.528992,-0.08759601,-0.836188,-22.0325,-9.905,-15.82
3417,330684,0.530212,-0.102236,-0.84424,-15.015,-7.385,-10.255
3418,330781,0.507032,-0.092964,-0.8400921,-8.2075,-4.305,-5.39
3419,330877,0.509228,-0.146644,-0.830088,-4.5325,-1.8375,-3.465
3420,330974,0.533384,-0.142984,-0.794952,-2.3975,-2.4675,-3.4825
3421,331071,0.527284,-0.18544,-0.78202,-1.3125,-4.095,-3.115
3422,331167,0.506056,-0.203496,-0.7808001,-0.98,-6.7725,-3.36
3423,331264,0.49532,-0.194468,-0.8261841,-1.6275,-6.5975,-4.34
3424,331360,0.513864,-0.203496,-0.8147161,1.26,-5.495,-4.2
3425,331457,0.515328,-0.233996,-0.7978801,3.29,-4.6025,-5.1625
3426,331553,0.513132,-0.186904,-0.790804,3.5,-6.615,-7.42
3427,331650,0.528748,-0.126148,-0.806908,3.29,-8.6625,-8.7675
3428,331747,0.493612,-0.117608,-0.816424,3.885,-9.2925,-8.7675
3429,331843,0.5124001,-0.127612,-0.824964,4.5675,-6.58,-7.665
3430,331940,0.513132,-0.136884,-0.815204,6.16,-3.255,-6.0375
3431,332036,0.513376,-0.149084,-0.811544,6.93,-0.5075,-4.9
3432,332133,0.49654,-0.179096,-0.814472,8.4525,1.6625,-4.55
3433,332230,0.498248,-0.203008,-0.8049561,8.925,4.76,-4.9875
3434,332326,0.504104,-0.205448,-0.801784,7.735,7.245,-6.895
3435,332423,0.483852,-0.202764,-0.812276,6.335,9.9925,-8.925
3436,332519,0.487512,-0.226676,-0.81984,5.9675,16.205,-10.1325
3437,332616,0.491172,-0.21472,-0.815204,4.795,23.3975,-11.9175
3438,332713,0.512156,-0.166408,-0.834724,5.18,31.0975,-14.105
3439,332809,0.492392,-0.177388,-0.849608,9.66,38.08,-16.0475
3440,332906,0.488,-0.069784,-0.881816,12.705,47.74,-16.345
3441,333002,0.5248441,-0.12322,-0.879376,17.92,59.5175,-14.6825
3442,333099,0.533872,-0.118828,-0.876204,23.03,72.835,-10.92
3443,333196,0.532896,-0.104676,-0.9042641,23.625,88.3575,-6.5625
3444,333292,0.5309441,-0.112728,-0.9189041,22.4525,103.915,-2.0125
3445,333389,0.52582,-0.129808,-0.931348,23.415,122.0625,2.8
3446,333485,0.525332,-0.12444,-0.9669721,26.285,143.5525,5.9675
3447,333582,0.525576,-0.105408,-0.992348,33.32,167.1775,8.715
3448,333679,0.543144,-0.127124,-1.031388,44.1,193.3925,12.1625
3449,333775,0.479216,-0.17568,-1.094096,56.77,220.85,14.63
3450,333872,0.419924,-0.213988,-1.09556,65.29251,260.365,12.1625
3451,333968,0.511424,-0.252052,-1.155096,75.04,310.555,3.92
3452,334065,0.547048,-0.374296,-1.229516,90.93,365.1025,-7.6825
3453,334162,1.060424,-0.472384,-1.573556,106.995,415.8175,-21.6825
3454,334258,1.110444,-0.463356,-1.58234,117.7225,444.3425,-40.6525
3455,334355,1.358836,-0.729804,-1.692872,127.7675,461.5625,-70.1225
3456,334451,1.968348,-0.660996,-2.051064,149.205,468.2825,-76.51
3457,334548,2.047892,-0.752984,-1.980548,185.9025,425.88,-74.97
3458,334645,2.039352,-0.640256,-2.335812,202.5625,351.8025,-91.6475
3459,334741,1.30296,-0.377712,-2.089372,216.0725,237.2825,-114.7475
3460,334838,-1.469124,0.175436,-2.34972,201.565,120.6625,-134.295
3461,334934,2.131584,-0.906704,-3.41234,192.815,43.0325,-134.4875
3462,335031,-0.609268,-1.05896,-1.88246,107.8,-95.3575,-179.6025
3463,335127,-1.047736,-0.754204,-1.214632,31.2725,-162.0325,-198.975
3464,335224,0.289872,-0.59902,-1.580144,3.64,-118.8775,-172.585
3465,335321,0.001464,-0.8359441,-1.275388,20.09,-156.8525,-114.2575
3466,335417,-0.140788,-0.961604,-1.059204,21.9275,-190.9425,-61.11
3467,335514,0.05636401,-0.808372,-0.992592,-3.8325,-207.515,-24.78
3468,335610,0.057096,-0.468236,-0.903288,-31.15,-227.57,2.52
3469,335707,0.105164,-0.234728,-0.7951961,-38.605,-243.8275,26.3725
3470,335804,0.081496,-0.13542,-0.6897881,-34.3,-255.395,41.825
3471,335900,0.16592,-0.112728,-0.655384,-31.8325,-261.3975,47.04
3472,335997,0.367952,-0.1464,-0.67832,-36.8725,-266.0175,43.8025
3473,336093,0.485072,-0.202276,-0.668316,-45.185,-275.7475,37.1525
3474,336190,0.50874,-0.25254,-0.64416,-51.17,-284.1475,34.6675
3475,336287,0.458964,-0.24278,-0.5885281,-50.575,-284.48,41.4925
3476,336383,0.46604,-0.259128,-0.572668,-43.995,-271.32,54.425
3477,336480,0.76738,-0.292068,-0.7856801,-30.9575,-248.2725,67.9
3478,336576,1.084336,-0.255468,-0.936228,-16.8175,-236.32,81.4275
3479,336673,1.064328,-0.245952,-0.864004,-6.545,-245.2275,85.71501
3480,336770,0.957456,-0.101992,-0.780556,-1.6275,-250.95,74.83
3481,336866,0.951356,-0.09418401,-0.74908,14.035,-242.27,58.5025
3482,336963,0.9969841,-0.305488,-0.7956841,42.7875,-226.4675,48.1425
3483,337059,1.17242,-0.607804,-0.8574161,68.6175,-208.565,51.17
3484,337156,1.385676,-0.9403761,-0.80886,80.0275,-192.0275,69.86
3485,337252,1.598444,-1.198772,-0.719556,71.9075,-175.42,99.96
3486,337349,1.824144,-1.356884,-0.6348881,43.4875,-157.535,135.6075
3487,337446,2.117432,-1.27978,-0.554368,0.0875,-139.0725,169.96
3488,337542,2.496364,-0.805688,-0.640012,-40.8625,-122.815,201.6175
3489,337639,3.123688,-0.50874,-0.681248,-52.6925,-117.5825,230.825
3490,337735,3.430152,-0.401624,-0.418216,-60.9175,-144.9875,247.2925
3491,337832,3.218604,-0.437248,0.021472,-99.12001,-196.91,237.1775
3492,337929,2.919704,-0.26596,0.380152,-166.2325,-235.8475,199.9025
3493,338025,2.627392,0.205448,0.661972,-214.1825,-254.695,155.19
3494,338122,2.880664,0.726876,1.214144,-188.9125,-249.1825,124.1625
3495,338218,2.128412,0.121512,2.325076,-87.01,-204.2425,101.36
3496,338315,2.441464,-0.232288,2.633248,-10.4825,-141.8025,91.6125
3497,338412,2.611288,0.116876,2.965332,-9.0475,-11.655,93.485
3498,338508,2.289696,0.661972,3.021452,-1.12,101.29,96.4425
3499,338605,0.883768,0.267668,-1.96298,38.1675,259.4025,90.545
3500,338701,1.226344,1.015772,-3.048292,19.845,279.0725,43.5225
3501,338798,1.419592,1.45912,-0.9391561,9.485,198.4675,-19.04
3502,338895,1.53842,0.06636801,-1.45546,70.77,193.9,-55.44
3503,338991,0.775676,-0.549732,-1.006988,78.1725,166.8275,-54.67
3504,339088,0.697596,-0.575596,-0.61976,57.2775,154.42,-45.465
3505,339184,1.1712,-0.519964,-0.951844,47.3025,165.3925,-39.5675
3506,339281,1.394704,-1.13216,-1.517192,21.5425,133.7525,-50.5575
3507,339378,1.575508,-0.986248,-0.773724,-38.2025,75.39,-53.7075
3508,339474,0.878156,-0.373076,-0.956968,-75.88,9.8875,-49.5075
3509,339571,0.9943001,0.017568,-1.019676,-66.57,11.5325,-38.2725
3510,339667,0.6753921,-0.203008,-0.827404,-38.3425,-15.05,-34.3875
3511,339764,0.634644,-0.139568,-0.84912,-34.09,-14.4725,-24.745
3512,339860,0.609024,-0.150304,-0.878156,-22.4875,-11.9,-17.3775
3513,339957,0.574864,-0.135908,-0.835456,-11.1475,-10.2025,-10.8675
3514,340054,0.544852,-0.147864,-0.816668,-3.15,-10.4125,-7.735
3515,340150,0.482876,-0.235216,-0.796172,0.0875,-9.8525,-7.0
3516,340247,0.475312,-0.225944,-0.803248,-1.785,-7.7525,-9.73
3517,340343,0.512888,-0.172264,-0.8147161,-4.025,-4.585,-12.3725
3518,340440,0.557784,-0.162016,-0.797636,-3.5,-2.66,-11.9875
3519,340537,0.5246,-0.218136,-0.787144,-1.715,-2.59,-9.8875
3520,340633,0.5355801,-0.183244,-0.805688,-1.9775,-3.36,-9.7475
3521,340730,0.526308,-0.156648,-0.814472,-1.365,-4.305,-10.045
3522,340826,0.5214281,-0.172752,-0.797392,0.91,-3.255,-9.415
3523,340923,0.529236,-0.160552,-0.8030041,1.8025,-2.625,-9.5375
3524,341020,0.535336,-0.161528,-0.80764,2.9225,-1.6975,-9.0825
3525,341116,0.52338,-0.161772,-0.796904,3.7275,-1.0675,-8.5575
3526,341213,0.55998,-0.14518,-0.7895841,4.9,0.035,-7.4725
3527,341309,0.52582,-0.17446,-0.791048,5.1275,-0.595,-6.9475
3528,341406,0.526552,-0.172996,-0.797392,3.7975,1.3125,-7.1575
3529,341503,0.538752,-0.150792,-0.805444,3.7975,2.7825,-6.7725
3530,341599,0.530456,-0.169336,-0.798368,4.62,4.41,-6.23
3531,341696,0.521916,-0.180804,-0.8047121,5.285,6.055,-6.055
3532,341792,0.5246,-0.188856,-0.807396,5.46,7.7,-6.65
3533,341889,0.515328,-0.186904,-0.797148,5.565,9.625,-7.7
3534,341985,0.519232,-0.183244,-0.8003201,5.46,12.1275,-8.855
3535,342082,0.522404,-0.18788,-0.8081281,5.5475,14.7875,-10.1325
3536,342179,0.501176,-0.194956,-0.807396,6.4225,18.165,-11.9
3537,342275,0.507276,-0.20008,-0.805932,8.2775,22.2775,-14.77
3538,342372,0.480192,-0.233264,-0.8127641,10.0275,27.965,-17.4825
3539,342468,0.517768,-0.08296,-0.8574161,8.5225,35.56,-18.515
3540,342565,0.54412,-0.112728,-0.8476561,13.7725,44.94,-16.7125
3541,342662,0.557784,-0.086864,-0.857172,16.87,53.7775,-13.9125
3542,342758,0.5673,-0.073932,-0.8679081,19.005,64.5225,-9.5725
3543,342855,0.555588,-0.091256,-0.881328,22.47,77.595,-3.5175
3544,342951,0.543876,-0.071736,-0.919392,24.2725,93.4325,2.555
3545,343048,0.54168,-0.08003201,-0.959896,28.8225,111.9825,9.1875
3546,343144,0.507276,-0.12444,-0.99308,37.5725,134.2425,15.225
3547,343241,0.503372,-0.135908,-1.04066,48.1075,159.8625,19.74
3548,343338,0.467748,-0.09735601,-1.120692,61.0225,188.685,22.8375
3549,343434,0.414068,-0.125904,-1.281488,73.255,231.3325,24.115
3550,343531,0.268644,-0.168116,-1.300276,86.835,287.5425,23.7825
3551,343627,0.324764,-0.191784,-1.24318,99.12001,350.6475,13.6675
3552,343724,1.062864,-0.427488,-1.529636,117.5125,409.5175,-3.185
3553,343821,1.913936,-0.521672,-1.704584,132.1775,446.1625,-13.125
3554,343917,1.4762,-0.742492,-1.760216,139.58,437.71,-32.2525
3555,344014,1.570872,-0.830088,-1.93492,144.55,417.62,-53.3225
3556,344110,1.480348,-0.688324,-1.7812,140.84,369.32,-69.58
3557,344207,1.282952,-0.532408,-1.74582,143.43,306.18,-85.54
3558,344304,0.373076,-0.07808001,-1.390068,143.9025,222.2675,-93.835
3559,344400,-0.83692,0.704916,-2.834304,144.3575,148.96,-108.5875
3560,344497,2.057896,-0.765672,-3.051464,140.5075,64.1025,-151.2
3561,344593,-0.654896,-1.142896,-1.498648,68.3025,-100.0825,-214.9175
3562,344690,-0.277428,-1.155584,-1.268312,-20.4225,-138.495,-218.645
3563,344787,0.010004,-1.146068,-1.058472,-69.86,-132.7375,-184.03
3564,344883,-0.163724,-1.315404,-0.788852,-86.905,-151.725,-126.315
3565,344980,-0.126148,-1.359324,-0.667096,-103.81,-155.575,-64.82
3566,345076,-0.0854,-1.20536,-0.605852,-128.5725,-158.8475,-13.9125
3567,345173,0.044896,-0.998204,-0.598288,-146.9475,-161.3325,26.985
3568,345270,0.091256,-0.865956,-0.5734,-154.63,-169.47,57.0675
3569,345366,0.151036,-0.810324,-0.548512,-157.29,-179.9175,74.83
3570,345463,0.229848,-0.8100801,-0.549732,-160.9475,-190.54,82.635
3571,345559,0.339648,-0.831064,-0.534116,-165.06,-203.0525,84.10501
3572,345656,0.464088,-0.9186601,-0.490684,-166.1275,-215.7225,84.1925
3573,345753,0.533628,-1.031388,-0.461648,-163.9225,-225.9075,86.9925
3574,345849,0.579988,-1.119716,-0.448228,-162.155,-230.4225,95.4975
3575,345946,0.635376,-1.159976,-0.435784,-159.8625,-229.04,110.25
3576,346042,0.700524,-1.213168,-0.489464,-156.205,-222.985,127.6275
3577,346139,0.796904,-1.234884,-0.5458281,-152.5125,-216.3525,144.935
3578,346236,0.962092,-1.297104,-0.586576,-147.07,-212.1525,161.21
3579,346332,1.10044,-1.403244,-0.597312,-144.7075,-213.885,175.49
3580,346429,1.215364,-1.475712,-0.576084,-147.2975,-221.97,185.3075
3581,346525,1.284172,-1.551352,-0.50386,-149.1525,-231.0875,193.795
3582,346622,1.319796,-1.648708,-0.406016,-147.9625,-237.615,205.415
3583,346719,1.34444,-1.739232,-0.363804,-146.79,-236.7925,223.4575
3584,346815,1.46034,-1.827316,-0.358924,-145.6525,-228.97,247.1875
3585,346912,1.59698,-1.845372,-0.350872,-148.575,-216.2475,272.6675
3586,347008,1.706048,-1.864404,-0.272548,-153.44,-202.4925,296.1525
3587,347105,1.926136,-1.893196,-0.23058,-161.0,-186.83,316.5225
3588,347202,2.168184,-1.876604,-0.145424,-171.5875,-172.9525,335.7725
3589,347298,2.120848,-1.076284,-0.014396,-190.75,-163.6775,356.0725
3590,347395,2.401936,-0.762012,0.089792,-181.545,-137.97,373.38
3591,347491,2.5315,-0.587552,0.313296,-172.7775,-117.74,358.085
3592,347588,2.58274,-0.24156,0.852536,-176.435,-93.835,316.1375
3593,347685,2.947764,-0.2135,1.262456,-113.5225,-60.9875,280.77
3594,347781,2.927756,-0.30256,1.753384,-81.0775,-9.1525,233.1525
3595,347878,2.82308,0.14152,2.134756,-61.6875,25.6025,176.7325
3596,347974,2.96704,0.311344,2.581276,-6.335,104.65,139.195
3597,348071,2.120604,0.059048,1.198528,49.0525,203.9275,111.58
3598,348168,1.745088,0.492636,-3.423076,59.01,278.145,87.29
3599,348264,0.776408,1.635044,-2.373388,20.37,213.5,40.775
3600,348361,1.295884,1.017724,-1.082384,72.0125,151.0775,-35.8225
3601,348457,1.175592,-0.403332,-1.112152,110.9325,150.1325,-75.4775
3602,348554,0.52948,-0.574864,-0.699792,98.5075,119.98,-58.8
3603,348651,1.093364,-1.152412,-1.028948,83.615,132.3175,-43.89
3604,348747,1.89832,-1.64456,-1.013576,22.26,99.17251,-47.2675
3605,348844,0.584136,-1.082872,-0.449692,-44.1525,-0.0875,-42.7175
3606,348940,1.008696,0.1159,-1.129476,-50.015,8.2775,-27.3175
3607,349037,0.611952,-0.3416,-0.743712,-40.7225,-17.6925,-28.1225
3608,349134,0.679784,-0.163968,-0.8842561,-25.025,-22.4175,-20.335
3609,349230,0.5368,-0.299632,-0.7761641,-23.835,-22.05,-16.7125
3610,349327,0.636352,-0.410408,-0.7707961,-24.325,-21.9975,-17.78
3611,349423,0.495076,-0.260836,-0.815448,-27.5625,-27.615,-20.965
3612,349520,0.533384,-0.189832,-0.811788,-32.4275,-25.585,-23.9575
3613,349616,0.546072,-0.098576,-0.866932,-29.0675,-24.0275,-23.135
3614,349713,0.540704,-0.113216,-0.8657121,-22.68,-21.595,-19.39
3615,349810,0.506788,-0.132004,-0.854488,-16.4325,-18.13,-15.47
3616,349906,0.5307,-0.12566,-0.790072,-13.9475,-15.155,-14.42
3617,350003,0.502884,-0.09613601,-0.8476561,-12.2675,-12.04,-11.69
3618,350099,0.564616,-0.232532,-0.812032,-7.245,-10.3775,-10.325
3619,350196,0.5307,-0.049288,-0.864492,-3.9725,-8.3475,-6.545
3620,350293,0.499224,-0.08759601,-0.830332,-2.73,-6.3175,-5.9675
3621,350389,0.463112,-0.195444,-0.770308,-0.0875,-5.0575,-6.125
3622,350486,0.4941,-0.088328,-0.848388,1.3125,-3.4125,-3.5175
3623,350582,0.496296,-0.102968,-0.826428,5.11,-0.98,-2.45
3624,350679,0.451888,-0.116876,-0.812032,6.8425,0.49,-1.575
3625,350775,0.456524,-0.154696,-0.8081281,8.68,1.26,-1.89
3626,350872,0.492636,-0.133224,-0.806908,8.225,2.3625,-3.1675
3627,350969,0.471408,-0.104676,-0.817156,8.5225,1.855,-3.3775
3628,351065,0.469456,-0.12444,-0.83082,11.4975,3.43,-2.8
3629,351162,0.477996,-0.105896,-0.841312,14.315,6.1775,-2.5375
3630,351258,0.475556,-0.126148,-0.825208,15.925,8.015,-2.87
3631,351355,0.482876,-0.142252,-0.835212,18.06,10.36,-3.36
3632,351452,0.524356,-0.139568,-0.82594,19.355,12.18,-4.34
3633,351548,0.526308,-0.152256,-0.822036,18.83,13.9475,-5.005
3634,351645,0.500688,-0.19642,-0.82594,17.43,15.12,-5.6875
3635,351741,0.4933681,-0.222284,-0.807396,15.26,17.7975,-5.67
3636,351838,0.505324,-0.186416,-0.821304,10.6575,21.5425,-7.1575
3637,351935,0.538752,-0.175436,-0.8193521,7.6125,24.4825,-8.5225
3638,352031,0.547536,-0.11346,-0.839604,6.685,26.0225,-8.6275
3639,352128,0.536068,-0.162748,-0.8142281,5.74,29.05,-7.56
3640,352224,0.535336,-0.108092,-0.8574161,2.6775,34.6325,-5.67
3641,352321,0.49166,-0.12444,-0.885964,6.7025,41.9825,-1.4875
3642,352417,0.427244,-0.256444,-0.8967,14.1925,52.85,1.47
3643,352514,0.496052,-0.165432,-0.936228,11.5675,68.3725,1.19
3644,352611,0.467504,-0.215208,-0.944768,14.595,85.5925,1.6275
3645,352707,0.484096,-0.104188,-1.04554,13.615,106.47,2.73
3646,352804,0.442616,-0.177144,-1.11386,16.1175,132.615,5.4775
3647,352900,0.330376,-0.353068,-1.175592,18.095,169.68,6.965
3648,352997,0.347212,-0.302316,-1.202188,4.9175,216.755,-0.9625
3649,353094,0.355996,-0.419436,-1.136064,-1.5575,261.345,-16.4675
3650,353190,0.36966,-0.338672,-1.126304,-23.275,304.3775,-38.71
3651,353287,0.774944,-0.5124001,-1.22244,-44.5725,347.9,-62.9825
3652,353383,1.299056,-0.7320001,-1.448384,-79.4325,380.0825,-89.5475
3653,353480,1.474492,-0.578768,-1.43228,-107.695,386.05,-111.86
3654,353577,1.259528,-0.7324881,-1.648708,-133.5075,376.355,-123.6375
3655,353673,1.231468,-0.53924,-1.713612,-144.0775,354.1125,-114.0825
3656,353770,1.361032,-0.7625,-1.509872,-143.2025,309.9075,-98.75251
3657,353866,1.1956,-0.785192,-1.413492,-166.4075,267.1025,-90.475
3658,353963,-0.484096,-0.830576,-1.346392,-215.0575,206.7975,-75.35501
3659,354059,0.7427361,-0.560956,-2.079124,-253.75,153.79,-2.6075
3660,354156,-0.103212,-0.121512,-1.782664,-235.62,109.655,50.155
3661,354253,-0.427732,-0.302804,-1.338828,-192.3425,33.0225,42.28
3662,354349,0.22936,-0.482388,-1.57014,-178.01,25.7425,15.715
3663,354446,0.036112,-0.620248,-1.364448,-182.805,-31.36,-9.065
3664,354542,0.042456,-0.785924,-1.181692,-183.6275,-80.535,-21.2975
3665,354639,0.113216,-0.9999121,-1.015528,-184.135,-113.925,-23.6775
3666,354736,0.168116,-1.197796,-0.8481441,-187.215,-142.6775,-15.6975
3667,354832,0.248148,-1.329556,-0.703208,-194.4075,-164.7625,1.295
3668,354929,0.260348,-1.383968,-0.560224,-203.035,-181.7025,23.905
3669,355025,0.334768,-1.42374,-0.453108,-205.2925,-189.735,52.9725
3670,355122,0.427732,-1.532564,-0.367708,-201.4425,-192.0975,87.88501
3671,355219,0.46726,-1.632848,-0.292556,-201.565,-192.535,123.6375
3672,355315,0.505324,-1.583316,-0.233752,-209.8075,-190.33,154.98
3673,355412,0.540216,-1.428132,-0.263276,-215.5825,-183.8725,177.52
3674,355508,0.623664,-1.257088,-0.366244,-207.2525,-177.5725,189.8575
3675,355605,0.7598161,-1.166076,-0.45872,-183.4175,-174.965,193.3925
3676,355702,0.8906,-1.177056,-0.509472,-151.5325,-178.3075,189.5425
3677,355798,0.9337881,-1.259284,-0.505568,-121.555,-186.3575,181.195
3678,355895,0.959164,-1.331752,-0.443348,-102.83,-192.71,171.3775
3679,355991,1.11996,-1.453752,-0.406504,-91.0175,-191.0475,166.0225
3680,356088,1.321992,-1.639924,-0.364048,-85.33,-189.0,168.665
3681,356184,1.400316,-1.852936,-0.199592,-88.25251,-191.625,182.77
3682,356281,1.452044,-1.944436,-0.084912,-100.0475,-187.3025,209.7375
3683,356378,1.45302,-1.901492,-0.0061,-114.135,-176.435,245.8575
3684,356474,1.430084,-1.771684,0.012444,-124.495,-159.565,283.9725
3685,356571,1.513288,-1.615036,-0.01464,-128.8175,-139.0725,317.205
3686,356667,1.622844,-1.433744,-0.07490801,-130.655,-120.155,338.8525
3687,356764,1.7385,-1.295884,-0.116144,-129.64,-107.555,347.9175
3688,356861,1.884412,-1.186572,-0.138836,-129.92,-100.555,345.485
3689,356957,2.006656,-0.574132,-0.162016,-136.1325,-99.75,337.54
3690,357054,2.276032,-0.112972,-0.30744,-125.6675,-94.30751,334.1975
3691,357150,2.541504,-0.139568,-0.26108,-101.5875,-102.3575,316.645
3692,357247,2.669604,-0.178852,-0.15738,-116.4625,-124.7925,273.5425
3693,357344,2.435608,0.035868,0.11956,-152.3725,-153.65,220.955
3694,357440,2.118164,0.092964,1.057252,-166.285,-172.7775,168.0875
3695,357537,1.925648,1.1529,1.521584,-161.805,-101.045,105.6125
3696,357633,2.75354,-0.180072,1.99348,-6.3,-50.54,88.935
3697,357730,2.739388,-0.279868,2.450492,17.4475,55.23,103.7925
3698,357826,2.801852,0.150548,1.57624,1.645,155.1375,119.6475
3699,357923,1.7385,-0.205448,-2.245776,42.1225,225.89,110.0225
3700,358020,0.556564,0.8842561,-2.552728,-25.55,191.905,75.3025
3701,358116,0.479216,1.246108,-1.259528,-13.5625,122.29,3.85
3702,358213,1.238544,-0.053924,-1.140944,43.225,125.44,-38.9025
3703,358309,0.907192,-0.550708,-0.818132,56.21,98.82251,-33.9675
3704,358406,0.81984,-0.715896,-0.884012,40.2675,90.9825,-15.3825
3705,358503,0.9140241,-0.508008,-1.039684,18.3575,78.4,-19.1275
3706,358599,0.9440361,-0.487512,-0.945012,-2.695,47.985,-29.5225
3707,358696,0.790072,-0.419924,-0.791048,-11.97,25.4975,-21.5425
3708,358792,0.70028,-0.372832,-0.82838,-14.35,15.0675,-15.295
3709,358889,0.59292,-0.252296,-0.810568,-19.845,3.57,-13.4225
3710,358986,0.61366,-0.375272,-0.764452,-17.3075,-1.75,-10.115
3711,359082,0.517524,-0.378932,-0.775188,-23.4325,-10.9025,-13.2825
3712,359179,0.508008,-0.30256,-0.78202,-31.395,-16.8525,-18.7075
3713,359275,0.50264,-0.31964,-0.7659161,-36.225,-21.91,-24.9025
3714,359372,0.504836,-0.270108,-0.8100801,-41.5975,-22.6625,-28.2625
3715,359469,0.554368,-0.1647,-0.826916,-42.945,-22.505,-29.12
3716,359565,0.528992,-0.219844,-0.813008,-39.69,-24.78,-28.4725
3717,359662,0.571204,-0.123952,-0.8784,-36.365,-22.225,-25.0075
3718,359758,0.522892,-0.109556,-0.8427761,-29.5575,-18.375,-20.895
3719,359855,0.531188,-0.173972,-0.8298441,-23.1875,-14.7525,-16.66
3720,359952,0.539484,-0.087108,-0.8513161,-17.395,-12.5475,-11.725
3721,360048,0.532896,-0.141276,-0.885964,-13.0725,-10.0625,-9.59
3722,360145,0.481656,-0.149816,-0.826672,-7.7,-9.975,-7.21
3723,360241,0.492636,-0.172996,-0.7998321,-6.86,-7.5775,-7.14
3724,360338,0.468724,-0.130784,-0.8425321,-2.065,-5.845,-6.3
3725,360435,0.49044,-0.155916,-0.820084,2.835,-2.8525,-6.195
3726,360531,0.488732,-0.145912,-0.830332,6.1775,-0.525,-6.5275
3727,360628,0.479948,-0.1586,-0.825208,9.3625,0.98,-7.1925
3728,360724,0.49044,-0.126392,-0.8337481,11.7775,4.375,-8.33
3729,360821,0.503128,-0.162748,-0.806908,15.4525,6.475,-7.9275
3730,360918,0.47824,-0.15128,-0.81252,16.66,6.72,-7.385
3731,361014,0.499712,-0.166164,-0.813984,17.325,8.0675,-7.35
3732,361111,0.486536,-0.201788,-0.772016,17.5875,8.6625,-7.6125
3733,361207,0.492636,-0.192028,-0.800808,14.6825,8.9775,-9.905
3734,361304,0.540216,-0.244,-0.7761641,13.65,10.0275,-11.4275
3735,361401,0.541436,-0.251076,-0.7522521,12.215,12.215,-11.13
3736,361497,0.547048,-0.155672,-0.797148,11.3225,14.4375,-10.4475
3737,361594,0.49532,-0.203496,-0.826672,10.745,17.22,-9.8875
3738,361690,0.530456,-0.188856,-0.8052,7.9975,22.575,-10.2375
3739,361787,0.533628,-0.233508,-0.7998321,5.635,29.05,-10.36
3740,361884,0.540216,-0.1586,-0.831308,2.4675,32.9175,-11.445
3741,361980,0.5404601,-0.100528,-0.854244,1.4525,38.395,-10.7625
3742,362077,0.523624,-0.208376,-0.8322841,5.1275,44.6775,-7.8925
3743,362173,0.503616,-0.196664,-0.8698601,7.21,54.1975,-5.74
3744,362270,0.5185,-0.239608,-0.8703481,12.915,64.715,-5.3375
3745,362367,0.553392,-0.203496,-0.879376,10.36,76.895,-5.6
3746,362463,0.547048,-0.205936,-0.889868,15.19,89.53,-3.08
3747,362560,0.554124,-0.145668,-0.89792,13.5275,104.7375,0.2625
3748,362656,0.560956,-0.171776,-0.879864,19.3725,120.89,4.9875
3749,362753,0.561688,-0.178608,-0.896944,23.31,138.425,7.4375
3750,362850,0.536068,-0.121756,-0.9506241,25.2,157.22,7.735
3751,362946,0.513376,-0.261568,-0.9725841,30.8175,178.6225,9.9225
3752,363043,0.457988,-0.242048,-1.020896,29.085,207.7775,5.565
3753,363139,0.426512,-0.237168,-0.989908,31.22,245.7525,-6.1075
3754,363236,0.506788,-0.23546,-1.033096,34.7375,290.9725,-22.3125
3755,363333,0.561932,-0.375272,-1.168272,40.1625,337.085,-39.375
3756,363429,1.023824,-0.596092,-1.28344,48.1075,378.5075,-54.6
3757,363526,1.397388,-0.689056,-1.345904,46.9875,407.575,-78.785
3758,363622,1.320284,-0.858392,-1.465708,48.755,423.7975,-108.99
3759,363719,1.790472,-0.9023121,-1.820484,51.2925,431.3575,-122.36
3760,363816,1.988112,-0.8576601,-2.054968,65.0475,409.395,-119.945
3761,363912,1.657004,-0.934764,-1.85074,88.7425,347.13,-122.85
3762,364009,1.74582,-0.9345201,-1.893928,99.47001,279.5625,-135.835
3763,364105,0.047336,-0.8481441,-1.622112,66.3775,193.4975,-149.0125
3764,364202,0.552172,-1.476688,-2.150372,25.7075,99.19001,-119.735
3765,364299,0.74908,-1.20658,-2.26188,-9.38,80.7975,-63.0525
3766,364395,-0.6158561,-0.704428,-1.08336,-49.8925,-50.1375,-70.735
3767,364492,0.16226,-0.532896,-1.271484,-46.4625,-12.9675,-59.9025
3768,364588,0.287432,-0.555588,-1.140944,-26.46,-32.165,-40.6
3769,364685,0.089792,-0.7895841,-0.9340321,-14.0875,-62.1775,-23.0475
3770,364782,0.214964,-0.9469641,-0.89792,-28.0875,-77.14,-7.6475
3771,364878,0.259616,-0.89182,-0.860344,-63.7175,-97.45749,6.055
3772,364975,0.250588,-0.693692,-0.825208,-99.05001,-122.2025,21.385
3773,365071,0.245708,-0.484584,-0.79178,-118.1775,-147.0175,36.9075
3774,365168,0.24888,-0.345504,-0.7283401,-119.0175,-169.4875,49.98
3775,365265,0.24522,-0.302072,-0.661484,-108.675,-189.2975,59.64
3776,365361,0.277184,-0.303048,-0.6131721,-95.935,-204.7675,64.295
3777,365458,0.317688,-0.324276,-0.580232,-84.98,-217.6125,64.75
3778,365554,0.393816,-0.372344,-0.570716,-76.8075,-228.5325,62.3
3779,365651,0.461404,-0.423584,-0.5587601,-71.4525,-239.365,60.2
3780,365748,0.4697,-0.479216,-0.538264,-68.74,-249.9,60.62
3781,365844,0.467992,-0.449448,-0.50752,-68.635,-256.41,62.4225
3782,365941,0.42456,-0.387228,-0.507032,-68.985,-258.1775,62.2825
3783,366037,0.497272,-0.251076,-0.529968,-69.4575,-254.975,54.9325
3784,366134,0.748836,-0.180316,-0.740296,-55.58,-246.5575,41.3175
3785,366231,0.958432,-0.168116,-0.894748,-24.6575,-249.9875,34.055
3786,366327,0.9254921,-0.2989,-0.88816,11.0775,-265.65,36.2775
3787,366424,0.9947881,-0.43676,-0.854732,40.1275,-274.4,42.105
3788,366520,0.9828321,-0.501176,-0.816424,58.5375,-278.0225,49.735
3789,366617,1.068964,-0.563396,-0.79544,71.4,-271.88,60.0775
3790,366714,1.23464,-0.6939361,-0.7895841,84.5425,-259.455,74.305
3791,366810,1.293932,-0.8857201,-0.7332201,89.88,-245.7,92.8725
3792,366907,1.342488,-1.081164,-0.650016,81.18251,-226.7475,113.6625
3793,367003,1.474248,-1.163148,-0.614148,57.0325,-199.57,136.3425
3794,367100,1.840736,-1.19316,-0.671,32.0075,-168.98,161.9275
3795,367196,2.22162,-0.87352,-0.71614,11.795,-147.2625,192.395
3796,367293,2.530524,-0.37454,-0.653188,0.98,-135.7825,223.125
3797,367390,2.816492,-0.043676,-0.453108,-5.635,-134.54,232.925
3798,367486,3.108072,0.228384,-0.15372,-24.9375,-140.805,216.79
3799,367583,3.349876,0.218868,0.05636401,-53.375,-155.785,186.235
3800,367680,3.387208,0.064416,0.362828,-102.13,-181.3875,149.59
3801,367776,3.019012,-0.131516,1.006988,-157.6925,-215.25,106.8725
3802,367873,2.857484,0.654164,1.624552,-211.6275,-200.34,37.66
3803,367969,3.192496,1.252696,2.093764,-171.08,-161.91,-16.03
3804,368066,2.765984,0.312808,3.212504,-37.8,-105.105,-24.115
3805,368163,1.435208,0.226188,2.961184,25.6025,21.7875,4.48
3806,368259,1.37128,-0.6588,-2.95484,22.75,203.945,45.465
3807,368356,0.8522921,0.370392,-2.38632,0.945,208.635,47.7575
3808,368452,1.237812,1.202432,-0.9516,-45.185,157.99,-3.2025
3809,368549,1.12972,0.181536,-1.601372,29.9425,169.68,-13.2475
3810,368645,0.24766,0.174216,-0.911828,32.8825,135.0125,-20.685
3811,368742,0.593164,-0.043432,-0.818132,47.6875,138.9675,-30.03
3812,368839,0.7088201,-0.30744,-0.874984,62.23,141.9425,-27.825
3813,368935,0.859856,-0.5016641,-0.852048,57.0325,130.5325,-35.175
3814,369032,0.932568,-0.70028,-0.820084,43.505,120.5225,-39.8825
3815,369128,1.128988,-0.930372,-0.935008,19.53,110.0225,-45.325
3816,369225,1.325652,-0.801052,-1.127768,-15.505,85.3825,-45.045
3817,369322,0.745176,-0.36966,-0.783728,-47.6,45.5525,-42.4725
3818,369418,0.749324,-0.282796,-0.930616,-51.24,31.4125,-37.275
3819,369515,0.722972,-0.169824,-0.906704,-50.05,21.63,-31.3425
3820,369611,0.6075601,-0.227408,-0.873032,-42.2625,9.3275,-27.685
3821,369708,0.6566041,-0.134444,-0.908656,-39.7425,5.6525,-23.8875
3822,369805,0.5655921,-0.177144,-0.8488761,-32.06,-0.91,-21.175
3823,369901,0.5587601,-0.199836,-0.827892,-26.4425,-2.5375,-17.8675
3824,369998,0.541436,-0.20618,-0.8239881,-21.6825,-0.98,-13.5975
3825,370094,0.532652,-0.160064,-0.843752,-16.765,1.575,-9.1875
3826,370191,0.53802,-0.163236,-0.8142281,-12.355,2.0825,-6.65
3827,370288,0.525088,-0.181048,-0.802272,-9.24,2.03,-4.515
3828,370384,0.515572,-0.167628,-0.8169121,-7.84,1.4175,-4.3225
3829,370481,0.519964,-0.193492,-0.801784,-7.14,1.4525,-4.4975
3830,370577,0.536068,-0.203984,-0.790072,-6.2125,0.56,-4.48
3831,370674,0.518012,-0.20984,-0.7951961,-6.0725,-1.0675,-5.0575
3832,370771,0.540216,-0.223016,-0.783484,-5.635,-2.1,-4.83
3833,370867,0.515816,-0.226432,-0.772992,-4.6025,-4.4275,-5.635
3834,370964,0.504836,-0.24034,-0.788852,-4.5675,-7.49,-7.42
3835,371060,0.500932,-0.217648,-0.7903161,-4.3225,-9.555,-9.31
3836,371157,0.487512,-0.228628,-0.785924,-3.85,-9.38,-11.515
3837,371254,0.519476,-0.197152,-0.781532,-3.115,-7.805,-13.2825
3838,371350,0.525576,-0.158844,-0.7951961,-1.82,-6.3175,-14.105
3839,371447,0.517524,-0.148596,-0.812032,1.3825,-5.0575,-12.425
3840,371543,0.496296,-0.134932,-0.8169121,3.29,-3.2725,-10.955
3841,371640,0.511668,-0.150304,-0.820572,5.075,-1.015,-10.29
3842,371737,0.532896,-0.184708,-0.7986121,6.4225,1.54,-9.695
3843,371833,0.521916,-0.192516,-0.790072,6.9475,3.0975,-9.66
3844,371930,0.499468,-0.20374,-0.8127641,7.1225,5.6,-9.835
3845,372026,0.49166,-0.240828,-0.809348,7.49,10.3775,-10.535
3846,372123,0.492636,-0.217404,-0.815692,6.615,16.4675,-11.7775
3847,372220,0.508496,-0.20008,-0.815936,5.7925,24.5525,-13.1425
3848,372316,0.522648,-0.221308,-0.824232,5.6525,35.2275,-13.9475
3849,372413,0.53802,-0.14274,-0.825452,4.76,43.5225,-15.3825
3850,372509,0.431636,-0.143228,-0.889624,10.325,53.445,-15.8025
3851,372606,0.5206961,-0.137128,-0.8903561,18.1125,65.8875,-15.505
3852,372703,0.543876,-0.198616,-0.881328,14.595,82.3725,-13.2125
3853,372799,0.541436,-0.08954801,-0.922564,18.4275,95.6725,-11.13
3854,372896,0.544364,-0.105408,-0.926712,18.34,112.7,-4.8825
3855,372992,0.5397281,-0.094672,-0.9501361,22.2075,132.16,2.5025
3856,373089,0.524112,-0.133712,-0.9701441,27.3875,154.0175,7.21
3857,373186,0.532896,-0.121512,-0.98576,34.65,177.52,9.6775
3858,373282,0.510448,-0.178608,-1.03212,45.01,202.5625,11.3925
3859,373379,0.461892,-0.16836,-1.082384,54.88,235.8825,9.7475
3860,373475,0.429684,-0.202764,-1.080432,68.9675,281.6625,4.3225
3861,373572,0.558028,-0.260348,-1.219268,83.65001,339.29,-6.335
3862,373669,0.590236,-0.351116,-1.464976,105.21,398.3175,-18.585
3863,373765,1.208532,-0.487024,-1.600884,130.795,447.16,-30.3975
3864,373862,1.380308,-0.600972,-1.686284,148.785,478.625,-50.4875
3865,373958,1.561844,-0.703208,-2.0374,168.105,503.7025,-67.935
3866,374055,2.186972,-0.788608,-2.223084,201.0225,496.9125,-71.75
3867,374152,2.13988,-0.7849481,-2.099864,217.14,444.6225,-86.27501
3868,374248,1.983964,-1.076284,-2.417552,218.2425,360.1325,-115.9025
3869,374345,0.549244,-0.461892,-1.867088,201.53,225.47,-137.4625
3870,374441,-0.626104,-0.17324,-2.32166,179.27,114.625,-138.74
3871,374538,2.228452,-1.604544,-3.054636,176.855,90.615,-130.935
3872,374635,-1.103612,-1.335412,-1.291248,93.87,-114.3275,-148.89
3873,374731,-0.55632,-1.065304,-1.183644,29.2075,-101.36,-141.12
3874,374828,0.362096,-0.864492,-1.387384,-0.4375,-68.2325,-105.63
3875,374924,-0.020252,-0.859856,-1.108248,0.77,-113.995,-49.0525
3876,375021,-0.112972,-0.8913321,-0.9484281,2.8,-142.835,-0.455
3877,375118,0.13298,-0.780556,-0.9669721,-14.5075,-158.5325,30.1875
3878,375214,0.3172,-0.587796,-0.967216,-36.1375,-184.2575,52.4825
3879,375311,0.349652,-0.405528,-0.894748,-52.2025,-219.66,70.0
3880,375407,0.327448,-0.205692,-0.7707961,-61.915,-251.3175,76.265
3881,375504,0.278648,-0.010248,-0.684664,-64.575,-275.5375,70.0175
3882,375601,0.338184,0.056608,-0.6224441,-58.52,-291.235,53.9
3883,375697,0.415288,0.019276,-0.62464,-52.3775,-302.1025,30.3625
3884,375794,0.510936,-0.007808001,-0.6505041,-49.0175,-311.2025,6.1775
3885,375890,0.501176,-0.021228,-0.6222,-41.37,-318.5,-8.12
3886,375987,0.377224,-0.107604,-0.557784,-23.765,-316.19,-10.0275
3887,376083,0.608048,-0.220332,-0.668316,-3.7625,-297.0625,-5.3025
3888,376180,1.102392,-0.372588,-0.886452,21.6125,-279.9825,7.35
3889,376277,1.290516,-0.52948,-0.903044,41.0025,-290.0975,28.3675
3890,376373,1.186572,-0.5892601,-0.806908,45.115,-308.035,47.4075
3891,376470,1.196332,-0.580232,-0.778116,40.4075,-311.64,59.325
3892,376566,1.34566,-0.589992,-0.846924,41.9825,-304.4825,68.79251
3893,376663,1.491572,-0.8332601,-0.879864,54.7575,-300.3,82.6525
3894,376760,1.5555,-1.06994,-0.821304,61.2325,-296.2575,106.4175
3895,376856,1.70434,-1.205604,-0.7068681,52.43,-284.165,141.2775
3896,376953,1.90564,-1.307108,-0.644892,35.7175,-265.335,182.42
3897,377049,2.05204,-1.300764,-0.582916,5.4425,-246.9775,216.8425
3898,377146,2.165012,-0.686616,-0.577548,-33.25,-227.3425,238.735
3899,377243,2.324832,0.157868,-0.5885281,-47.6525,-202.405,250.25
3900,377339,2.527108,0.446276,-0.399184,-16.8875,-181.7375,243.3025
3901,377436,2.680828,0.330376,-0.114436,2.0825,-166.425,207.9
3902,377532,2.806976,0.23424,0.19642,-16.87,-156.415,157.7975
3903,377629,2.683024,0.394304,0.43554,-43.1725,-147.805,112.7525
3904,377725,3.063908,0.376248,0.667584,-39.8475,-133.4725,76.7725
3905,377822,2.83162,0.102724,1.357372,-19.845,-134.3825,30.9575
3906,377919,2.745244,-0.09272,1.69214,-32.7775,-115.1675,-23.3275
3907,378015,3.024136,-0.161772,1.88368,-56.9625,-57.89,-58.94
3908,378112,2.790384,0.110288,2.384612,-81.69001,-3.5875,-61.215
3909,378208,1.261236,0.421632,1.90564,-92.225,85.4,-22.6625
3910,378305,1.164856,0.0488,-2.27774,-40.7575,218.4525,57.96
3911,378402,1.155584,0.444568,-2.55956,-45.465,252.175,63.5425
3912,378498,1.194136,1.581608,-1.000156,-90.63251,182.595,6.0725
3913,378595,1.297836,0.8425321,-1.425936,-23.0825,190.6975,-24.43
3914,378691,0.8596121,0.330132,-1.396168,11.0775,171.255,-40.8275
3915,378788,0.581452,-0.24888,-0.6566041,18.8125,148.33,-53.48
3916,378885,0.760304,-0.52216,-0.732244,24.01,158.9175,-46.1475
3917,378981,0.967216,-0.486292,-0.9079241,12.25,154.84,-45.0625
3918,379078,1.29808,-0.571448,-1.157536,-4.2175,140.385,-56.595
3919,379174,1.831952,-1.225612,-1.29076,-33.915,95.725,-73.97251
3920,379271,1.267092,-0.262056,-1.142896,-82.7575,35.8575,-65.345
3921,379368,0.777628,0.056608,-0.988932,-75.145,-4.165,-53.515
3922,379464,0.714676,-0.179096,-0.875472,-53.27,-13.5625,-38.5
3923,379561,0.594384,-0.026596,-0.90158,-44.485,-13.475,-23.975
3924,379657,0.589992,-0.164212,-0.836676,-29.8025,-11.025,-16.7125
3925,379754,0.540216,-0.108336,-0.8447281,-24.36,-7.5775,-12.3375
3926,379851,0.5206961,-0.138836,-0.835456,-17.745,-6.4925,-9.17
3927,379947,0.524356,-0.165432,-0.8169121,-12.5825,-3.7975,-6.9475
3928,380044,0.532896,-0.117852,-0.83082,-8.54,-2.0475,-5.0925
3929,380140,0.545584,-0.083448,-0.837408,-4.0775,-0.245,-2.345
3930,380237,0.525088,-0.105408,-0.833504,0.2275,0.35,0.14
3931,380334,0.5206961,-0.180316,-0.8142281,3.5875,1.61,1.785
3932,380430,0.541924,-0.171776,-0.8086161,4.97,2.66,2.5025
3933,380527,0.561688,-0.091744,-0.81618,6.195,2.73,2.555
3934,380623,0.525332,-0.183244,-0.78202,10.0625,0.5425,3.78
3935,380720,0.538508,-0.168848,-0.7937321,10.6575,0.42,4.865
3936,380817,0.527528,-0.159088,-0.810324,13.125,-1.0675,4.725
3937,380913,0.504592,-0.224236,-0.787632,14.8925,-2.135,3.2375
3938,381010,0.50996,-0.251076,-0.774456,14.245,-2.8175,0.56
3939,381106,0.513864,-0.221796,-0.779824,12.705,-4.515,-3.465
3940,381203,0.522892,-0.207644,-0.7808001,9.3625,-6.8075,-7.6475
3941,381300,0.487512,-0.153476,-0.8047121,6.9475,-8.0675,-9.2925
3942,381396,0.51362,-0.121756,-0.824964,7.525,-5.915,-7.9625
3943,381493,0.533384,-0.121756,-0.8188641,9.52,-1.47,-6.1425
3944,381589,0.528504,-0.155672,-0.811056,12.7925,2.9575,-4.41
3945,381686,0.528504,-0.17568,-0.8047121,14.1925,7.175,-3.8325
3946,381783,0.508496,-0.205692,-0.801784,15.295,11.375,-4.095
3947,381879,0.492392,-0.22936,-0.801296,14.49,15.995,-5.5125
3948,381976,0.498248,-0.246196,-0.794952,12.775,21.8925,-7.665
3949,382072,0.512156,-0.2257,-0.818376,11.1125,30.38,-9.1175
3950,382169,0.499468,-0.213988,-0.8332601,11.0425,38.29,-11.305
3951,382265,0.489952,-0.190808,-0.843264,13.475,47.46,-14.6475
3952,382362,0.464332,-0.199104,-0.857172,16.765,58.485,-18.13
3953,382459,0.5885281,-0.127368,-0.87352,14.8925,74.1475,-16.59
3954,382555,0.5655921,-0.119316,-0.885964,22.3125,86.11751,-13.545
3955,382652,0.595116,-0.064172,-0.897188,17.675,100.4675,-7.7525
3956,382748,0.58072,-0.087108,-0.8862081,21.7175,115.0975,0.0175
3957,382845,0.5777921,-0.07686,-0.898408,24.605,131.4425,7.7875
3958,382942,0.561688,-0.142252,-0.9330561,31.815,151.235,13.6325
3959,383038,0.530456,-0.15738,-0.9540401,38.465,173.2325,16.6775
3960,383135,0.585112,-0.175192,-0.979416,49.3675,196.4375,17.9025
3961,383231,0.452864,-0.225944,-1.014552,63.1925,225.4175,15.365
3962,383328,0.472872,-0.126636,-1.068232,73.92,263.9,8.7675
3963,383424,0.530456,-0.175192,-1.1163,91.07,313.4425,4.62
3964,383521,0.570472,-0.257176,-1.33834,112.98,370.3,-1.12
3965,383618,1.057984,-0.409188,-1.49816,135.625,423.3775,-7.0
3966,383714,1.359812,-0.526064,-1.70434,158.1475,457.9575,-18.795
3967,383811,1.48474,-0.6405,-1.842688,175.2975,481.7575,-34.44
3968,383907,2.19966,-0.85644,-2.254072,196.245,485.8,-43.995
3969,384004,2.181116,-0.819108,-2.134756,209.965,442.6275,-57.155
3970,384101,2.044232,-0.934276,-2.515152,206.3425,362.7225,-85.575
3971,384197,0.9882001,-0.564128,-2.172332,200.4975,235.0425,-113.2425
3972,384294,-1.483764,0.196908,-2.7511,178.325,109.4975,-133.1925
3973,384390,2.246264,-0.9901521,-3.39404,176.365,50.1725,-145.355
3974,384487,-0.9916161,-0.9730721,-1.658224,120.295,-124.6875,-205.7125
3975,384583,-0.443836,-1.127768,-1.453996,74.7075,-140.4725,-219.6075
3976,384680,0.532652,-1.220976,-1.60308,43.645,-117.565,-186.4625
3977,384777,-0.035624,-1.242204,-1.155096,26.495,-169.5925,-124.915
3978,384873,-0.09882,-1.164856,-0.9440361,9.135,-189.8575,-68.95
3979,384970,0.163236,-0.953796,-0.9315921,-13.0725,-195.16,-27.1075
3980,385066,0.211304,-0.689544,-0.863028,-29.0325,-213.0625,7.9625
3981,385163,0.235216,-0.500688,-0.777628,-34.405,-232.82,36.2075
3982,385259,0.25132,-0.363804,-0.697352,-36.3475,-248.675,52.535
3983,385356,0.305732,-0.247416,-0.6566041,-40.0575,-261.695,58.17
3984,385453,0.385032,-0.21838,-0.614392,-46.9525,-273.84,53.69
3985,385549,0.45994,-0.204716,-0.600728,-56.4025,-284.1475,42.2275
3986,385646,0.556564,-0.199836,-0.5856,-60.2875,-290.78,32.515
3987,385742,0.563396,-0.254492,-0.584136,-53.4275,-290.9725,32.76
3988,385839,0.522892,-0.311588,-0.581208,-43.925,-282.835,40.845
3989,385936,0.8239881,-0.403576,-0.7259001,-35.4725,-264.11,50.9775
3990,386032,1.169736,-0.491416,-0.863516,-23.1175,-254.5375,66.9025
3991,386129,1.14436,-0.614392,-0.7664041,-14.945,-267.12,84.7875
3992,386225,1.0675,-0.562908,-0.693204,-15.6975,-273.6475,95.3925
3993,386322,1.155096,-0.557296,-0.759328,-10.955,-269.36,97.14251
3994,386418,1.254892,-0.5694961,-0.8256961,3.6925,-266.8575,96.8975
3995,386515,1.410808,-0.742492,-0.872788,25.445,-266.945,102.655
3996,386612,1.491572,-0.9289081,-0.8976761,38.3425,-268.1525,116.4625
3997,386708,1.601128,-1.1285,-0.893772,38.36,-266.035,135.485
3998,386805,1.75802,-1.220488,-0.864004,23.0125,-259.42,156.4325
3999,386901,1.952732,-1.147044,-0.775188,0.42,-250.565,177.5725
4000,386998,2.098644,-0.610976,-0.736392,-21.105,-238.77,196.2975
4001,387094,2.356552,-0.184708,-0.658068,-21.0875,-224.49,204.6975
4002,387191,2.60592,0.133224,-0.431148,-4.935,-213.0975,196.84
4003,387288,2.86578,0.220332,-0.207156,9.7125,-205.1175,173.215
4004,387384,3.04878,0.29646,0.011468,5.845,-202.5625,140.6475
4005,387481,3.25496,0.188368,0.263764,-7.0175,-207.2,107.555
4006,387577,3.059028,0.335744,0.827892,-25.3575,-220.4125,73.2375
4007,387674,2.534672,0.163968,1.4945,-25.62,-221.0075,38.5525
4008,387771,2.377048,-0.222284,2.21186,-10.2375,-169.47,2.2925
4009,387867,3.56118,-0.343552,1.887828,-36.8375,-69.02,-6.755
4010,387964,3.40868,0.103212,2.493924,-68.4425,-10.01,18.83
4011,388060,0.5694961,0.793244,2.497584,-75.1275,58.205,53.4975
4012,388157,0.937936,0.376248,-2.613972,-12.5825,238.7,103.9675
4013,388253,0.393084,1.299544,-2.632272,-27.5625,266.0875,60.025
4014,388350,1.813164,1.715076,-1.253672,-50.75,227.395,-21.7875
4015,388447,1.808528,0.268888,-1.709464,36.1375,227.78,-53.34
4016,388543,0.711992,-0.366244,-1.100684,46.4275,179.725,-58.87
4017,388640,0.9376921,-0.669048,-0.787388,43.4525,170.24,-51.66
4018,388736,0.95648,-0.499712,-0.908168,32.655,162.96,-38.99
4019,388833,0.888648,-0.13054,-0.984296,17.395,141.75,-49.6475
4020,388930,1.096536,-0.474824,-0.9171961,17.3425,126.98,-59.01
4021,389026,1.171932,-1.082628,-1.016992,6.8775,104.2825,-67.2875
4022,389123,1.477664,-0.809348,-1.04066,-35.0525,77.07,-58.1175
4023,389219,0.7639641,-0.041968,-1.004548,-69.755,40.0225,-51.5025
4024,389316,0.900848,-0.21838,-0.911828,-51.1875,28.7525,-40.95
4025,389412,0.705892,-0.109068,-0.9357401,-40.6875,13.2825,-26.9675
4026,389509,0.642696,-0.127856,-0.9320801,-30.2925,6.58,-18.13
4027,389606,0.57462,-0.080764,-0.9057281,-18.095,4.27,-10.99
4028,389702,0.552172,-0.121024,-0.8759601,-6.0025,4.06,-5.04
4029,389799,0.554124,-0.192516,-0.8471681,2.73,5.8975,-0.8925
4030,389895,0.525088,-0.189344,-0.81618,7.7875,5.18,0.945
4031,389992,0.540216,-0.182756,-0.813984,11.8125,4.9175,2.765
4032,390089,0.5016641,-0.209108,-0.7895841,15.4525,4.655,4.1125
4033,390185,0.500444,-0.307928,-0.8388721,17.64,6.65,4.2175
4034,390282,0.512888,-0.310368,-0.7605481,18.5325,9.905,3.1675
4035,390378,0.51484,-0.266448,-0.774212,17.1675,9.94,0.42
4036,390475,0.519476,-0.261568,-0.753228,15.96,9.6075,-0.8925
4037,390572,0.539484,-0.302072,-0.752984,16.205,9.9575,-2.0475
4038,390668,0.496784,-0.314028,-0.745176,14.5075,8.715,-4.795
4039,390765,0.499956,-0.294996,-0.706624,9.2925,7.7525,-9.2225
4040,390861,0.518744,-0.280356,-0.705648,3.1325,7.4725,-12.46
4041,390958,0.523136,-0.247172,-0.718824,-1.575,6.9825,-14.49
4042,391055,0.5058121,-0.21472,-0.7895841,-5.81,7.6475,-16.0125
4043,391151,0.53802,-0.17934,-0.7956841,-6.79,9.7825,-16.7825
4044,391248,0.567056,-0.134688,-0.788364,-6.4575,12.6175,-15.295
4045,391344,0.551684,-0.190808,-0.782264,-3.78,14.56,-12.3025
4046,391441,0.52094,-0.25498,-0.772748,-1.365,15.7325,-12.04
4047,391537,0.5702281,-0.224724,-0.752496,-2.5025,17.22,-14.28
4048,391634,0.552172,-0.221308,-0.7861681,-2.5725,18.4275,-15.47
4049,391731,0.526552,-0.264984,-0.778116,0.0875,19.705,-16.2925
4050,391827,0.497272,-0.26352,-0.788364,0.07,24.675,-18.5325
4051,391924,0.509228,-0.1952,-0.8049561,0.3325,32.585,-21.4375
4052,392020,0.547292,-0.24644,-0.8193521,7.7525,42.63,-24.0975
4053,392117,0.580964,-0.268644,-0.8195961,11.7425,51.24,-24.5175
4054,392214,0.64294,-0.0793,-0.8596121,6.685,60.2525,-21.875
4055,392310,0.6265921,-0.149084,-0.851804,15.4525,70.8225,-15.05
4056,392407,0.609756,-0.103212,-0.8857201,16.87,84.4725,-6.475
4057,392503,0.593164,-0.10126,-0.907192,20.125,101.0275,2.66
4058,392600,0.577304,-0.09418401,-0.921832,26.285,119.8225,12.39
4059,392696,0.579988,-0.107604,-0.949648,37.065,140.07,21.7
4060,392793,0.568764,-0.128588,-0.9882001,47.7925,161.9975,28.77
4061,392890,0.490928,-0.14884,-1.03456,59.2025,189.9975,33.705
4062,392986,0.464088,-0.176168,-1.087264,75.775,224.105,37.0825
4063,393083,0.393816,-0.188124,-1.12606,92.2425,267.47,36.0325
4064,393179,0.416264,-0.218136,-1.153876,111.265,321.8775,30.7475
4065,393276,0.6034121,-0.24888,-1.279536,133.5425,382.375,21.7875
4066,393372,1.149728,-0.4697,-1.6409,171.9025,435.5925,11.445
4067,393469,1.731912,-0.635132,-1.774124,206.395,468.72,6.8075
4068,393566,1.667496,-0.8113001,-1.929796,234.22,475.79,-5.635
4069,393662,2.102548,-0.79544,-2.128412,258.8425,464.17,-25.3225
4070,393759,2.18136,-0.935252,-2.196976,268.1175,415.0475,-52.1325
4071,393855,1.916864,-0.758108,-2.47416,266.385,325.185,-84.2975
4072,393952,0.796172,-0.213988,-2.149396,246.575,201.4425,-117.005
4073,394049,-0.633668,-0.05856,-2.819908,230.4925,67.7075,-140.2975
4074,394145,2.133536,-1.380552,-3.1903,196.105,6.8775,-187.775
4075,394242,-0.959164,-0.985516,-1.391532,93.415,-186.095,-258.93
4076,394338,-0.325496,-1.180472,-1.296616,52.675,-172.935,-250.565
4077,394435,0.293288,-1.393484,-1.272704,31.78,-149.205,-195.8425
4078,394532,0.017324,-1.466684,-1.02602,0.7875,-175.525,-125.9825
4079,394628,0.021716,-1.294664,-0.9567241,-36.3125,-190.2775,-62.3875
4080,394725,0.16226,-0.951844,-0.941596,-73.01,-202.8775,-15.645
4081,394821,0.177388,-0.589992,-0.898652,-92.27751,-222.7575,17.71
4082,394918,0.171288,-0.311588,-0.8081281,-91.945,-243.7225,39.025
4083,395014,0.162748,-0.16348,-0.69174,-82.6175,-261.0125,44.87
4084,395111,0.161772,-0.079544,-0.64782,-77.63,-274.435,34.3
4085,395207,0.292556,-0.032696,-0.666608,-77.735,-285.39,11.9525
4086,395304,0.437492,-0.08296,-0.71858,-74.4625,-296.065,-11.06
4087,395401,0.482144,-0.186904,-0.680516,-64.1025,-308.3325,-21.1575
4088,395497,0.339892,-0.3233,-0.526552,-49.0525,-315.7,-15.5225
4089,395594,0.341112,-0.48556,-0.437492,-39.0775,-304.675,-0.8575
4090,395690,0.633912,-0.538508,-0.661484,-31.9025,-277.5325,17.57
4091,395787,1.029436,-0.521184,-0.8410681,-19.7225,-262.955,41.51
4092,395884,1.09434,-0.591456,-0.866932,-1.33,-272.615,67.375
4093,395980,0.972828,-0.52704,-0.806176,10.2375,-284.34,86.11751
4094,396077,1.0309,-0.468724,-0.845704,21.4725,-285.18,94.6225
4095,396173,1.27002,-0.478972,-1.019676,41.1775,-279.0725,100.4325
4096,396270,1.468636,-0.6939361,-1.141188,64.1725,-282.135,108.0625
4097,396366,1.578192,-0.913048,-1.12118,71.8375,-289.45,120.82
4098,396463,1.812432,-1.04432,-1.026752,59.6225,-290.6225,138.425
4099,396560,2.00934,-1.123132,-0.8493641,33.7225,-287.4375,159.005
4100,396656,2.111088,-0.8047121,-0.71004,0.315,-277.97,178.3775
4101,396753,2.29116,-0.278648,-0.63562,-22.225,-256.4625,191.1175
4102,396849,2.615924,0.167628,-0.491172,-18.095,-231.5075,190.19
4103,396946,3.021696,0.250588,-0.341356,-1.0325,-211.7675,175.14
4104,397043,3.241784,-0.054412,-0.158844,3.745,-205.7125,149.135
4105,397139,3.182248,-0.071492,0.648308,-40.25,-205.9925,110.0225
4106,397236,3.560448,0.222772,0.9191481,-107.485,-182.9975,58.555
4107,397332,3.160288,0.410652,1.740696,-110.95,-167.44,30.8525
4108,397429,2.912628,0.045384,2.39608,-48.5625,-125.755,29.2425
4109,397525,3.556056,-0.237412,2.697176,-2.52,-29.295,52.115
4110,397622,3.370616,0.2501,3.044388,-13.1775,75.18,85.155
4111,397719,1.436428,0.724436,-0.8298441,6.02,200.795,119.21
4112,397815,1.211704,0.9237841,-3.940356,31.85,262.535,89.5125
4113,397912,1.20292,1.864648,-1.4884,-42.07,179.6375,-4.585
4114,398008,1.447164,0.043432,-1.377868,41.2125,174.9825,-49.8225
4115,398105,0.5612,-0.629764,-0.954284,66.57,151.8125,-40.5125
4116,398202,0.493124,-0.484096,-0.669048,41.825,140.2975,-28.21
4117,398298,0.8044681,-0.278404,-0.902556,41.5625,152.5125,-20.475
4118,398395,0.662704,-0.156404,-0.875716,32.7075,136.605,-33.18
4119,398491,0.801296,-0.40138,-0.77714,31.815,128.31,-48.4925
4120,398588,1.173396,-0.827404,-1.012112,19.39,123.1475,-60.3925
4121,398685,1.314184,-1.085068,-1.02358,-12.9325,94.30751,-61.0225
4122,398781,0.8903561,-0.4023561,-0.847412,-56.665,58.52,-49.28
4123,398878,0.834968,-0.255224,-0.988444,-69.93,34.475,-47.005
4124,398974,0.6753921,-0.310368,-0.848632,-66.2375,19.7225,-44.4675
4125,399071,0.6409881,-0.177388,-0.9171961,-63.4025,4.8475,-40.425
4126,399168,0.671244,-0.128832,-0.944768,-59.4125,1.0675,-36.1025
4127,399264,0.595116,-0.166408,-0.87962,-46.97,-5.1625,-30.5725
4128,399361,0.560468,-0.128588,-0.877912,-38.71,-5.215,-23.8525
4129,399457,0.546072,-0.172508,-0.857172,-30.555,-5.2675,-18.6375
4130,399554,0.531676,-0.131028,-0.834236,-25.3925,-4.7075,-14.1225
4131,399650,0.526308,-0.19886,-0.826428,-19.705,-3.5,-11.2875
4132,399747,0.52704,-0.138592,-0.833992,-16.0825,-2.9575,-7.7
4133,399844,0.518744,-0.160552,-0.81984,-10.29,-3.92,-6.02
4134,399940,0.49654,-0.148596,-0.814472,-7.4025,-3.99,-4.5675
4135,400037,0.48678,-0.20862,-0.806908,-4.9175,-4.13,-4.6725
4136,400133,0.500444,-0.204472,-0.7986121,-3.29,-4.1475,-5.5825
4137,400230,0.4758,-0.1464,-0.8271601,-0.7,-4.3925,-6.7375
4138,400326,0.489952,-0.164944,-0.812276,3.7275,-3.115,-6.7725
4139,400423,0.493124,-0.190076,-0.8044681,6.1425,-1.2075,-7.8925
4140,400520,0.4984921,-0.179584,-0.81252,6.3175,0.5775,-9.485
4141,400616,0.527528,-0.159088,-0.80886,6.1075,2.45,-10.5525
4142,400713,0.526308,-0.126636,-0.821304,6.02,3.4125,-10.2725
4143,400809,0.525088,-0.138104,-0.814472,8.19,5.7925,-9.0125
4144,400906,0.51118,-0.165188,-0.8127641,10.3425,8.8025,-7.42
4145,401003,0.491416,-0.151768,-0.827404,11.2875,11.0075,-6.965
4146,401099,0.5016641,-0.209108,-0.818376,13.23,15.54,-6.7025
4147,401196,0.49776,-0.217404,-0.809836,13.09,20.37,-8.12
4148,401292,0.50752,-0.232532,-0.80276,11.865,26.915,-9.73
4149,401389,0.499468,-0.232288,-0.8244761,11.3575,34.2125,-10.815
4150,401486,0.452864,-0.260104,-0.844484,13.1075,40.88,-13.7375
4151,401582,0.43676,-0.172508,-0.881328,13.7025,49.9625,-17.7625
4152,401679,0.528016,-0.16836,-0.882304,16.1,63.77,-19.915
4153,401775,0.5553441,-0.134444,-0.889868,19.7225,78.19,-18.235
4154,401872,0.580232,-0.028792,-0.918416,19.3025,93.065,-14.0
4155,401969,0.569252,-0.048068,-0.913292,23.065,110.53,-4.865
4156,402065,0.554856,-0.028792,-0.92598,24.4825,128.9575,5.425
4157,402162,0.547292,-0.091256,-0.942572,29.4525,150.465,14.63
4158,402258,0.530456,-0.124196,-0.9581881,36.54,173.7225,19.5825
4159,402355,0.523624,-0.166164,-0.987224,45.7975,197.8375,21.5425
4160,402451,0.487024,-0.194956,-1.03944,58.345,221.7775,21.2275
4161,402548,0.429196,-0.175192,-1.05042,69.09,255.6925,16.065
4162,402645,0.40748,-0.304512,-1.146556,81.13,303.5375,7.9975
4163,402741,0.513132,-0.40138,-1.236348,91.8575,356.7725,-7.0
4164,402838,0.9089001,-0.562176,-1.477664,108.885,410.2525,-24.01
4165,402934,1.369084,-0.563884,-1.52012,117.4075,447.8775,-43.0325
4166,403031,1.450824,-0.76616,-1.70678,125.79,466.4625,-72.135
4167,403128,1.817556,-0.749812,-2.026176,144.025,474.9675,-87.85
4168,403224,2.246264,-0.7705521,-2.325076,172.7775,452.62,-88.5675
4169,403321,2.312144,-1.052128,-2.566148,204.8375,380.94,-100.905
4170,403417,1.613572,-1.01504,-2.360456,210.595,253.4525,-129.395
4171,403514,-1.479616,-0.280356,-2.093032,155.9775,118.895,-156.45
4172,403611,2.14476,-1.147776,-3.570696,142.275,58.31,-141.6625
4173,403707,-0.55754,-1.054812,-2.002508,80.0625,-64.645,-162.4175
4174,403804,-0.986248,-0.982588,-1.225612,37.5025,-131.7575,-177.065
4175,403900,0.334524,-0.9613601,-1.643584,16.94,-74.25251,-149.2925
4176,403997,-0.024156,-1.052128,-1.334436,16.8,-115.85,-89.845
4177,404093,-0.18544,-1.067256,-1.097512,7.105,-146.79,-37.38
4178,404190,0.100772,-0.858392,-1.137528,-20.685,-157.7625,-3.465
4179,404287,0.183,-0.53314,-1.12362,-43.2775,-181.7375,22.4525
4180,404383,0.145424,-0.32818,-1.012356,-47.9675,-211.5925,45.7625
4181,404480,0.123708,-0.20984,-0.888648,-46.76,-235.62,58.1525
4182,404576,0.163724,-0.09247601,-0.834724,-51.625,-253.68,55.9125
4183,404673,0.292556,-0.023912,-0.8383841,-60.7425,-270.4275,41.5975
4184,404770,0.39528,0.054168,-0.806176,-68.495,-287.07,21.07
4185,404866,0.471652,0.007564001,-0.737124,-63.1225,-300.58,5.46
4186,404963,0.46848,-0.181048,-0.6497721,-45.2375,-308.4025,3.9725
4187,405059,0.454816,-0.374052,-0.584136,-30.0475,-305.9,16.4325
4188,405156,0.559004,-0.474824,-0.61976,-24.3075,-292.8275,36.5925
4189,405252,0.77836,-0.4941,-0.750544,-20.615,-277.585,58.6425
4190,405349,0.988444,-0.452376,-0.865956,-13.02,-271.9675,78.155
4191,405446,1.030412,-0.343064,-0.8874281,-2.485,-277.48,90.49251
4192,405542,1.055788,-0.294996,-0.945012,16.7825,-282.17,93.2225
4193,405639,1.209264,-0.396012,-1.042368,41.16,-283.1675,90.9125
4194,405735,1.3969,-0.6373281,-1.09556,62.65,-284.235,90.8775
4195,405832,1.59332,-0.8642481,-1.03456,70.5425,-285.005,100.03
4196,405929,1.786324,-1.058228,-0.9010921,64.225,-281.505,119.0525
4197,406025,1.977132,-1.2444,-0.768112,43.9775,-272.5975,142.2925
4198,406122,2.2448,-1.160708,-0.64172,11.655,-257.11,166.0575
4199,406218,2.492216,-0.588772,-0.6222,-16.1875,-236.7925,189.315
4200,406315,3.012668,-0.054656,-0.6326921,-15.6625,-216.615,203.7175
4201,406411,3.463824,0.315004,-0.427488,-2.9925,-213.43,200.1825
4202,406508,3.6539,0.403332,-0.121756,-4.8125,-232.4525,174.6325
4203,406605,3.632916,0.479216,0.220332,-39.7775,-254.835,129.15
4204,406701,2.90238,0.504104,0.95038,-83.755,-279.4925,74.375
4205,406798,2.563708,0.333548,2.037156,-99.34751,-253.8725,18.865
4206,406894,3.12808,0.245952,1.971276,-87.81501,-156.4675,-14.84
4207,406991,3.608028,-0.310612,2.438536,-22.12,-80.465,18.3225
4208,407088,3.04146,0.039528,3.540196,-6.51,-16.6075,69.87751
4209,407184,0.9418401,0.863516,0.546072,-13.7725,149.975,114.1525
4210,407281,1.236836,0.530212,-3.947676,45.2025,282.2925,108.6225
4211,407377,0.869372,1.737036,-1.745576,-35.5075,209.3175,15.89
4212,407474,1.85684,0.394548,-1.429108,15.89,211.225,-43.645
4213,407571,0.965264,-0.44164,-1.302472,61.39,189.07,-36.6275
4214,407667,0.487024,-0.297192,-0.813008,35.0875,159.39,-31.01
4215,407764,0.755424,-0.141032,-0.887916,37.0825,165.5325,-29.1025
4216,407860,0.74664,-0.02562,-0.896212,30.835,151.2,-42.6825
4217,407957,0.700036,-0.411384,-0.782752,27.65,139.1425,-64.3825
4218,408053,1.115568,-0.787388,-0.829356,18.7425,130.305,-74.8475
4219,408150,1.294664,-0.888404,-1.080676,-0.4725,116.585,-65.275
4220,408247,1.274412,-0.822768,-1.1407,-37.1,84.7,-58.24
4221,408343,0.7639641,-0.27938,-0.868884,-67.97,48.86,-53.095
4222,408440,0.936228,-0.20984,-1.043344,-69.1775,26.25,-48.4925
4223,408536,0.748836,-0.249856,-0.9535521,-63.9975,9.0475,-42.7
4224,408633,0.60634,-0.08003201,-0.944768,-54.075,-0.4375,-34.3525
4225,408730,0.604876,-0.124196,-0.898408,-41.0725,-6.0025,-27.3525
4226,408826,0.569252,-0.10248,-0.871568,-31.85,-4.2525,-20.0375
4227,408923,0.537044,-0.071492,-0.8642481,-23.2925,-3.92,-14.525
4228,409019,0.522892,-0.130296,-0.8281361,-16.24,-2.2225,-10.535
4229,409116,0.5307,-0.160308,-0.823256,-11.7075,-0.665,-6.965
4230,409213,0.552172,-0.180316,-0.773236,-8.7675,0.9275,-5.705
4231,409309,0.489708,-0.17812,-0.8086161,-4.865,-0.4025,-3.185
4232,409406,0.560956,-0.105164,-0.949648,-5.1275,1.47,-2.3625
4233,409502,0.461648,-0.155184,-0.8230121,1.715,-1.5575,-0.385
4234,409599,0.479704,-0.195444,-0.7956841,-2.5025,-0.5775,-0.385
4235,409696,0.5077641,-0.20008,-0.7324881,-0.7175,-2.415,-2.3275
4236,409792,0.493612,-0.184464,-0.801784,-8.4175,4.235,-5.005
4237,409889,0.488244,-0.17934,-0.800564,0.14,-3.8675,-7.28
4238,409985,0.465064,-0.207156,-0.810568,0.77,-3.99,-9.485
4239,410082,0.515816,-0.18178,-0.79422,1.505,-3.4475,-10.6925
4240,410179,0.512644,-0.124928,-0.8193521,3.1675,-3.7275,-10.5175
4241,410275,0.519232,-0.102236,-0.827404,5.775,-2.4675,-9.205
4242,410372,0.49654,-0.11834,-0.829356,8.33,-0.14,-7.63
4243,410468,0.5185,-0.123952,-0.838628,11.165,2.9575,-6.475
4244,410565,0.522648,-0.1525,-0.823256,14.175,7.9975,-5.3025
4245,410662,0.490196,-0.165676,-0.82838,16.555,12.0925,-4.9
4246,410758,0.528016,-0.23668,-0.8230121,18.2175,16.87,-5.1625
4247,410855,0.491416,-0.24278,-0.820572,16.1175,22.5575,-7.56
4248,410951,0.506788,-0.227164,-0.82838,14.1225,29.8725,-10.29
4249,411048,0.49532,-0.258152,-0.836188,14.8575,37.8175,-13.965
4250,411145,0.492636,-0.2135,-0.8574161,15.9075,45.675,-18.375
4251,411241,0.4392,-0.170312,-0.88816,17.92,55.8775,-22.33
4252,411338,0.560468,-0.124196,-0.9269561,18.235,71.1025,-22.47
4253,411434,0.535336,-0.141764,-0.91744,22.715,87.60501,-17.99
4254,411531,0.55266,-0.031964,-0.941352,19.4775,105.3325,-11.97
4255,411628,0.539484,-0.06661201,-0.9525761,24.045,126.0,-3.255
4256,411724,0.519476,-0.070516,-0.9701441,26.18,149.87,4.795
4257,411821,0.49288,-0.098332,-0.9921041,33.7575,177.205,9.975
4258,411917,0.535336,-0.141276,-1.014308,42.175,205.625,12.88
4259,412014,0.479216,-0.1769,-1.049932,52.5,232.4525,12.4425
4260,412111,0.474092,-0.192272,-1.052128,59.1325,269.5875,8.225
4261,412207,0.470188,-0.275232,-1.098,69.055,318.15,-0.14
4262,412304,0.5594921,-0.414068,-1.329312,81.95251,370.93,-15.645
4263,412400,1.05774,-0.589748,-1.503284,93.485,419.86,-33.46
4264,412497,1.217316,-0.506056,-1.600396,99.1375,453.0575,-52.85
4265,412594,1.307352,-0.8357,-1.74338,109.0425,473.375,-84.42
4266,412690,1.931992,-0.674416,-2.155252,120.54,487.9875,-96.42501
4267,412787,2.153056,-0.749568,-2.150616,157.955,455.875,-95.165
4268,412883,2.262124,-1.059204,-2.503196,189.6825,382.9875,-108.115
4269,412980,1.531832,-0.9330561,-2.261392,186.4275,257.25,-139.0375
4270,413077,-1.687504,0.177876,-2.189656,136.3075,118.16,-161.91
4271,413173,2.229672,-0.878888,-3.331576,147.5775,65.765,-146.965
4272,413270,-0.714432,-1.067988,-1.679452,111.1425,-72.625,-174.965
4273,413366,-0.809836,-1.117764,-1.098488,67.7775,-110.3725,-177.9575
4274,413463,0.447252,-1.003816,-1.549888,29.54,-62.5975,-147.385
4275,413560,-0.029524,-1.001376,-1.192428,22.2425,-105.42,-82.32
4276,413656,-0.24034,-0.9284201,-0.959896,13.44,-131.775,-26.18
4277,413753,0.080276,-0.700768,-1.02602,-6.1775,-138.355,9.1
4278,413849,0.182268,-0.452864,-1.031388,-21.105,-160.7725,35.0875
4279,413946,0.184464,-0.264496,-0.9572121,-26.705,-192.815,54.635
4280,414043,0.246196,-0.129808,-0.8954801,-27.335,-219.9225,62.4575
4281,414139,0.287188,-0.037576,-0.8052,-25.83,-244.09,60.165
4282,414236,0.315492,-0.04636,-0.690764,-24.92,-266.315,50.7325
4283,414332,0.38186,-0.099552,-0.6182961,-30.6425,-282.345,34.9475
4284,414429,0.468968,-0.13664,-0.585844,-39.3925,-292.705,17.2375
4285,414526,0.470676,-0.172264,-0.564616,-43.54,-299.355,7.91
4286,414622,0.45018,-0.22082,-0.524356,-37.38,-297.3425,14.0875
4287,414719,0.475556,-0.345016,-0.527284,-23.8875,-282.5025,32.0775
4288,414815,0.78202,-0.48068,-0.671976,-8.9775,-258.895,55.2825
4289,414912,1.105564,-0.556808,-0.838628,2.5725,-247.3275,80.2375
4290,415009,1.10288,-0.5612,-0.84912,5.3025,-259.0525,96.3375
4291,415105,1.119472,-0.443104,-0.8549761,3.3775,-269.64,97.825
4292,415202,1.273924,-0.354044,-0.920368,13.2125,-271.7575,92.295
4293,415298,1.418616,-0.462868,-0.950868,39.6375,-274.295,90.1075
4294,415395,1.50792,-0.749568,-0.9479401,66.60501,-276.7975,97.19501
4295,415492,1.556232,-0.9391561,-0.936472,73.3775,-274.5925,113.1375
4296,415588,1.660176,-0.9967401,-0.911584,63.4025,-266.945,134.7675
4297,415685,1.809748,-0.942572,-0.8508281,46.2875,-255.5525,157.1675
4298,415781,1.969324,-0.9145121,-0.782264,28.84,-243.18,176.12
4299,415878,2.196488,-0.598044,-0.711748,11.0075,-231.1225,188.475
4300,415975,2.377292,0.050752,-0.687104,2.8525,-217.1225,196.8575
4301,416071,2.675704,0.296704,-0.49776,16.1,-206.815,191.38
4302,416168,3.081476,-0.227164,0.0305,14.0525,-202.72,161.5425
4303,416264,3.037556,0.341112,0.41968,-60.8825,-192.7625,105.8575
4304,416361,3.4953,0.496296,0.640256,-110.0225,-180.81,59.7275
4305,416458,2.938736,0.61488,1.546228,-111.58,-181.3175,34.37
4306,416554,3.074888,0.418948,2.095472,-65.6425,-136.745,23.6425
4307,416651,3.639504,-0.038796,2.54614,-15.015,-59.85,34.825
4308,416748,3.504084,0.510692,3.304004,-36.085,15.225,50.12
4309,416844,1.258308,0.9850281,1.1346,-40.845,141.26,76.7375
4310,416941,1.499624,0.605852,-4.04186,16.9925,264.0925,81.81251
4311,417037,0.959652,1.687504,-1.765096,-40.88,194.4775,1.9425
4312,417134,1.43472,0.762012,-1.091168,-7.595,172.165,-55.685
4313,417231,1.007964,-0.530212,-1.391044,60.6725,168.0525,-48.8425
4314,417327,0.429928,-0.495076,-0.637816,30.6075,138.2675,-41.335
4315,417424,0.7895841,-0.462868,-0.7869,27.23,151.69,-34.825
4316,417521,0.701256,-0.305732,-0.833016,17.885,143.08,-37.7475
4317,417617,0.952332,-0.444568,-0.9140241,7.7875,133.98,-51.625
4318,417714,1.123132,-0.9145121,-1.087996,-8.2775,115.43,-62.1775
4319,417810,1.591612,-0.8852321,-1.088972,-47.1275,77.9275,-63.0875
4320,417907,0.814472,-0.02806,-1.029436,-86.06501,26.9675,-55.02
4321,418004,0.8827921,-0.104432,-0.9633121,-70.315,13.2475,-44.45
4322,418100,0.660996,-0.240096,-0.9186601,-52.465,-11.2175,-36.295
4323,418197,0.5838921,-0.109312,-0.8976761,-50.3475,-9.59,-26.0225
4324,418293,0.585844,-0.105164,-0.886452,-36.4875,-11.4275,-20.9825
4325,418390,0.532164,-0.059048,-0.873764,-27.93,-9.975,-15.085
4326,418487,0.531676,-0.09052401,-0.86498,-17.7975,-7.28,-9.5375
4327,418583,0.515084,-0.117608,-0.846924,-10.78,-4.8825,-5.285
4328,418680,0.50386,-0.152988,-0.8298441,-5.845,-2.205,-2.8
4329,418776,0.507032,-0.17324,-0.814472,-2.6075,-0.7525,-1.365
4330,418873,0.498248,-0.169092,-0.8091041,-1.4525,0.0525,-0.7
4331,418970,0.49898,-0.177388,-0.799588,-0.2625,0.2275,-0.525
4332,419066,0.50874,-0.174216,-0.8066641,0.735,-0.1225,-0.14
4333,419163,0.5172801,-0.216916,-0.8610761,2.765,-2.1525,-0.2975
4334,419259,0.488,-0.206668,-0.806908,5.8275,-4.1475,-1.7675
4335,419356,0.488976,-0.178364,-0.805688,9.1875,-0.3325,-3.0625
4336,419453,0.457744,-0.200324,-0.8020281,11.935,1.82,-3.78
4337,419549,0.494344,-0.218624,-0.8095921,13.1425,3.43,-5.705
4338,419646,0.522648,-0.204716,-0.788364,12.3025,4.0775,-7.2625
4339,419742,0.529968,-0.134688,-0.813496,11.13,3.6225,-7.63
4340,419839,0.517524,-0.135664,-0.8364321,11.34,4.0425,-6.8075
4341,419936,0.5463161,-0.136884,-0.8169121,11.97,6.9475,-5.67
4342,420032,0.516792,-0.141276,-0.8174001,12.9675,9.5375,-4.1825
4343,420129,0.5165481,-0.221796,-0.805932,14.875,12.1975,-3.6925
4344,420225,0.522892,-0.249368,-0.787144,14.1225,15.785,-5.845
4345,420322,0.5077641,-0.235216,-0.804224,11.8475,18.6375,-8.75
4346,420419,0.495564,-0.234728,-0.812276,10.2025,23.8175,-10.57
4347,420515,0.486292,-0.276208,-0.816668,10.2375,32.13,-12.775
4348,420612,0.436516,-0.252296,-0.8662001,11.3225,41.09,-16.625
4349,420708,0.495076,-0.151036,-0.88328,12.845,52.4475,-20.755
4350,420805,0.543144,-0.176168,-0.866444,16.3975,68.2325,-20.5625
4351,420902,0.551928,-0.055388,-0.914756,19.8975,82.8625,-17.2025
4352,420998,0.5653481,-0.058804,-0.913048,20.16,98.82251,-10.8325
4353,421095,0.553148,-0.0488,-0.9052401,23.5025,115.9025,-2.415
4354,421191,0.566812,-0.047824,-0.920368,25.9525,134.6275,7.2975
4355,421288,0.54168,-0.11346,-0.93696,32.725,155.5925,14.6125
4356,421385,0.535092,-0.138104,-0.9628241,40.495,177.835,18.4625
4357,421481,0.51484,-0.213744,-1.013576,51.6425,201.6525,19.1275
4358,421578,0.433588,-0.198372,-1.056276,62.72,229.9325,16.45
4359,421674,0.451888,-0.261324,-1.076528,76.3875,271.495,9.7125
4360,421771,0.52582,-0.352092,-1.164612,85.4,325.99,-2.6075
4361,421868,0.648796,-0.463356,-1.425936,94.045,383.915,-19.8275
4362,421964,1.251476,-0.628788,-1.538908,105.35,433.5625,-38.0975
4363,422061,1.298324,-0.7076001,-1.726544,113.4875,461.1075,-65.29251
4364,422157,1.494256,-0.9089001,-1.920036,123.8125,482.7375,-94.78
4365,422254,2.217228,-0.8271601,-2.3302,144.9875,484.365,-99.575
4366,422351,2.053748,-0.76982,-2.313852,182.455,432.74,-102.5675
4367,422447,1.861232,-0.9186601,-2.5498,208.4425,343.9275,-122.885
4368,422544,0.525576,-0.443104,-2.13256,202.93,215.9675,-150.8675
4369,422640,-0.37088,-0.059536,-2.772328,180.74,109.55,-162.0325
4370,422737,1.8239,-1.498648,-3.182248,184.905,53.2875,-161.4025
4371,422834,-1.28954,-1.284416,-1.286856,95.4975,-149.0125,-186.8475
4372,422930,-0.47824,-1.02236,-1.374696,34.72,-112.9625,-178.0975
4373,423027,0.346968,-0.832528,-1.511092,11.69,-93.73,-128.8175
4374,423123,-0.125416,-0.893284,-1.17852,17.605,-135.835,-60.41
4375,423220,-0.132248,-0.83082,-1.047492,11.515,-158.1475,-11.41
4376,423317,0.08564401,-0.571448,-1.042612,-9.9925,-171.5175,13.93
4377,423413,0.201788,-0.331108,-1.030656,-22.7325,-195.51,31.605
4378,423510,0.240584,-0.17446,-0.9418401,-22.155,-225.4875,45.99
4379,423606,0.211792,-0.134444,-0.8195961,-20.2825,-252.6825,51.205
4380,423703,0.243024,-0.12444,-0.74176,-26.3375,-273.175,45.605
4381,423800,0.340624,-0.082472,-0.672708,-40.425,-289.1175,32.83
4382,423896,0.426268,-0.069784,-0.63806,-48.3175,-300.4225,19.95
4383,423993,0.477752,-0.12322,-0.614392,-44.8175,-305.8825,14.105
4384,424089,0.482388,-0.218868,-0.590968,-32.6375,-303.87,21.105
4385,424186,0.5777921,-0.366,-0.608048,-21.9975,-292.0575,37.8875
4386,424283,0.833992,-0.475068,-0.7332201,-15.6275,-275.5025,59.6575
4387,424379,1.09678,-0.572424,-0.8522921,-11.6025,-267.3125,84.525
4388,424476,1.08946,-0.541192,-0.83082,-13.4225,-273.6825,103.67
4389,424572,1.042124,-0.36356,-0.8522921,-16.0125,-277.445,110.04
4390,424669,1.222196,-0.26962,-0.96868,-1.26,-273.9625,106.995
4391,424765,1.412516,-0.400648,-1.077504,31.9025,-274.715,104.5625
4392,424862,1.559404,-0.677344,-1.068964,63.175,-278.8625,109.7075
4393,424959,1.690432,-0.9311041,-0.98942,73.29,-279.93,123.9525
4394,425055,2.000556,-1.070916,-0.8100801,60.6375,-272.265,144.935
4395,425152,2.154276,-0.870104,-0.6893,31.78,-260.9425,167.755
4396,425249,2.447808,-0.399428,-0.668072,6.44,-243.355,186.0425
4397,425345,2.82918,-0.005612,-0.568032,4.165,-227.2725,194.1975
4398,425442,3.14272,0.191296,-0.345504,6.6325,-220.85,185.1325
4399,425538,3.231048,0.416996,-0.05587601,-8.68,-226.5725,154.8925
4400,425635,3.186396,0.46482,0.21716,-34.02,-236.04,112.9625
4401,425731,3.056832,-0.09247601,0.597556,-57.0325,-244.02,68.4075
4402,425828,2.874076,0.06661201,1.405928,-99.855,-231.2625,14.035
4403,425925,3.042192,0.518744,1.717028,-122.36,-184.6075,-27.8775
4404,426021,2.799656,-0.00366,2.3607,-51.555,-126.735,-12.46
4405,426118,3.247396,-0.317932,3.05,12.005,-43.1025,40.7225
4406,426215,2.639348,0.460428,2.937516,-18.97,98.68251,96.72251
4407,426311,1.73362,0.710284,-3.15736,5.075,247.87,127.75
4408,426408,0.987224,1.535736,-2.989488,-7.0175,217.9625,59.2375
4409,426504,1.19926,1.281,-1.059936,-37.1175,150.3425,-34.8075
4410,426601,1.123132,-0.351604,-1.3969,52.535,159.985,-41.7725
4411,426698,0.361852,-0.223748,-0.856196,42.9625,132.615,-23.7475
4412,426794,0.787144,-0.209596,-0.9191481,43.0325,136.64,-21.2975
4413,426891,0.704916,-0.227408,-0.927932,45.08,127.015,-27.265
4414,426987,0.643672,-0.351848,-0.812032,40.425,113.6275,-37.87
4415,427084,0.80886,-0.447252,-0.8410681,38.43,110.32,-40.1625
4416,427181,0.947208,-0.580232,-0.936228,25.5675,104.16,-42.49
4417,427277,0.987224,-0.705648,-0.9381801,2.17,88.16501,-44.485
4418,427374,1.146556,-0.783484,-1.009672,-23.0825,64.785,-43.3475
4419,427470,0.639768,-0.31842,-0.858392,-49.315,37.3275,-37.555
4420,427567,0.745664,-0.226188,-0.968924,-51.24,27.1775,-34.65
4421,427664,0.610488,-0.23668,-0.8522921,-48.37,14.035,-32.305
4422,427760,0.615612,-0.14396,-0.920368,-45.045,6.5275,-28.525
4423,427857,0.615368,-0.094672,-0.909144,-38.3425,3.395,-24.15
4424,427953,0.541924,-0.160064,-0.8615641,-28.175,0.2975,-18.9
4425,428050,0.5587601,-0.172264,-0.8508281,-22.1375,0.9625,-13.58
4426,428147,0.538264,-0.166896,-0.844972,-17.4125,1.4,-9.975
4427,428243,0.510448,-0.185684,-0.822036,-13.16,1.12,-7.595
4428,428340,0.512644,-0.117364,-0.791536,-11.55,2.03,-5.4075
4429,428437,0.5063,-0.214232,-0.820084,-10.465,0.21,-4.585
4430,428533,0.51362,-0.184464,-0.788364,-8.575,-0.07,-3.08
4431,428630,0.5214281,-0.256932,-0.7903161,-6.79,0.9275,-3.5
4432,428726,0.508984,-0.19276,-0.793488,-6.23,-1.6625,-3.2375
4433,428823,0.498004,-0.23424,-0.781044,-6.2475,-3.92,-4.7775
4434,428920,0.487756,-0.193492,-0.796172,-5.67,-5.74,-6.2125
4435,429016,0.4743361,-0.214476,-0.7991,-4.6725,-7.2625,-8.645
4436,429113,0.45872,-0.238388,-0.790072,-4.7775,-8.1375,-11.6025
4437,429209,0.489464,-0.19642,-0.821792,-3.465,-8.295,-14.28
4438,429306,0.547536,-0.169336,-0.8132521,-2.59,-7.4375,-15.9075
4439,429403,0.543144,-0.12688,-0.8195961,-0.6475,-7.385,-14.805
4440,429499,0.525576,-0.11956,-0.827404,2.0475,-6.1075,-12.3725
4441,429596,0.503128,-0.137372,-0.81862,4.9175,-3.57,-9.8875
4442,429692,0.5206961,-0.16348,-0.82594,6.755,0.035,-8.085
4443,429789,0.490684,-0.21594,-0.827404,8.785,3.6575,-7.7
4444,429886,0.474824,-0.23912,-0.815448,8.575,9.275,-8.9425
4445,429982,0.495808,-0.211548,-0.831064,7.245,16.6075,-9.8
4446,430079,0.494344,-0.222528,-0.832528,7.14,24.8675,-10.8325
4447,430175,0.551928,-0.2074,-0.831308,7.035,32.4625,-11.9
4448,430272,0.487024,-0.226432,-0.848388,9.2225,40.25,-13.8425
4449,430369,0.468724,-0.204716,-0.8698601,12.1625,49.14,-16.2225
4450,430465,0.479216,-0.11224,-0.9186601,14.3675,63.5425,-17.535
4451,430562,0.521672,-0.152744,-0.92964,19.075,81.9875,-15.155
4452,430658,0.510448,-0.03172,-0.968192,18.445,98.75251,-11.235
4453,430755,0.502152,-0.07978801,-0.98576,22.2425,120.3825,-4.165
4454,430852,0.486536,-0.074664,-1.019676,27.51,146.545,2.555
4455,430948,0.437492,-0.152744,-1.048468,35.1225,177.2225,6.51
4456,431045,0.466772,-0.15494,-1.114836,44.8875,211.785,7.7875
4457,431141,0.482388,-0.192028,-1.150948,58.3275,247.2575,7.525
4458,431238,0.40016,-0.239364,-1.157536,70.1225,289.31,3.2375
4459,431335,0.4026,-0.346968,-1.189256,80.6225,345.73,-7.98
4460,431431,0.514352,-0.383324,-1.475468,97.0375,405.37,-23.2925
4461,431528,1.248304,-0.515572,-1.648708,114.7125,452.9175,-41.895
4462,431624,1.616744,-0.582916,-1.743868,129.71,476.49,-62.895
4463,431721,1.631384,-0.858636,-2.1167,148.1725,483.0175,-81.81251
4464,431818,2.0557,-0.8066641,-2.120848,168.175,459.5675,-88.0075
4465,431914,1.7629,-0.786656,-2.171112,182.945,396.795,-102.6375
4466,432011,1.571848,-0.7427361,-2.342156,201.4775,309.9075,-125.6325
4467,432107,-0.491904,-0.206424,-2.05326,192.7625,189.105,-145.95
4468,432204,0.7700641,-0.9433041,-2.933368,190.6625,99.75,-131.915
4469,432301,0.869372,-1.682868,-2.665944,146.16,28.2975,-129.6575
4470,432397,-1.286124,-1.310768,-1.265628,53.55,-136.78,-147.035
4471,432494,-0.297436,-0.81862,-1.466684,-14.0175,-93.3275,-139.0375
4472,432590,0.116876,-0.6265921,-1.40544,-17.745,-99.12001,-101.2375
4473,432687,-0.25254,-0.7795801,-1.085068,10.535,-139.16,-48.545
4474,432784,-0.118096,-0.947208,-0.98088,23.8875,-156.975,-8.1025
4475,432880,0.147376,-0.9079241,-0.975512,8.6275,-172.2,19.215
4476,432977,0.303536,-0.725168,-0.948184,-16.5725,-199.2725,43.7675
4477,433073,0.286212,-0.488732,-0.843752,-36.9775,-231.2625,63.8575
4478,433170,0.232288,-0.213988,-0.709796,-47.3025,-256.7425,73.5175
4479,433267,0.198616,-0.036844,-0.60024,-45.3775,-272.7375,72.5375
4480,433363,0.274256,-0.035624,-0.562908,-37.0475,-280.9275,61.3725
4481,433460,0.412116,-0.059048,-0.570472,-35.5075,-284.025,43.295
4482,433556,0.50996,-0.020984,-0.641964,-34.09,-285.4775,27.4225
4483,433653,0.498248,-0.025132,-0.60512,-22.96,-287.07,21.9625
4484,433750,0.505568,-0.203984,-0.648308,-4.9,-277.97,25.41
4485,433846,0.84546,-0.38186,-0.8427761,8.645,-261.8,36.295
4486,433943,1.115812,-0.559248,-0.959896,16.6075,-259.9975,57.715
4487,434039,1.012844,-0.57462,-0.84546,10.99,-274.5925,80.29
4488,434136,1.042856,-0.468236,-0.830332,-0.0875,-275.8875,93.3275
4489,434233,1.25904,-0.413092,-0.9701441,1.89,-267.96,98.49
4490,434329,1.348588,-0.566568,-1.054812,17.99,-270.585,103.8275
4491,434426,1.417396,-0.829356,-1.036024,32.9175,-275.765,113.6975
4492,434523,1.484008,-0.981124,-0.9869801,31.2025,-274.435,129.1325
4493,434619,1.690188,-1.053836,-0.9098761,20.4575,-266.3325,149.0825
4494,434716,1.90808,-1.03212,-0.807396,4.445,-254.6425,169.085
4495,434812,2.071804,-0.728828,-0.6954,-13.055,-242.0425,185.815
4496,434909,2.403644,-0.212768,-0.683932,-24.8325,-220.7275,195.965
4497,435006,2.949228,-0.027572,-0.63196,-18.655,-203.9975,190.12
4498,435102,3.348412,0.09052401,-0.383812,-24.465,-206.6225,169.1725
4499,435199,3.226656,0.088328,-0.008784,-46.4275,-227.115,142.6775
4500,435295,2.681072,0.233264,0.9335441,-90.23001,-237.1425,102.8125
4501,435392,2.825276,0.9167081,1.163636,-136.185,-196.3325,46.585
4502,435489,3.354756,0.6600201,1.5555,-87.0975,-142.4675,19.0575
4503,435585,3.11832,-0.030012,2.334348,-12.635,-115.465,12.0925
4504,435682,3.121248,0.257908,2.981436,-19.11,-31.255,18.2875
4505,435778,2.31556,0.77714,2.385344,-23.0125,101.01,51.9225
4506,435875,0.9376921,0.148352,-2.6169,43.4875,220.2025,87.81501
4507,435972,0.44286,1.072624,-2.492704,-0.875,245.3675,39.48
4508,436068,1.469612,1.30784,-1.071648,-14.6125,208.5475,-28.1575
4509,436165,1.55794,0.002196,-1.607716,63.0525,217.07,-41.1425
4510,436261,0.6695361,-0.265472,-1.046272,58.45,175.2975,-39.6725
4511,436358,0.806908,-0.460184,-0.79056,53.69,166.67,-41.335
4512,436455,0.8271601,-0.4933681,-0.8357,50.54,164.7975,-35.0175
4513,436551,0.815936,-0.447496,-0.863516,39.1125,149.4325,-42.91
4514,436648,1.138016,-0.682468,-0.935496,25.8825,140.245,-52.4475
4515,436744,1.475712,-1.35542,-1.070672,0.9275,112.0,-61.8975
4516,436841,1.026996,-0.554124,-0.8332601,-63.665,68.53,-55.1775
4517,436938,0.9674601,-0.012932,-1.082384,-79.835,36.085,-51.555
4518,437034,0.819108,-0.3294,-0.85156,-68.845,21.77,-42.84
4519,437131,0.682224,-0.07490801,-0.975512,-58.275,3.3425,-34.58
4520,437227,0.60512,-0.170068,-0.8698601,-48.5625,-6.8425,-29.2425
4521,437324,0.593652,-0.143228,-0.87108,-39.9875,-7.4375,-24.6925
4522,437421,0.558516,-0.107116,-0.8652241,-32.69,-9.3975,-20.5625
4523,437517,0.54412,-0.139568,-0.8554641,-24.7275,-8.3825,-15.435
4524,437614,0.527528,-0.157624,-0.836188,-17.5525,-5.7575,-11.0075
4525,437710,0.531676,-0.142252,-0.8327721,-11.83,-3.71,-6.58
4526,437807,0.516792,-0.160064,-0.824232,-6.23,-1.4875,-3.395
4527,437904,0.5124001,-0.150792,-0.81862,-3.185,-0.3325,-1.12
4528,438000,0.505324,-0.158356,-0.822768,-0.4375,0.0,0.1225
4529,438097,0.507032,-0.200324,-0.80276,2.7825,0.91,0.98
4530,438193,0.523136,-0.243268,-0.784704,4.55,0.8925,0.9625
4531,438290,0.523624,-0.21716,-0.790072,5.18,-1.26,0.21
4532,438387,0.50508,-0.227652,-0.803736,6.2825,-3.7975,-1.295
4533,438483,0.495808,-0.230092,-0.7944641,7.28,-4.5675,-3.5175
4534,438580,0.487756,-0.239852,-0.776408,6.755,-3.5525,-6.44
4535,438676,0.507032,-0.212036,-0.7854361,5.4425,-2.5725,-8.925
4536,438773,0.5063,-0.201056,-0.795928,5.0925,-1.47,-10.185
4537,438869,0.517768,-0.15128,-0.8188641,4.865,-0.315,-10.0625
4538,438966,0.520208,-0.149572,-0.828868,7.0525,1.995,-8.47
4539,439063,0.538752,-0.139812,-0.814472,9.59,5.005,-5.915
4540,439159,0.532164,-0.171288,-0.803736,11.6375,8.19,-3.745
4541,439256,0.515572,-0.210328,-0.794952,12.8275,10.22,-3.01
4542,439352,0.526308,-0.224968,-0.7951961,12.4075,12.67,-3.92
4543,439449,0.517768,-0.232776,-0.79178,11.41,14.63,-5.6
4544,439546,0.472384,-0.249612,-0.80642,10.5175,17.8325,-7.2625
4545,439642,0.495564,-0.292312,-0.7903161,9.135,24.8325,-9.66
4546,439739,0.521916,-0.258396,-0.803736,7.28,33.53,-13.4225
4547,439835,0.524112,-0.188368,-0.8239881,8.6975,39.48,-16.975
4548,439932,0.482144,-0.229848,-0.835456,14.6475,45.3075,-18.165
4549,440028,0.572424,-0.107604,-0.871568,12.2325,58.1525,-15.645
4550,440125,0.535092,-0.152256,-0.883768,21.07,70.2975,-12.1975
4551,440222,0.56242,-0.08808401,-0.90646,18.445,85.1375,-7.175
4552,440318,0.524356,-0.131272,-0.9120721,22.47,101.99,-1.0675
4553,440415,0.538752,-0.096868,-0.9274441,24.9025,121.1525,5.355
4554,440511,0.53802,-0.12078,-0.9403761,32.06,143.4125,11.0425
4555,440608,0.537044,-0.155428,-0.980636,39.585,167.79,14.0875
4556,440705,0.51484,-0.197396,-1.011624,49.42,192.815,16.4325
4557,440801,0.45994,-0.190564,-1.096048,62.02,219.765,16.4325
4558,440898,0.424072,-0.267912,-1.090924,74.11251,258.8075,11.8125
4559,440994,0.432856,-0.256688,-1.139724,86.38,309.89,2.9925
4560,441091,0.616344,-0.395768,-1.197552,102.1825,366.6775,-10.045
4561,441188,1.021384,-0.5002,-1.628456,126.14,419.125,-21.2975
4562,441284,1.38958,-0.605852,-1.631384,144.4625,449.3475,-38.99
4563,441381,1.457656,-0.642696,-1.776076,158.2,467.04,-59.955
4564,441477,1.944436,-0.8052,-2.16428,185.7275,465.4825,-63.7875
4565,441574,1.98616,-0.693448,-1.967616,216.0375,426.6325,-64.785
4566,441671,1.961516,-0.82472,-2.264808,224.385,356.6325,-89.04
4567,441767,1.196332,-0.509472,-2.052284,224.1225,250.1275,-113.1025
4568,441864,-1.332728,-0.146888,-2.244556,203.3675,136.2725,-132.055
4569,441960,2.276276,-1.2139,-3.278628,191.205,72.94,-130.3575
4570,442057,-0.201788,-1.197552,-1.997384,110.6525,-61.985,-166.4775
4571,442154,-0.9684361,-0.851804,-1.124596,34.02,-153.4225,-184.905
4572,442250,0.174216,-0.817156,-1.439844,8.435,-95.97,-163.45
4573,442347,0.165432,-0.91012,-1.225124,11.13,-121.4325,-109.8825
4574,442443,-0.094672,-1.037732,-0.998204,9.17,-154.8225,-55.1075
4575,442540,0.092964,-0.959164,-0.975512,-14.665,-171.5525,-16.52
4576,442637,0.195932,-0.660752,-0.9440361,-45.605,-192.7625,8.9425
4577,442733,0.23668,-0.383568,-0.891088,-61.215,-220.3425,29.89
4578,442830,0.230824,-0.194468,-0.7522521,-59.3775,-245.0175,42.7
4579,442926,0.141764,-0.107604,-0.620736,-52.395,-265.055,43.19
4580,443023,0.216428,-0.06588,-0.563884,-49.315,-274.2425,32.2175
4581,443120,0.378444,-0.095648,-0.582672,-47.985,-278.355,15.05
4582,443216,0.499956,-0.194956,-0.600972,-46.7775,-284.095,-0.385
4583,443313,0.464332,-0.260104,-0.57828,-44.66,-289.1875,-4.585
4584,443409,0.49044,-0.323056,-0.558516,-39.515,-283.71,5.005
4585,443506,0.711992,-0.400648,-0.67344,-26.565,-266.105,24.605
4586,443603,0.979416,-0.522404,-0.784216,-8.9775,-257.4425,51.975
4587,443699,1.023824,-0.634156,-0.7612801,0.42,-262.99,78.155
4588,443796,0.9874681,-0.5917,-0.717848,-5.95,-268.38,92.225
4589,443892,1.068232,-0.49532,-0.777872,-12.775,-267.54,94.09751
4590,443989,1.144848,-0.410652,-0.877424,-6.265,-266.8925,93.205
4591,444086,1.149484,-0.5363121,-0.89792,15.365,-269.0275,96.3725
4592,444182,1.193892,-0.7141881,-0.889868,33.39,-264.6875,106.05
4593,444279,1.324432,-0.8625401,-0.8954801,39.5325,-251.8075,121.73
4594,444375,1.552572,-0.972828,-0.84912,35.0525,-235.1475,139.825
4595,444472,1.872212,-1.014064,-0.7788481,21.7175,-217.2975,158.5675
4596,444569,2.16794,-0.688324,-0.7473721,3.7625,-201.915,176.1725
4597,444665,2.576396,-0.416752,-0.674416,-4.6725,-186.1475,188.5625
4598,444762,2.974116,-0.128344,-0.485072,-6.44,-179.445,189.035
4599,444858,3.437472,-0.08369201,-0.288164,-5.88,-183.2075,178.99
4600,444955,3.624864,-0.234972,-0.098088,-25.2875,-205.905,160.195
4601,445052,3.223972,-0.181048,0.847412,-91.1225,-238.6825,122.6225
4602,445148,2.891644,0.730048,1.339316,-186.9875,-230.44,47.53
4603,445245,3.062688,1.443016,1.918328,-160.545,-185.8325,3.3775
4604,445341,2.584692,-0.03538,2.862852,4.9,-144.515,5.6525
4605,445438,3.317424,-0.195932,3.15614,33.53,-23.3275,27.79
4606,445535,2.739144,0.553148,2.989976,-14.2625,103.2325,55.51
4607,445631,1.30906,0.228872,-2.91824,22.435,240.7125,79.275
4608,445728,1.14314,1.167296,-2.818444,6.5275,234.4825,35.7525
4609,445824,1.248304,1.2566,-0.893284,-21.9275,167.3,-23.94
4610,445921,1.251232,-0.251564,-1.492548,68.0925,179.48,-30.5375
4611,446018,0.42456,-0.243268,-0.826916,56.1575,146.615,-23.765
4612,446114,0.805932,-0.235216,-0.820084,53.0425,150.0625,-22.995
4613,446211,0.8671761,-0.49776,-0.8610761,60.3575,147.84,-26.1275
4614,446307,1.031876,-0.821304,-0.9023121,40.7575,128.8875,-44.5025
4615,446404,1.24074,-1.31882,-0.951844,10.78,107.905,-53.4975
4616,446500,1.220732,-0.498248,-0.9547721,-48.3875,74.11251,-46.1475
4617,446597,0.671244,-0.08564401,-0.968192,-67.865,30.135,-49.6125
4618,446694,0.9028,-0.345504,-0.837652,-50.855,28.63,-34.965
4619,446790,0.669048,-0.20008,-0.884012,-47.6525,6.5975,-29.4
4620,446887,0.683444,-0.173972,-0.92598,-45.815,5.74,-23.9225
4621,446983,0.595848,-0.14518,-0.87108,-33.9675,-3.045,-19.6
4622,447080,0.552416,-0.164456,-0.843996,-26.6,-4.9875,-16.345
4623,447177,0.5458281,-0.203252,-0.8215481,-22.5925,-6.93,-15.05
4624,447273,0.5607121,-0.198372,-0.8332601,-17.2375,-4.27,-11.375
4625,447370,0.527772,-0.16836,-0.8244761,-12.145,-1.995,-6.8075
4626,447466,0.549488,-0.1647,-0.8142281,-7.525,-0.42,-3.6925
4627,447563,0.524112,-0.188124,-0.8108121,-4.1125,0.21,-1.6625
4628,447660,0.518012,-0.1952,-0.79544,-1.8725,0.8925,-0.175
4629,447756,0.507032,-0.20496,-0.737856,-0.6475,1.1025,0.2975
4630,447853,0.506056,-0.186904,-0.790072,0.735,-0.4375,0.525
4631,447949,0.517524,-0.229116,-0.781776,0.945,-1.82,-0.14
4632,448046,0.5172801,-0.234972,-0.7808001,0.56,-3.885,-2.1
4633,448143,0.500932,-0.253516,-0.780556,0.035,-5.8975,-4.935
4634,448239,0.4933681,-0.244488,-0.7712841,-0.6475,-5.985,-7.8575
4635,448336,0.4819,-0.253516,-0.776408,-0.6125,-5.39,-10.4825
4636,448432,0.5063,-0.247416,-0.780312,-0.6125,-5.3375,-12.8275
4637,448529,0.513864,-0.223016,-0.78202,-1.8025,-5.5475,-14.6475
4638,448625,0.518256,-0.192516,-0.7998321,-3.0625,-6.825,-16.0125
4639,448722,0.536556,-0.142008,-0.8127641,-3.08,-6.4575,-14.8225
4640,448819,0.548512,-0.141032,-0.8195961,-0.0175,-4.025,-11.9875
4641,448915,0.549488,-0.16348,-0.7937321,3.22,-0.7525,-9.5025
4642,449012,0.537532,-0.189344,-0.797148,4.4975,2.59,-7.7
4643,449108,0.5248441,-0.230824,-0.799588,5.7575,5.18,-7.1575
4644,449205,0.484096,-0.224236,-0.8100801,5.04,7.4025,-8.4875
4645,449302,0.483364,-0.230336,-0.809348,4.3225,11.795,-9.94
4646,449398,0.513864,-0.243756,-0.800076,3.5,19.39,-11.585
4647,449495,0.506056,-0.262056,-0.790804,2.625,26.145,-13.8775
4648,449591,0.591456,-0.18666,-0.81374,2.31,31.4825,-14.9975
4649,449688,0.532408,-0.170556,-0.8244761,5.6525,35.245,-16.3975
4650,449785,0.449692,-0.225944,-0.853024,11.8825,42.455,-16.695
4651,449881,0.571204,-0.06124401,-0.892552,11.0425,53.8125,-15.2425
4652,449978,0.531676,-0.17324,-0.878888,18.6725,66.9025,-12.1275
4653,450074,0.54534,-0.07856801,-0.911584,17.8325,81.2,-7.7875
4654,450171,0.529724,-0.109556,-0.927932,21.4725,99.015,-1.0675
4655,450267,0.515328,-0.106872,-0.9572121,25.2,120.05,5.39
4656,450364,0.504836,-0.108092,-0.9882001,31.4825,144.41,10.5175
4657,450461,0.504104,-0.144936,-1.028948,40.25,173.285,13.8075
4658,450557,0.49166,-0.16592,-1.083116,51.8,204.61,16.065
4659,450654,0.436028,-0.222528,-1.144116,66.8325,238.4725,16.52
4660,450750,0.402844,-0.262544,-1.130452,77.455,283.4125,10.6925
4661,450847,0.51606,-0.260348,-1.161196,91.665,338.0125,0.35
4662,450944,0.647332,-0.39162,-1.484252,114.065,394.7125,-12.0575
4663,451040,1.261724,-0.517036,-1.58356,134.155,439.3025,-25.6725
4664,451137,1.42252,-0.629764,-1.660908,145.145,458.955,-47.0925
4665,451233,1.487912,-0.721508,-1.87026,159.6,468.685,-65.8
4666,451330,2.050576,-0.759328,-1.99958,190.8725,453.8275,-67.13
4667,451426,1.95078,-0.6946681,-2.087908,212.275,398.79,-76.545
4668,451523,1.559648,-0.6314721,-2.254316,227.22,319.76,-99.155
4669,451620,0.347212,-0.226432,-1.934188,227.115,206.4825,-118.335
4670,451716,-0.123952,-0.518256,-2.506612,227.6575,109.095,-118.16
4671,451813,1.728984,-1.701412,-2.88652,193.83,55.09,-117.8275
4672,451909,-1.135332,-1.002596,-1.335168,75.8975,-134.0675,-155.8725
4673,452006,-0.47092,-0.566568,-1.355664,6.685,-114.73,-159.1275
4674,452103,0.312564,-0.434564,-1.454972,2.8,-101.01,-132.9125
4675,452199,0.039528,-0.6836881,-1.14924,24.0275,-145.4075,-86.3975
4676,452296,0.013664,-0.897432,-1.003328,25.6375,-175.5775,-47.145
4677,452392,0.186904,-0.810324,-0.9821,-6.1425,-197.75,-23.2575
4678,452489,0.235704,-0.528016,-0.9289081,-41.44,-224.9975,-3.5
4679,452586,0.19032,-0.22326,-0.805688,-58.555,-251.23,14.6475
4680,452682,0.076616,-0.050996,-0.64538,-56.6825,-269.885,25.97
4681,452779,0.060024,-0.038064,-0.5458281,-48.7375,-276.43,28.735
4682,452875,0.240096,-0.094672,-0.526552,-46.34,-274.7675,23.975
4683,452972,0.414068,-0.207888,-0.60512,-48.7725,-273.0175,15.9075
4684,453068,0.419924,-0.244976,-0.632204,-51.31,-277.4625,14.4375
4685,453165,0.404552,-0.29402,-0.613904,-49.5425,-277.1825,23.0475
4686,453262,0.519964,-0.363072,-0.663192,-45.0975,-266.035,37.1175
4687,453358,0.815692,-0.431636,-0.794952,-37.765,-253.6625,55.2475
4688,453455,0.9874681,-0.478972,-0.849852,-28.1225,-254.45,77.245
4689,453551,1.019432,-0.478484,-0.8508281,-23.625,-261.765,94.4825
4690,453648,1.047736,-0.353556,-0.915244,-22.9075,-267.05,99.1375
4691,453745,1.136552,-0.290848,-1.01504,-11.9525,-271.145,94.60501
4692,453841,1.23708,-0.438224,-1.07482,10.0975,-277.305,89.845
4693,453938,1.291492,-0.68808,-1.058716,30.555,-282.7475,92.085
4694,454034,1.38226,-0.921832,-0.961604,36.1025,-280.77,104.6675
4695,454131,1.61772,-1.074332,-0.8344801,28.6475,-268.24,126.9625
4696,454228,1.867088,-1.2139,-0.717848,9.065,-251.4225,152.46
4697,454324,2.139636,-1.081408,-0.627812,-18.76,-234.6575,174.58
4698,454421,2.455128,-0.67832,-0.5968241,-43.2075,-214.0075,193.3925
4699,454517,3.033408,-0.39772,-0.608536,-44.415,-197.855,205.1175
4700,454614,3.381352,-0.226676,-0.368928,-42.805,-201.6,203.8925
4701,454711,3.218116,-0.296948,0.5612,-65.7125,-224.07,179.9875
4702,454807,2.98534,0.629276,0.955504,-148.8025,-201.775,112.035
4703,454904,3.42576,0.779092,1.153144,-123.655,-172.865,66.115
4704,455000,3.168584,0.055388,1.883924,-29.4175,-157.57,50.75
4705,455097,2.989,0.008052001,2.4888,-6.5275,-104.6325,39.9
4706,455193,3.468948,0.36356,2.903356,-4.0075,-13.93,42.0175
4707,455290,2.520764,0.443836,2.770376,23.8175,108.43,65.15251
4708,455387,1.1834,0.329888,-2.899452,50.365,222.2325,71.33
4709,455483,0.64904,1.20658,-2.663992,30.135,220.3075,28.5075
4710,455580,1.098732,1.108248,-0.837408,16.1875,163.8525,-36.54
4711,455676,1.168272,-0.5511961,-1.250012,91.07,179.2525,-51.94
4712,455773,0.438468,-0.639768,-0.7473721,74.11251,152.3375,-37.6075
4713,455870,0.803492,-0.472384,-0.7808001,57.2075,157.2375,-30.03
4714,455966,0.899872,-0.497516,-0.883036,51.975,155.1725,-32.2875
4715,456063,1.061644,-0.64782,-0.9293961,35.945,135.17,-46.2875
4716,456159,1.315404,-1.255624,-1.096536,13.3875,113.8725,-54.7575
4717,456256,1.207556,-0.527528,-0.886452,-44.835,73.4125,-47.6875
4718,456353,0.7854361,-0.116144,-1.0126,-68.425,30.2925,-46.2175
4719,456449,0.834236,-0.237412,-0.839116,-51.73,27.825,-32.27
4720,456546,0.707112,-0.281576,-0.8723001,-43.26,5.915,-26.355
4721,456642,0.671976,-0.14274,-0.917684,-42.91,5.81,-20.755
4722,456739,0.602436,-0.177388,-0.8625401,-29.995,-1.1375,-15.6975
4723,456836,0.5314321,-0.166652,-0.8425321,-20.5625,-3.3775,-11.4975
4724,456932,0.5314321,-0.207888,-0.83204,-14.805,-1.575,-9.5025
4725,457029,0.5248441,-0.197396,-0.8235001,-10.8325,-1.5225,-8.575
4726,457125,0.521672,-0.123708,-0.8086161,-7.525,0.035,-6.7025
4727,457222,0.52704,-0.169336,-0.818376,-3.185,1.6625,-4.0425
4728,457319,0.523136,-0.217892,-0.8081281,1.54,2.6075,-1.3825
4729,457415,0.5368,-0.2501,-0.756644,3.605,3.325,-1.2775
4730,457512,0.542168,-0.236192,-0.7666481,2.6425,2.31,-2.38
4731,457608,0.545096,-0.218136,-0.780068,2.0825,-0.3675,-2.8875
4732,457705,0.523868,-0.227408,-0.791536,3.255,-1.9425,-3.4125
4733,457802,0.5185,-0.251808,-0.779824,3.5175,-2.1525,-4.8125
4734,457898,0.528748,-0.253028,-0.771528,2.625,-2.5725,-6.965
4735,457995,0.532652,-0.246684,-0.766892,1.5925,-4.935,-9.1
4736,458091,0.53802,-0.204228,-0.7812881,0.7,-6.2825,-10.115
4737,458188,0.540216,-0.198128,-0.779824,1.4525,-6.5275,-9.695
4738,458285,0.542168,-0.182268,-0.78202,2.345,-5.67,-8.785
4739,458381,0.52948,-0.196176,-0.7937321,3.4475,-4.4975,-7.56
4740,458478,0.522892,-0.206424,-0.794952,4.4975,-2.7475,-6.3175
4741,458574,0.531188,-0.216672,-0.783972,5.075,-0.7175,-6.1775
4742,458671,0.537776,-0.20496,-0.77592,4.6725,0.7175,-6.685
4743,458768,0.521672,-0.241316,-0.773968,5.425,1.05,-7.455
4744,458864,0.519476,-0.227896,-0.7761641,3.535,2.17,-8.995
4745,458961,0.519964,-0.216428,-0.78934,2.5725,3.99,-10.535
4746,459058,0.508008,-0.22814,-0.792512,2.6425,7.175,-11.55
4747,459154,0.504592,-0.244,-0.801296,3.045,12.7575,-12.1275
4748,459250,0.514352,-0.24522,-0.800076,3.2025,18.9,-13.545
4749,459345,0.5214281,-0.20496,-0.803736,3.8675,24.675,-15.6275
4750,459442,0.558516,-0.190564,-0.816424,8.1025,31.3425,-16.4675
4751,459539,0.482388,-0.175192,-0.841556,13.65,37.7125,-17.885
4752,459635,0.5119121,-0.169336,-0.85888,15.5225,47.0575,-17.045
4753,459732,0.5267961,-0.170556,-0.86132,17.045,60.4975,-13.9825
4754,459828,0.549244,-0.148352,-0.865468,23.66,74.4625,-10.9725
4755,459925,0.5607121,-0.142984,-0.8996281,26.285,91.735,-6.2125
4756,460022,0.525332,-0.136396,-0.9181721,28.875,108.5875,-1.54
4757,460118,0.552416,-0.125416,-0.9396441,34.3,128.0125,4.34
4758,460215,0.566324,-0.11956,-0.9630681,43.5225,148.96,10.85
4759,460311,0.5246,-0.105652,-1.03456,53.6025,169.82,16.6425
4760,460408,0.488488,-0.105652,-1.095804,65.485,198.555,23.45
4761,460505,0.438224,-0.19398,-1.129476,83.405,237.86,30.0125
4762,460601,0.400892,-0.164212,-1.150216,99.6625,284.2,29.12
4763,460698,0.505568,-0.143716,-1.217804,122.5,338.17,27.0725
4764,460794,0.648796,-0.205448,-1.348344,150.57,393.855,24.9725
4765,460891,1.304424,-0.436028,-1.530612,187.8275,432.7225,21.9975
4766,460988,1.523048,-0.752008,-1.505236,210.3675,447.8425,11.9
4767,461084,1.609668,-0.692716,-1.770952,212.1875,451.4825,-3.115
4768,461181,1.941752,-0.822768,-1.697996,220.2725,429.065,-19.495
4769,461277,1.83732,-0.94916,-1.610156,220.92,378.4375,-37.8525
4770,461374,1.440332,-0.7407841,-1.870992,202.5275,305.935,-67.375
4771,461471,0.791048,-0.427732,-1.775344,188.9125,212.0825,-87.0625
4772,461567,-0.6653881,-0.543632,-2.181116,162.47,100.17,-87.5525
4773,461664,2.063264,-1.286612,-2.834792,116.235,45.6575,-95.3225
4774,461760,-0.741272,-0.465064,-1.394704,8.6975,-121.065,-164.8675
4775,461857,-0.289628,-0.390644,-1.182912,-21.9975,-148.6975,-193.5325
4776,461954,0.324032,-0.641232,-1.202188,-10.2375,-137.13,-192.3775
4777,462050,0.209108,-1.090924,-0.9628241,-3.4825,-170.66,-165.27
4778,462147,0.15982,-1.301984,-0.831552,-23.0475,-196.1575,-126.1925
4779,462243,0.201788,-1.230736,-0.748836,-66.1675,-216.3,-88.46251
4780,462340,0.160064,-0.9577,-0.6539201,-106.75,-233.3275,-56.0875
4781,462437,0.102724,-0.676124,-0.55754,-127.61,-245.875,-26.915
4782,462533,0.003904,-0.487756,-0.458232,-128.8525,-252.1225,-3.99
4783,462630,-0.030256,-0.37332,-0.363072,-121.625,-250.565,11.69
4784,462726,0.105896,-0.356728,-0.376248,-109.48,-240.3625,19.95
4785,462823,0.314028,-0.460184,-0.480924,-97.45749,-232.2075,22.855
4786,462920,0.426512,-0.602192,-0.522404,-92.90751,-233.45,26.6
4787,463016,0.442128,-0.659776,-0.518744,-97.72,-237.965,34.265
4788,463113,0.47092,-0.634644,-0.583404,-104.4225,-237.09,43.9075
4789,463209,0.60146,-0.574864,-0.6802721,-100.695,-232.505,55.405
4790,463306,0.758352,-0.639524,-0.759084,-81.76001,-231.5425,68.67
4791,463403,0.901336,-0.7766521,-0.76738,-61.7925,-236.005,84.2975
4792,463499,0.966728,-0.8718121,-0.7556681,-54.0575,-242.2175,99.225
4793,463596,0.9994241,-0.8862081,-0.759328,-57.855,-246.925,110.1975
4794,463693,1.02724,-0.892308,-0.75396,-61.845,-249.165,118.79
4795,463789,1.089216,-0.9818561,-0.756644,-58.9225,-247.52,129.255
4796,463886,1.14436,-1.098244,-0.745908,-56.2275,-242.97,141.96
4797,463982,1.246108,-1.2261,-0.69418,-59.01,-234.465,154.525
4798,464079,1.400316,-1.332972,-0.6158561,-68.4425,-222.6,166.46
4799,464176,1.585268,-1.428376,-0.547536,-81.9875,-208.6875,178.78
4800,464272,1.902468,-1.528172,-0.559004,-95.3925,-193.4625,193.8125
4801,464369,2.218936,-1.619428,-0.512644,-106.225,-183.505,214.5325
4802,464465,2.639104,-1.4396,-0.532164,-119.595,-180.355,240.3975
4803,464562,2.9463,-1.026264,-0.458476,-132.7025,-184.7825,268.135
4804,464659,2.696688,-0.240584,-0.235948,-138.88,-205.905,280.385
4805,464755,2.594208,-0.370148,1.258308,-125.5975,-192.92,262.9025
4806,464852,2.595428,-0.0488,1.585024,-112.245,-162.715,225.0325
4807,464948,3.316448,0.3355,1.694336,-104.93,-72.59,190.645
4808,465045,3.325964,0.10248,2.316048,-47.1975,-44.03,166.775
4809,465142,2.590548,0.526552,2.9097,-20.825,22.855,134.435
4810,465238,3.309128,0.9247601,3.028528,19.11,153.8775,104.0375
4811,465335,1.54818,-0.258396,-1.666764,97.3875,276.115,66.3775
4812,465431,1.8727,0.9994241,-3.72832,56.4025,279.4925,21.1575
4813,465528,0.9720961,1.244644,-0.9628241,49.0,150.3425,-28.7175
4814,465624,1.381772,-0.409432,-1.114104,106.435,159.4425,-68.1975
4815,465721,0.462136,-0.8620521,-0.759572,109.515,132.9125,-52.2375
4816,465818,1.06994,-0.959896,-0.8378961,83.0725,137.4975,-32.6375
4817,465914,2.012268,-1.914668,-1.123376,46.2,132.335,-38.57
4818,466011,0.5546121,-0.548024,-0.475312,-38.01,49.1225,-31.4475
4819,466108,0.717848,-0.2196,-1.040416,-54.18,31.885,-33.005
4820,466204,0.87474,-0.152256,-0.9274441,-49.1925,33.46,-30.135
4821,466301,0.662948,-0.310612,-0.8447281,-30.87,9.065,-24.955
4822,466397,0.6224441,-0.2989,-0.806908,-26.8975,6.23,-19.8975
4823,466494,0.57218,-0.309392,-0.7829961,-24.4825,-0.735,-20.93
4824,466591,0.654896,-0.182756,-0.8527801,-24.6925,-4.9,-21.0525
4825,466687,0.540704,-0.275232,-0.791292,-17.7975,-9.38,-18.0075
4826,466784,0.527284,-0.231312,-0.824964,-14.7525,-9.135,-16.45
4827,466880,0.535092,-0.246196,-0.790804,-13.93,-8.9075,-17.15
4828,466977,0.539972,-0.187636,-0.826428,-12.9675,-8.855,-16.66
4829,467074,0.563884,-0.17324,-0.8169121,-9.8175,-7.2275,-14.6125
4830,467170,0.521184,-0.155184,-0.83936,-5.635,-4.6375,-11.6375
4831,467267,0.53314,-0.191784,-0.815692,-0.21,-1.89,-8.8025
4832,467363,0.53802,-0.203496,-0.7937321,3.15,1.015,-8.1725
4833,467460,0.564372,-0.168848,-0.80886,1.5925,4.305,-8.8025
4834,467557,0.522404,-0.204472,-0.7951961,4.585,2.5375,-8.33
4835,467653,0.5307,-0.205448,-0.7895841,6.4925,5.425,-7.875
4836,467750,0.52704,-0.215208,-0.78324,6.685,6.615,-8.1025
4837,467846,0.534116,-0.205692,-0.794952,6.8775,7.805,-8.12
4838,467943,0.547292,-0.195688,-0.7808001,6.825,8.0325,-8.1725
4839,468040,0.556076,-0.192272,-0.779336,7.0175,7.595,-7.63
4840,468136,0.54778,-0.205448,-0.777384,7.42,7.315,-6.3525
4841,468233,0.547292,-0.217404,-0.7666481,7.245,6.9825,-5.915
4842,468329,0.548268,-0.224724,-0.769332,6.4225,6.6325,-6.1425
4843,468426,0.546072,-0.23668,-0.7700641,5.5825,6.0025,-6.9475
4844,468523,0.541924,-0.21716,-0.772016,4.5325,4.9,-8.015
4845,468619,0.542412,-0.21838,-0.778604,3.6575,5.425,-8.8025
4846,468716,0.54534,-0.202276,-0.772748,3.43,5.8625,-9.1875
4847,468812,0.5607121,-0.19032,-0.7788481,3.08,7.1225,-9.275
4848,468909,0.5463161,-0.185684,-0.78812,4.2175,8.575,-8.8725
4849,469006,0.5307,-0.17202,-0.8020281,6.1425,11.13,-8.365
4850,469102,0.52216,-0.210572,-0.796416,9.6425,15.155,-8.1025
4851,469199,0.52826,-0.223992,-0.802272,11.2,20.4925,-8.2775
4852,469295,0.527284,-0.20252,-0.796172,9.905,26.3725,-8.6625
4853,469392,0.54656,-0.205692,-0.79056,9.5725,33.53,-8.4525
4854,469489,0.5838921,-0.172264,-0.781532,10.85,39.2175,-7.35
4855,469585,0.59536,-0.1708,-0.779336,12.3025,44.205,-5.215
4856,469682,0.570472,-0.185684,-0.785192,14.14,49.035,-2.8
4857,469778,0.569252,-0.20496,-0.805444,14.7,55.1075,-1.96
4858,469875,0.573156,-0.199592,-0.8147161,15.4525,62.125,-2.1175
4859,469972,0.575596,-0.209108,-0.813984,18.06,70.6125,-1.6625
4860,470068,0.57096,-0.166164,-0.842288,21.3675,81.6375,-0.0175
4861,470165,0.587308,-0.131272,-0.8759601,25.9525,95.235,3.675
4862,470261,0.590724,-0.121268,-0.923052,32.97,111.5975,9.6075
4863,470358,0.550952,-0.09735601,-0.979172,41.125,132.0725,16.695
4864,470455,0.4941,-0.102968,-1.0675,54.7225,160.0725,24.8325
4865,470551,0.414556,-0.197152,-1.225124,71.5575,198.065,29.8725
4866,470648,0.347456,-0.255712,-1.269776,89.285,248.185,27.825
4867,470744,0.4023561,-0.258884,-1.305156,106.47,307.2475,20.7375
4868,470841,0.674416,-0.267424,-1.330532,124.0925,364.9975,7.5075
4869,470938,1.634556,-0.51606,-1.575508,147.49,411.67,2.2575
4870,471034,1.734352,-0.800808,-1.441796,150.0625,421.12,-7.875
4871,471131,1.680916,-0.902556,-1.558428,111.72,402.8675,-37.38
4872,471227,1.439356,-0.670268,-1.504992,57.6975,369.845,-58.3275
4873,471324,1.148508,-0.52338,-1.41276,33.9675,319.7775,-62.055
4874,471421,0.667096,-0.375028,-1.262944,27.1075,266.875,-59.535
4875,471517,-0.008784,0.508496,-1.672376,18.025,216.195,-59.675
4876,471614,0.8149601,0.572424,-2.698396,9.3275,146.4925,-93.87
4877,471710,1.333216,-0.42822,-2.527596,-3.9375,38.6925,-166.6875
4878,471807,-0.420412,-0.445056,-1.309548,-52.2375,-115.22,-223.72
4879,471904,0.09028,-0.792024,-1.225612,-84.5775,-124.4775,-245.0175
4880,472000,0.290604,-1.1346,-1.063108,-108.2375,-141.435,-241.5
4881,472097,0.197152,-1.470344,-0.818132,-131.4425,-170.03,-209.475
4882,472193,0.144204,-1.636752,-0.6348881,-160.72,-184.66,-163.38
4883,472290,0.129076,-1.671644,-0.4984921,-193.1475,-188.7025,-114.5025
4884,472386,0.209352,-1.659444,-0.449204,-219.17,-187.53,-65.345
4885,472483,0.304512,-1.657004,-0.421144,-235.3225,-187.7925,-17.9725
4886,472580,0.345016,-1.622356,-0.350628,-244.51,-191.975,26.9675
4887,472676,0.335256,-1.629676,-0.259128,-247.5375,-195.51,66.1675
4888,472773,0.341844,-1.638704,-0.201056,-247.3625,-194.25,97.72
4889,472869,0.36478,-1.598688,-0.23058,-245.735,-189.1925,121.73
4890,472966,0.43432,-1.540372,-0.311588,-239.925,-182.6825,139.475
4891,473063,0.553636,-1.543544,-0.399184,-229.5475,-178.5,151.795
4892,473159,0.655384,-1.617964,-0.453352,-220.1675,-179.795,159.215
4893,473256,0.7076001,-1.677012,-0.448228,-215.845,-183.5925,163.835
4894,473352,0.783728,-1.697996,-0.435784,-213.4125,-185.9375,169.82
4895,473449,0.856684,-1.685064,-0.468968,-206.465,-184.7475,179.5325
4896,473546,0.9125601,-1.662372,-0.49044,-195.86,-183.33,191.555
4897,473642,0.9779521,-1.68116,-0.5016641,-185.7625,-182.1925,203.07
4898,473739,0.9928361,-1.703608,-0.474824,-181.3525,-182.2625,211.995
4899,473835,1.044808,-1.658712,-0.449692,-180.8975,-180.53,219.1525
4900,473932,1.148508,-1.629676,-0.458476,-174.755,-175.6825,229.7925
4901,474028,1.225612,-1.67384,-0.485072,-162.5225,-172.76,245.1225
4902,474125,1.296616,-1.746308,-0.46604,-153.86,-170.52,263.1475
4903,474222,1.342976,-1.776808,-0.426268,-154.49,-168.0175,280.595
4904,474318,1.362008,-1.718492,-0.390156,-162.5925,-163.45,294.84
4905,474415,1.425448,-1.61284,-0.388692,-169.3125,-157.045,305.7425
4906,474511,1.479372,-1.580144,-0.345504,-169.505,-151.025,314.93
4907,474608,1.544764,-1.591124,-0.284992,-168.0875,-143.8325,322.56
4908,474705,1.647976,-1.579412,-0.24644,-168.3675,-133.7875,329.0175
4909,474801,1.872944,-1.3664,-0.215208,-168.2275,-123.6725,334.88
4910,474898,2.035936,-0.69174,-0.35136,-162.12,-113.575,340.305
4911,474994,2.32166,-0.7829961,-0.2928,-126.035,-112.525,335.09
4912,475091,2.175992,-0.8708361,-0.021716,-119.385,-123.235,311.36
4913,475188,2.528572,0.613416,0.338428,-137.8125,-124.53,278.495
4914,475284,1.995676,-0.184708,1.376892,-46.0775,-85.99501,264.95
4915,475381,2.992904,-0.8740081,1.482788,17.92,-28.84,241.4825
4916,475477,3.054636,0.04148,1.798036,-30.38,24.6925,186.3225
4917,475574,3.0988,0.433832,2.421456,-19.355,67.305,145.005
4918,475671,2.5437,0.566324,2.575176,28.9975,158.8825,122.1675
4919,475767,1.933456,0.291824,-2.18258,61.3025,278.3025,107.9925
4920,475864,1.472784,1.83244,-3.6234,24.045,266.945,66.5525
4921,475960,0.9860041,1.548912,-1.350784,60.8125,139.475,-7.4725
4922,476057,1.418616,-0.359168,-1.051884,121.7475,135.03,-71.8725
4923,476154,0.658556,-0.9821,-0.7283401,125.2825,108.08,-58.38
4924,476250,1.077992,-1.446188,-1.0431,94.4825,112.1225,-25.8475
4925,476347,1.569164,-1.330044,-0.885964,32.7075,96.32,-13.685
4926,476443,0.211548,-0.5363121,-0.590968,-20.1775,19.2675,-9.2925
4927,476540,0.97356,-0.18178,-1.055544,-20.825,41.965,-7.49
4928,476637,0.61122,-0.542168,-0.738588,-14.84,10.675,-11.725
4929,476733,0.6161,-0.368196,-0.7556681,-13.1775,1.295,-10.4475
4930,476830,0.624152,-0.31964,-0.793976,-19.81,-1.3825,-13.755
4931,476926,0.596336,-0.287432,-0.76494,-18.55,-6.2125,-14.98
4932,477023,0.5355801,-0.307196,-0.780312,-17.675,-9.45,-14.945
4933,477120,0.543876,-0.293288,-0.815204,-18.0075,-10.6225,-16.275
4934,477216,0.526064,-0.244244,-0.804224,-16.5025,-13.5975,-17.99
4935,477313,0.547292,-0.229116,-0.8025161,-14.84,-15.015,-18.6025
4936,477409,0.537532,-0.162992,-0.811544,-13.65,-13.9825,-17.8325
4937,477506,0.57218,-0.116388,-0.84546,-10.395,-11.83,-14.6125
4938,477603,0.537776,-0.182024,-0.807396,-3.5875,-9.7825,-9.2575
4939,477699,0.519476,-0.2318,-0.798856,-0.35,-7.77,-6.3175
4940,477796,0.529968,-0.222772,-0.788364,0.28,-6.72,-6.405
4941,477892,0.509716,-0.196176,-0.809836,1.0325,-5.8275,-6.3875
4942,477989,0.505324,-0.229116,-0.7890961,3.1675,-4.2,-5.53
4943,478086,0.49776,-0.208132,-0.804224,4.1825,-3.045,-5.5475
4944,478182,0.518012,-0.20862,-0.81984,6.615,-2.415,-5.9325
4945,478279,0.5267961,-0.195688,-0.798124,9.0475,-1.9775,-6.0725
4946,478375,0.522892,-0.185684,-0.7956841,10.22,-1.26,-4.7075
4947,478472,0.513864,-0.200568,-0.791292,11.2175,0.7175,-2.5025
4948,478569,0.499956,-0.206912,-0.793244,12.7575,1.785,-1.6275
4949,478665,0.50142,-0.230092,-0.788608,13.3875,3.4125,-1.6975
4950,478762,0.514108,-0.233996,-0.775676,12.4775,4.55,-2.485
4951,478858,0.515572,-0.21228,-0.774456,10.045,4.83,-3.5525
4952,478955,0.514352,-0.232532,-0.776408,9.17,5.5125,-4.025
4953,479052,0.5185,-0.244976,-0.7712841,7.525,6.3175,-4.7075
4954,479148,0.522892,-0.25498,-0.761524,5.2675,6.5625,-6.1775
4955,479245,0.521916,-0.238144,-0.767868,2.9575,6.65,-7.455
4956,479341,0.5397281,-0.230092,-0.769332,0.98,6.8425,-8.365
4957,479438,0.5404601,-0.224724,-0.7659161,-0.5775,7.21,-8.54
4958,479535,0.529236,-0.226432,-0.7705521,-1.47,7.4375,-8.54
4959,479631,0.533628,-0.229848,-0.79422,-2.66,8.0675,-9.0825
4960,479728,0.533872,-0.216428,-0.790072,-2.5725,8.715,-9.555
4961,479824,0.556076,-0.194468,-0.776408,-2.8525,10.045,-9.555
4962,479921,0.5612,-0.201788,-0.79544,-2.3625,12.5475,-8.365
4963,480018,0.550708,-0.134688,-0.81618,-1.2425,14.945,-6.685
4964,480114,0.568032,-0.164944,-0.800564,2.45,20.0375,-3.9025
4965,480211,0.53802,-0.217648,-0.798856,2.5725,27.195,0.21
4966,480307,0.532408,-0.151768,-0.8479,6.9125,34.8775,3.85
4967,480404,0.494832,-0.219356,-0.8549761,9.415,43.575,6.51
4968,480501,0.47092,-0.263276,-0.87962,12.285,55.825,8.1025
4969,480597,0.461648,-0.330376,-0.858392,15.0325,71.295,6.37
4970,480694,0.493856,-0.260836,-0.935496,14.945,89.6175,3.745
4971,480790,0.445544,-0.274744,-0.998448,21.595,107.7475,1.645
4972,480887,0.416508,-0.271816,-1.059448,25.795,135.9225,1.2425
4973,480984,0.415532,-0.359656,-1.077504,32.165,171.1325,0.07
4974,481080,0.370392,-0.346968,-1.089216,32.2875,207.235,-7.945
4975,481177,0.36234,-0.372832,-1.09434,29.015,246.4,-19.355
4976,481273,0.358924,-0.48434,-1.092388,21.2625,288.8375,-37.0125
4977,481370,0.657092,-0.494344,-1.169248,-1.47,333.375,-59.7975
4978,481467,1.613572,-0.8276481,-1.411296,-35.175,366.4325,-84.385
4979,481563,1.752896,-0.60878,-1.33346,-82.11,366.905,-97.825
4980,481660,1.206092,-0.6605081,-1.433988,-104.2125,342.8775,-109.095
4981,481756,1.048956,-0.571448,-1.558916,-117.6,326.1475,-104.545
4982,481853,0.917684,-0.7937321,-1.199992,-128.0825,291.62,-97.2475
4983,481950,0.9762441,-0.822768,-1.075308,-146.8075,264.5125,-89.1975
4984,482046,0.192272,-1.054812,-1.465464,-186.025,222.1275,-76.79
4985,482143,-0.582428,-1.367864,-1.771196,-221.9175,150.4825,-22.3475
4986,482239,0.445788,-0.776408,-2.03984,-238.8225,109.6375,44.31
4987,482336,-0.7944641,-0.494588,-1.295884,-220.57,37.0475,45.0975
4988,482433,-0.131516,-0.532896,-1.495232,-198.9575,18.6375,25.7075
4989,482529,0.07076001,-0.61,-1.473516,-180.74,-25.235,1.82
4990,482626,-0.087108,-0.828868,-1.214144,-159.3025,-85.48751,-11.9175
4991,482722,-0.022692,-1.0431,-1.039684,-147.07,-126.4725,-19.6175
4992,482819,0.065148,-1.20658,-0.884988,-145.2325,-158.34,-20.335
4993,482915,0.182512,-1.271972,-0.767624,-147.9625,-184.59,-11.1125
4994,483012,0.2623,-1.32736,-0.653188,-146.615,-205.73,6.685
4995,483109,0.329156,-1.375672,-0.556808,-143.0625,-219.87,29.2425
4996,483205,0.386008,-1.386896,-0.492148,-140.2625,-226.205,54.5475
4997,483302,0.460672,-1.35176,-0.490928,-139.79,-226.8525,79.485
4998,483398,0.5119121,-1.206336,-0.498736,-139.2825,-225.085,101.6925
4999,483495,0.567544,-1.0736,-0.50264,-132.825,-221.5675,118.72
5000,483592,0.585844,-0.9916161,-0.5165481,-119.5775,-216.37,128.2575
5001,483688,0.581452,-0.9345201,-0.52582,-102.6375,-207.69,131.5475
5002,483785,0.67222,-0.957944,-0.636352,-83.52751,-195.58,131.0575
5003,483881,0.91988,-1.00894,-0.772748,-64.645,-185.3775,133.14
5004,483978,1.090924,-1.028704,-0.809348,-48.825,-187.635,140.63
5005,484075,1.120692,-0.985516,-0.75396,-37.7125,-196.0,149.0125
5006,484171,1.110444,-0.928176,-0.6944241,-28.525,-198.275,156.1175
5007,484268,1.142408,-0.9001161,-0.680028,-18.27,-191.975,163.765
5008,484364,1.165588,-0.944768,-0.639524,-10.22,-182.385,172.06
5009,484461,1.212924,-1.043832,-0.615124,-7.1225,-169.855,181.8775
5010,484558,1.238788,-1.073356,-0.571936,-13.965,-154.595,195.055
5011,484654,1.305644,-1.039684,-0.51118,-26.075,-137.7425,210.7
5012,484751,1.419592,-0.9140241,-0.46848,-40.3025,-121.31,226.555
5013,484847,1.609424,-0.345992,-0.6158561,-51.45,-105.455,242.83
5014,484944,1.884656,-0.086864,-0.64904,-40.0925,-97.685,253.7675
5015,485041,2.066192,-0.058804,-0.5594921,-30.6075,-104.9475,243.18
5016,485137,2.213324,0.122,-0.404308,-48.825,-117.985,208.1625
5017,485234,2.297504,0.370636,-0.223992,-77.245,-135.275,160.9125
5018,485330,2.02764,0.217892,0.014884,-90.16001,-155.4875,112.77
5019,485427,1.929308,0.378932,0.684664,-108.78,-152.0575,54.32
5020,485524,2.54248,0.681736,0.790804,-119.5075,-117.495,-5.005
5021,485620,2.631296,0.60512,1.273192,-78.5925,-90.8075,-32.62
5022,485717,2.490508,0.027572,2.03496,-3.2725,-62.5625,-35.2975
5023,485813,2.688148,0.01098,2.485872,9.975,30.7125,-17.1325
5024,485910,1.618696,-0.055388,1.017236,15.54,152.285,17.29
5025,486006,1.79706,-0.887916,-2.844796,44.87,239.82,47.285
5026,486103,0.90036,0.4697,-2.033496,-16.905,187.1275,38.92
5027,486200,1.1773,0.787876,-1.0736,-27.335,134.3475,-5.985
5028,486296,1.05164,-0.124196,-1.232688,19.6,127.575,-17.5175
5029,486393,0.239608,-0.26352,-0.7788481,17.5175,97.895,-18.83
5030,486489,0.4697,-0.23546,-0.72468,14.7175,105.6475,-17.08
5031,486586,0.936716,-0.142496,-0.945256,19.3025,113.7325,-13.265
5032,486683,1.017968,-0.269132,-1.083116,12.6,95.2,-28.6475
5033,486779,0.815448,-0.690032,-1.032852,-3.85,64.295,-47.53
5034,486876,1.070428,-0.702964,-0.881816,-31.605,38.745,-43.4875
5035,486972,0.788852,-0.094672,-1.02358,-52.29,16.8175,-34.125
5036,487069,0.755424,-0.0427,-0.954284,-42.105,3.185,-28.5075
5037,487166,0.6566041,-0.392108,-0.798368,-27.86,-13.3175,-23.7475
5038,487262,0.5458281,-0.242536,-0.8210601,-30.1875,-15.33,-17.605
5039,487359,0.535336,-0.204228,-0.8256961,-29.8025,-17.0625,-17.7625
5040,487455,0.534604,-0.206912,-0.8230121,-27.825,-16.6775,-17.3075
5041,487552,0.529968,-0.201056,-0.8662001,-25.0425,-14.8575,-15.5225
5042,487648,0.5119121,-0.198616,-0.813496,-22.0325,-14.4375,-14.315
5043,487745,0.52338,-0.166164,-0.830088,-21.1225,-12.705,-12.6525
5044,487842,0.511668,-0.155672,-0.834236,-17.71,-11.0075,-11.06
5045,487938,0.507276,-0.13298,-0.8276481,-15.015,-9.5375,-9.4325
5046,488035,0.506056,-0.13176,-0.826428,-11.6725,-7.6475,-7.6475
5047,488131,0.520208,-0.132248,-0.820572,-8.61,-6.545,-5.6525
5048,488228,0.512156,-0.146156,-0.815936,-5.985,-6.0375,-4.0075
5049,488325,0.523624,-0.145668,-0.809348,-4.6725,-5.4425,-3.01
5050,488421,0.507032,-0.180804,-0.806176,-2.2925,-6.4225,-2.1
5051,488518,0.500932,-0.175436,-0.8127641,-1.225,-7.8575,-1.82
5052,488614,0.491904,-0.180804,-0.816424,-0.3675,-9.485,-3.0625
5053,488711,0.491172,-0.168848,-0.811788,1.0325,-10.3775,-4.6025
5054,488808,0.49166,-0.16592,-0.816424,2.66,-9.3975,-5.5475
5055,488904,0.485316,-0.144204,-0.807152,4.5675,-7.735,-6.195
5056,489001,0.471652,-0.119804,-0.837408,7.875,-5.635,-6.5975
5057,489097,0.45872,-0.132492,-0.824964,11.7075,-2.0475,-5.705
5058,489194,0.50264,-0.150792,-0.83082,12.4775,1.085,-4.76
5059,489290,0.51606,-0.123464,-0.839116,13.4225,3.2725,-4.3925
5060,489387,0.526064,-0.164456,-0.807884,15.4,6.0375,-3.1675
5061,489484,0.525332,-0.177144,-0.813008,15.7325,7.4725,-2.8
5062,489580,0.507276,-0.175924,-0.81374,16.0475,8.645,-2.5725
5063,489677,0.503372,-0.193736,-0.8174001,16.6075,11.27,-2.6075
5064,489773,0.489952,-0.227896,-0.81252,16.0825,14.6125,-3.6225
5065,489870,0.508008,-0.219844,-0.807884,13.3525,18.1825,-5.8625
5066,489967,0.501176,-0.22204,-0.800808,10.9025,22.295,-7.6475
5067,490063,0.52826,-0.239364,-0.7978801,9.38,26.985,-8.7675
5068,490160,0.503616,-0.22814,-0.8364321,7.7525,33.4775,-9.6075
5069,490256,0.481412,-0.108092,-0.8703481,7.8575,40.845,-10.43
5070,490353,0.427488,-0.355752,-0.834968,14.3675,50.7675,-11.445
5071,490450,0.50264,-0.11712,-0.9106081,13.615,66.3425,-12.18
5072,490546,0.51118,-0.190076,-0.896212,17.5175,82.215,-11.97
5073,490643,0.5267961,-0.111996,-0.924028,18.095,98.63,-9.31
5074,490739,0.534604,-0.127368,-0.9140241,22.2775,114.59,-5.6
5075,490836,0.5355801,-0.08906,-0.919392,25.41,132.685,-1.0675
5076,490933,0.552172,-0.09150001,-0.9298841,29.82,153.1775,4.165
5077,491029,0.54534,-0.122976,-0.949648,37.0125,176.3825,8.7675
5078,491126,0.550952,-0.143472,-0.983808,46.3925,199.3775,10.9025
5079,491222,0.510692,-0.176168,-1.018456,57.9425,222.04,10.7275
5080,491319,0.471652,-0.196664,-1.06506,65.17,257.775,7.63
5081,491415,0.534116,-0.286944,-1.108492,76.44001,304.0625,-1.05
5082,491512,0.576816,-0.32086,-1.338584,88.935,354.9875,-14.07
5083,491609,1.054568,-0.5653481,-1.535492,108.1675,401.1175,-25.2
5084,491705,1.105564,-0.5736441,-1.525244,115.045,432.075,-42.8925
5085,491802,1.298812,-0.8149601,-1.600396,115.6225,453.3725,-76.30001
5086,491898,1.741184,-0.839116,-1.901492,121.24,465.57,-93.345
5087,491995,2.16062,-0.934764,-2.071072,139.7375,445.235,-97.58
5088,492092,1.941264,-1.02358,-2.176968,157.675,380.7125,-106.925
5089,492188,1.478396,-0.882304,-2.163304,167.09,287.56,-124.005
5090,492285,-0.8786441,-0.333792,-1.927356,145.81,168.9975,-141.505
5091,492381,1.485472,-1.258308,-3.089528,144.235,97.1775,-108.955
5092,492478,0.243756,-1.378112,-2.348744,101.885,9.905,-90.8775
5093,492575,-1.098,-0.964776,-1.181692,35.56,-123.1475,-110.04
5094,492671,0.022448,-0.696132,-1.563308,1.225,-71.6975,-108.4825
5095,492768,0.324764,-0.650016,-1.479616,6.93,-97.45749,-77.455
5096,492864,-0.008540001,-0.849852,-1.196088,19.7925,-149.555,-37.9925
5097,492961,0.124684,-0.9254921,-1.102148,7.77,-179.795,-10.6575
5098,493058,0.256932,-0.7327321,-1.045296,-25.5325,-208.0925,3.36
5099,493154,0.25864,-0.392596,-0.94672,-51.1525,-241.745,14.6825
5100,493251,0.179096,-0.188368,-0.776896,-54.8275,-268.9225,23.695
5101,493347,0.063928,-0.108336,-0.606096,-46.5675,-285.0925,27.4225
5102,493444,0.152988,-0.090036,-0.54778,-41.265,-287.5775,25.7425
5103,493541,0.292312,-0.16348,-0.5607121,-42.0525,-284.6725,19.075
5104,493637,0.444568,-0.232288,-0.621224,-47.915,-284.0425,11.83
5105,493734,0.406748,-0.247416,-0.623908,-51.5375,-284.515,15.9775
5106,493830,0.463112,-0.274988,-0.636352,-47.775,-277.095,32.1825
5107,493927,0.625616,-0.328424,-0.725656,-37.905,-260.9425,53.06
5108,494024,0.9272,-0.412604,-0.826916,-29.75,-252.245,73.7975
5109,494120,1.067988,-0.440176,-0.843264,-26.7925,-256.1475,92.1725
5110,494217,1.05896,-0.382104,-0.834236,-29.12,-263.9875,105.1225
5111,494313,1.058228,-0.32208,-0.8976761,-25.1125,-266.9975,111.8775
5112,494410,1.134356,-0.343308,-0.9967401,-11.3575,-266.4725,116.48
5113,494507,1.218292,-0.514352,-1.046516,5.6525,-267.785,122.5
5114,494603,1.291248,-0.6993041,-1.06262,12.4775,-269.0275,130.445
5115,494700,1.36762,-0.8095921,-0.9906401,4.9,-266.3675,143.4475
5116,494796,1.575996,-0.8759601,-0.921344,-9.0475,-255.57,160.5275
5117,494893,1.809748,-0.75274,-0.873764,-27.58,-241.1325,175.91
5118,494990,2.09596,-0.591212,-0.821792,-40.74,-227.1675,183.575
5119,495086,2.450492,-0.470432,-0.7327321,-48.755,-214.725,181.1425
5120,495183,2.807708,-0.261812,-0.542168,-53.795,-207.0425,168.455
5121,495279,2.967284,-0.08662001,-0.238632,-53.2175,-208.705,148.4525
5122,495376,3.119052,-0.058072,0.040748,-47.3375,-212.0125,125.3175
5123,495472,3.097336,-0.150792,0.32208,-46.97,-218.2075,99.17251
5124,495569,2.811856,-0.23546,1.068232,-53.2175,-224.245,65.275
5125,495666,2.677656,0.114924,1.570384,-64.2075,-185.7975,22.715
5126,495762,3.145404,-0.057096,1.756556,-28.385,-126.2625,9.6775
5127,495859,3.076352,-0.366488,2.18258,7.245,-77.8225,25.3225
5128,495955,3.278872,0.040992,2.74622,-0.1925,-6.1775,48.825
5129,496052,1.368596,0.628544,2.026664,-10.0975,99.75,74.3225
5130,496149,1.288564,0.2013,-3.174684,28.105,237.8425,85.68
5131,496245,0.356728,1.322236,-2.2387,-1.435,214.445,35.1575
5132,496342,1.264164,1.17364,-0.975512,2.9575,186.3925,-28.175
5133,496438,1.496452,-0.250588,-1.575264,75.88,195.3,-43.1375
5134,496535,0.592188,-0.477996,-0.859856,67.55001,153.335,-37.45
5135,496632,0.820084,-0.55998,-0.815204,60.5675,150.3425,-32.165
5136,496728,0.8086161,-0.451156,-0.8827921,52.01,146.4575,-25.6375
5137,496825,0.813496,-0.296216,-0.921588,39.0075,131.845,-33.985
5138,496921,0.887916,-0.458964,-0.853024,35.9625,120.82,-39.6025
5139,497018,1.089216,-0.9089001,-0.913292,20.3175,108.045,-48.7025
5140,497114,1.264652,-1.120204,-1.037976,-16.1525,80.9375,-52.57
5141,497211,0.832528,-0.223992,-0.876204,-58.3975,50.12,-43.47
5142,497308,0.8466801,-0.188856,-0.987956,-60.1475,28.42,-41.9475
5143,497404,0.649284,-0.306952,-0.8230121,-52.99,11.76,-35.315
5144,497501,0.71736,-0.166652,-0.9489161,-49.525,2.45,-30.345
5145,497597,0.571936,-0.169824,-0.857172,-44.03,-5.075,-27.3
5146,497694,0.582184,-0.227652,-0.868396,-34.9825,-8.75,-24.0275
5147,497791,0.552904,-0.123464,-0.863516,-28.9625,-5.5475,-17.465
5148,497887,0.526308,-0.168604,-0.837164,-20.1775,-3.325,-12.81
5149,497984,0.532652,-0.16958,-0.831552,-15.33,-2.2225,-9.87
5150,498080,0.508496,-0.175192,-0.820572,-10.9025,-1.8725,-7.56
5151,498177,0.51484,-0.174948,-0.82594,-6.5975,0.21,-4.935
5152,498273,0.499468,-0.14152,-0.823256,-3.535,1.9775,-3.64
5153,498370,0.520452,-0.191784,-0.799344,-0.105,2.835,-2.3275
5154,498467,0.530212,-0.208864,-0.783972,1.6625,3.115,-1.645
5155,498563,0.512888,-0.223504,-0.7856801,2.4325,1.5575,-1.9775
5156,498660,0.504836,-0.219844,-0.807152,3.8675,-0.4025,-2.52
5157,498756,0.494588,-0.248636,-0.781044,5.6525,-0.9975,-4.235
5158,498853,0.495564,-0.220088,-0.79544,6.72,-0.63,-7.0525
5159,498950,0.498248,-0.242292,-0.777384,6.825,0.1925,-9.9925
5160,499046,0.52338,-0.20862,-0.783728,5.7225,-0.035,-12.18
5161,499143,0.513132,-0.148352,-0.807396,5.075,-0.14,-12.81
5162,499239,0.528504,-0.179584,-0.815936,7.3675,2.6075,-10.78
5163,499336,0.53436,-0.156892,-0.797392,9.4325,5.075,-8.26
5164,499433,0.538996,-0.150304,-0.801784,9.905,7.385,-6.055
5165,499529,0.530456,-0.188612,-0.79666,11.4625,9.6425,-4.515
5166,499626,0.5309441,-0.231312,-0.77836,11.7775,12.3025,-4.4275
5167,499722,0.5172801,-0.22692,-0.798124,11.06,13.72,-5.845
5168,499819,0.50142,-0.241804,-0.8049561,10.3775,16.555,-7.3675
5169,499915,0.454816,-0.287432,-0.813984,10.1675,22.3475,-8.96
5170,500012,0.50752,-0.249856,-0.8188641,8.6275,30.695,-11.06
5171,500109,0.495564,-0.138836,-0.847412,9.2925,40.495,-13.86
5172,500205,0.497516,-0.339892,-0.828868,20.0375,49.175,-15.715
5173,500302,0.559248,-0.08759601,-0.871568,15.8025,62.685,-15.3125
5174,500398,0.571936,-0.2074,-0.858636,20.9475,75.6175,-13.3
5175,500495,0.580476,-0.103212,-0.881572,19.7925,87.43,-9.24
5176,500591,0.571204,-0.126636,-0.8845,21.945,101.29,-3.22
5177,500688,0.566812,-0.102724,-0.892308,24.7275,117.11,2.73
5178,500785,0.5511961,-0.129076,-0.903532,30.555,134.3475,8.3825
5179,500881,0.5743761,-0.154452,-0.9237841,37.24,153.58,13.2475
5180,500978,0.559004,-0.157624,-0.9391561,44.8525,173.3025,15.6625
5181,501074,0.532164,-0.160064,-0.989176,56.4375,194.9325,17.465
5182,501171,0.479216,-0.156892,-1.015284,68.8975,224.595,16.45
5183,501268,0.477996,-0.19154,-1.058472,83.02,263.9875,13.58
5184,501364,0.523136,-0.264008,-1.123864,100.24,312.7425,7.315
5185,501461,0.5690081,-0.28914,-1.303448,122.99,365.2425,-2.6075
5186,501557,1.225124,-0.513132,-1.442284,157.9375,411.565,-7.735
5187,501654,1.31882,-0.589016,-1.5799,178.8325,441.0175,-15.4875
5188,501751,1.457168,-0.680516,-1.75802,196.665,461.1425,-29.89
5189,501847,2.00812,-0.763476,-1.990796,224.21,464.625,-37.0825
5190,501944,2.145248,-0.82472,-2.013976,245.28,431.9,-49.7525
5191,502040,2.129632,-0.935252,-2.287256,242.8125,368.48,-77.6825
5192,502137,1.306132,-0.7088201,-2.123044,223.755,256.4275,-109.8475
5193,502233,-0.915244,-0.165432,-2.247972,192.7975,137.76,-128.9225
5194,502330,2.279204,-1.301252,-3.239588,177.695,71.5575,-143.29
5195,502427,-0.007076001,-0.979416,-2.175504,102.0425,-62.055,-187.145
5196,502523,-0.733464,-0.843996,-1.28832,48.965,-159.7225,-211.0325
5197,502620,0.22082,-1.012844,-1.472784,30.52,-114.8525,-195.09
5198,502716,0.264496,-1.144848,-1.241228,19.3725,-143.36,-147.28
5199,502813,0.01098,-1.242936,-1.018212,-0.455,-176.4875,-94.65751
5200,502910,0.175436,-1.192672,-0.987224,-32.8475,-193.5675,-49.8925
5201,503006,0.288408,-0.942572,-0.953308,-66.955,-213.57,-14.7875
5202,503103,0.276696,-0.673196,-0.852536,-86.8,-241.1325,16.4325
5203,503200,0.186172,-0.450912,-0.714432,-89.705,-264.985,39.0425
5204,503296,0.086864,-0.30744,-0.560468,-83.09001,-279.475,49.91
5205,503393,0.100772,-0.213988,-0.48678,-76.86,-283.465,49.0875
5206,503489,0.23668,-0.199348,-0.486536,-74.0075,-281.575,37.0475
5207,503586,0.40504,-0.224968,-0.5248441,-72.8,-281.82,18.2875
5208,503682,0.505324,-0.305244,-0.590968,-66.7625,-284.445,4.5675
5209,503779,0.44896,-0.357704,-0.510692,-58.5725,-286.79,5.355
5210,503876,0.523868,-0.457744,-0.557784,-46.0425,-276.6575,16.5025
5211,503972,0.853512,-0.567544,-0.738588,-30.1525,-262.7975,32.6725
5212,504069,0.9608721,-0.64172,-0.7956841,-14.1575,-266.7,53.4275
5213,504165,0.966728,-0.609512,-0.776408,-3.7625,-275.9925,73.08
5214,504262,0.989908,-0.436028,-0.8047121,7.8575,-278.88,84.525
5215,504359,1.15412,-0.31964,-0.891576,28.9275,-279.1775,85.62751
5216,504455,1.33834,-0.382592,-0.9516,58.17,-284.7775,82.6525
5217,504552,1.467904,-0.6131721,-0.974292,83.80751,-294.28,81.69001
5218,504648,1.544032,-0.911584,-0.9145121,92.8025,-300.8425,89.5475
5219,504745,1.708488,-1.217316,-0.822524,82.4775,-298.655,109.7775
5220,504842,1.891244,-1.370548,-0.691252,54.425,-286.055,141.54
5221,504938,2.071072,-1.017236,-0.643672,18.585,-264.0225,181.02
5222,505035,2.317268,-0.534848,-0.585844,-5.3725,-235.165,217.9625
5223,505131,2.727676,-0.058804,-0.512644,-15.995,-208.7575,235.27
5224,505228,3.150772,0.350384,-0.326716,-22.1375,-190.575,232.7325
5225,505325,3.308152,0.540948,-0.077348,-33.4775,-190.2775,207.865
5226,505421,3.421124,0.263276,0.41602,-59.15,-195.93,161.1925
5227,505518,3.139548,0.515328,1.233908,-120.2425,-189.035,88.44501
5228,505614,3.268136,1.044808,1.523048,-152.4425,-155.085,19.32
5229,505711,3.22812,0.648308,2.219912,-83.51001,-108.465,-1.89
5230,505808,3.413072,-0.13542,3.01706,19.985,-50.9775,16.73
5231,505904,3.033164,0.264984,3.345484,17.325,76.545,48.3875
5232,506001,1.00528,0.203252,-1.63114,32.48,217.1575,65.66
5233,506098,1.248792,0.459696,-3.487492,24.6225,285.0575,30.45
5234,506194,1.599664,1.271972,-1.102392,-35.49,204.785,-33.005
5235,506291,1.486448,-0.127612,-1.462536,34.7725,200.1825,-46.1825
5236,506387,0.448472,-0.287676,-0.99552,44.6425,172.0075,-33.1975
5237,506484,0.563396,-0.17568,-0.6653881,32.41,162.8725,-34.2825
5238,506581,0.9572121,-0.3233,-0.9006041,43.19,170.0825,-37.3625
5239,506677,1.282464,-0.616588,-0.967704,37.2575,151.375,-50.7325
5240,506774,1.238788,-1.386652,-1.179252,11.0075,120.5925,-65.1
5241,506870,1.42862,-0.663436,-0.993812,-49.3675,76.2125,-59.22
5242,506967,0.8388721,0.116632,-1.083604,-76.79,39.9875,-53.515
5243,507064,0.906704,-0.367952,-0.820572,-55.5975,27.755,-38.85
5244,507160,0.741272,-0.160552,-0.959408,-47.3725,7.49,-29.505
5245,507257,0.610976,-0.22814,-0.86864,-40.0225,1.12,-20.86
5246,507353,0.5795,-0.173728,-0.873764,-27.9825,0.7,-15.085
5247,507450,0.537776,-0.143472,-0.858148,-22.015,0.455,-11.6725
5248,507546,0.534604,-0.185928,-0.840336,-14.315,0.2275,-9.345
5249,507643,0.541192,-0.129808,-0.8513161,-9.1875,1.26,-6.3175
5250,507740,0.52582,-0.154696,-0.8425321,-1.3825,3.255,-1.8725
5251,507836,0.507276,-0.176656,-0.829356,4.48,4.69,1.9425
5252,507933,0.526308,-0.263032,-0.7849481,8.9425,6.0725,3.1675
5253,508029,0.529968,-0.215452,-0.853512,3.29,3.64,1.575
5254,508126,0.535336,-0.226432,-0.77226,0.49,-0.0875,0.2275
5255,508223,0.517768,-0.216184,-0.807396,9.4675,2.8525,0.0
5256,508319,0.516792,-0.243512,-0.799588,11.27,3.29,-0.8575
5257,508416,0.521916,-0.265716,-0.7808001,13.02,5.1275,-3.29
5258,508512,0.513864,-0.280844,-0.760304,13.2125,4.7075,-6.9475
5259,508609,0.524112,-0.26718,-0.743468,10.99,3.745,-10.6225
5260,508706,0.5368,-0.244244,-0.731268,7.315,2.625,-12.88
5261,508802,0.529968,-0.206912,-0.751276,4.0425,1.0325,-13.6325
5262,508899,0.522892,-0.196664,-0.773724,2.135,1.015,-14.1925
5263,508995,0.525088,-0.190564,-0.79056,1.2425,2.6775,-14.49
5264,509092,0.5355801,-0.201056,-0.783484,0.9625,4.3225,-14.1575
5265,509189,0.525088,-0.215208,-0.787632,1.6625,6.65,-13.615
5266,509285,0.529724,-0.237656,-0.7795801,1.89,9.94,-13.7725
5267,509382,0.537044,-0.238876,-0.776896,1.8025,12.1625,-15.225
5268,509478,0.554368,-0.216916,-0.777872,1.5925,14.6125,-16.0125
5269,509575,0.532164,-0.227164,-0.7903161,2.5725,16.905,-16.1525
5270,509672,0.52826,-0.222284,-0.8025161,4.2175,20.7025,-15.995
5271,509768,0.490928,-0.195932,-0.8100801,6.3525,26.7225,-16.765
5272,509865,0.493124,-0.247904,-0.801052,12.6175,35.035,-18.6725
5273,509961,0.5363121,-0.29646,-0.8193521,13.895,46.13,-20.265
5274,510058,0.5926761,-0.183732,-0.833016,10.0275,54.6525,-21.105
5275,510155,0.6131721,-0.17812,-0.837408,16.2925,63.84,-18.6375
5276,510251,0.609268,-0.133224,-0.849608,17.045,75.46,-13.195
5277,510348,0.597068,-0.118828,-0.8591241,18.5325,88.32251,-6.51
5278,510445,0.593652,-0.082472,-0.875472,20.6325,102.48,2.3975
5279,510541,0.5917,-0.131272,-0.8852321,26.6,118.9825,10.465
5280,510638,0.572912,-0.140544,-0.903288,33.0575,137.3575,16.3275
5281,510734,0.548268,-0.159332,-0.9403761,40.565,157.1325,19.25
5282,510831,0.515572,-0.151036,-0.9972281,51.205,180.3025,21.9275
5283,510927,0.496052,-0.145668,-1.041148,64.41751,210.875,22.54
5284,511024,0.46116,-0.182512,-1.067744,79.1175,250.5475,21.315
5285,511121,0.430904,-0.230092,-1.100196,96.4075,299.495,17.4825
5286,511217,0.561444,-0.298656,-1.213168,116.5325,356.7025,8.47
5287,511314,0.973316,-0.49654,-1.571848,147.56,410.9525,-1.6625
5288,511410,1.464,-0.637816,-1.693116,173.3725,449.7325,-13.335
5289,511507,1.42252,-0.8052,-1.803648,194.2675,471.59,-29.3825
5290,511604,1.998848,-0.86498,-2.068632,222.005,479.7275,-44.625
5291,511700,2.217716,-0.8845,-2.068144,243.355,447.2475,-59.7275
5292,511797,2.224792,-1.017236,-2.367776,251.58,376.6175,-86.04751
5293,511893,1.372744,-0.756644,-2.190876,238.525,257.6175,-118.7725
5294,511990,-1.13216,-0.09613601,-2.202344,209.7375,132.3525,-140.525
5295,512087,2.217716,-1.441064,-3.35134,197.68,67.6725,-154.3675
5296,512183,0.085888,-1.322968,-2.203076,112.63,-59.9375,-187.95
5297,512280,-0.8476561,-1.095072,-1.261236,36.225,-173.6175,-209.2125
5298,512376,0.145668,-1.13094,-1.46278,3.99,-120.925,-183.47
5299,512473,0.133224,-1.097512,-1.23464,-10.2025,-143.815,-126.0
5300,512570,-0.174948,-1.050908,-0.9962521,-19.9675,-173.4425,-68.075
5301,512666,-0.006344,-0.898408,-0.9635561,-34.09,-184.73,-22.7675
5302,512763,0.138348,-0.6558721,-0.906948,-47.11,-200.3925,9.5025
5303,512859,0.165676,-0.477508,-0.85034,-52.3075,-225.365,33.7575
5304,512956,0.220088,-0.315736,-0.7754321,-53.4275,-249.6375,46.9525
5305,513052,0.207888,-0.156404,-0.701012,-56.35,-271.53,46.55
5306,513149,0.184708,0.002684,-0.6409881,-61.845,-290.85,34.0025
5307,513246,0.32818,0.069052,-0.6075601,-61.2325,-301.245,14.105
5308,513342,0.472628,-0.015372,-0.618052,-49.595,-307.5975,-4.1825
5309,513439,0.458476,-0.163968,-0.520452,-33.145,-312.6725,-9.695
5310,513535,0.49898,-0.379908,-0.501176,-19.6875,-307.615,-2.1175
5311,513632,0.639036,-0.47214,-0.6600201,-16.9925,-291.515,13.685
5312,513729,0.945256,-0.488,-0.8276481,-12.9675,-280.0875,35.3325
5313,513825,1.067012,-0.512644,-0.83692,-2.7825,-282.485,61.53
5314,513922,1.02602,-0.5206961,-0.774212,3.605,-288.295,83.02
5315,514018,1.093608,-0.480436,-0.8271601,5.915,-283.85,96.25
5316,514115,1.1834,-0.519964,-0.9208561,12.7575,-278.39,104.23
5317,514212,1.24806,-0.6753921,-0.954284,20.65,-275.73,112.595
5318,514308,1.315648,-0.768844,-0.90646,19.46,-268.03,125.4225
5319,514405,1.522072,-0.892552,-0.83936,10.9375,-253.12,143.4475
5320,514502,1.843176,-0.951112,-0.77226,-5.46,-233.695,165.41
5321,514598,2.19234,-0.660752,-0.798368,-26.67,-212.87,188.4575
5322,514695,2.71572,-0.50508,-0.80276,-35.28,-195.2475,206.815
5323,514791,3.191276,-0.328424,-0.634644,-43.2425,-191.5725,213.3425
5324,514888,3.493836,-0.195444,-0.30134,-57.4,-203.4025,207.375
5325,514985,3.390624,-0.0854,0.124928,-84.8225,-226.1,185.5175
5326,515081,3.063176,0.03416,0.439688,-119.8925,-239.6625,148.05
5327,515178,2.824544,0.29768,1.282708,-144.5325,-233.45,92.69751
5328,515274,2.922876,0.654652,1.66042,-133.84,-185.7275,35.035
5329,515371,2.936296,0.011468,2.118408,-35.4375,-138.775,23.8875
5330,515468,3.102948,-0.5736441,2.571272,28.14,-76.5275,40.74
5331,515564,3.115636,0.03416,3.000956,6.16,20.6325,64.9075
5332,515661,1.742648,0.466528,1.939068,17.815,152.0575,98.2275
5333,515757,1.61284,0.04026,-3.641456,74.2,279.8775,101.3075
5334,515854,1.241228,1.364692,-2.256756,15.82,233.87,44.3625
5335,515951,1.314184,0.862784,-0.9340321,16.275,171.43,-26.215
5336,516047,1.013576,-0.614392,-1.281488,83.5625,173.705,-40.11
5337,516144,0.397232,-0.5363121,-0.609268,56.1225,145.6175,-27.265
5338,516240,0.945256,-0.4575,-0.82472,49.0,163.4675,-19.7225
5339,516337,0.9052401,-0.240828,-0.88328,37.2925,150.5175,-29.575
5340,516434,1.167296,-0.754692,-1.031632,19.635,134.05,-57.2775
5341,516530,1.737036,-1.493768,-1.015772,-8.12,93.485,-63.665
5342,516627,0.5843801,-0.24644,-0.849852,-73.97251,39.34,-52.7275
5343,516723,1.098976,-0.029768,-1.063596,-67.48001,32.55,-44.485
5344,516820,0.6649,-0.419436,-0.7856801,-53.0075,6.3,-37.3975
5345,516917,0.6980841,-0.132248,-0.968924,-52.71,3.115,-29.1025
5346,517013,0.613416,-0.236192,-0.849608,-42.945,-6.93,-27.02
5347,517110,0.5511961,-0.196176,-0.833504,-36.855,-11.2875,-24.5525
5348,517206,0.529968,-0.12932,-0.874252,-30.415,-9.3275,-20.3
5349,517303,0.530212,-0.174216,-0.8559521,-20.7725,-5.0925,-14.7525
5350,517400,0.55022,-0.127124,-0.8410681,-14.6475,-2.555,-11.3225
5351,517496,0.515572,-0.16958,-0.87718,-10.6225,0.42,-7.49
5352,517593,0.494344,-0.186416,-0.816668,-5.5825,1.995,-3.885
5353,517689,0.530212,-0.211548,-0.8149601,0.07,2.31,-1.085
5354,517786,0.526064,-0.224968,-0.780556,1.9075,2.8875,-0.805
5355,517883,0.52338,-0.202276,-0.787632,2.1175,1.82,-1.645
5356,517979,0.53192,-0.189344,-0.79178,2.4325,0.14,-2.31
5357,518076,0.508252,-0.18666,-0.804224,3.5175,-2.5725,-2.6425
5358,518172,0.490684,-0.212768,-0.816668,5.4075,-3.395,-3.5875
5359,518269,0.51606,-0.269132,-0.77836,6.5975,-2.275,-5.775
5360,518366,0.508984,-0.249612,-0.748592,4.4625,-2.03,-9.0125
5361,518462,0.515572,-0.216428,-0.7754321,1.3125,-3.43,-12.0925
5362,518559,0.517036,-0.204228,-0.78812,-0.7875,-5.18,-14.035
5363,518655,0.503372,-0.196664,-0.788364,-1.995,-5.18,-14.525
5364,518752,0.529968,-0.170068,-0.803248,-2.2225,-3.78,-14.315
5365,518849,0.532164,-0.15738,-0.8239881,0.1225,-1.7325,-12.8975
5366,518945,0.5309441,-0.183732,-0.80154,3.71,0.9975,-10.4825
5367,519042,0.53314,-0.194712,-0.794952,5.04,4.97,-9.3625
5368,519138,0.516304,-0.19764,-0.8127641,6.16,8.2775,-8.9775
5369,519235,0.518744,-0.203984,-0.803492,6.825,12.11,-8.82
5370,519332,0.471164,-0.216672,-0.812032,7.42,17.395,-8.995
5371,519428,0.488732,-0.249124,-0.805688,7.98,25.515,-9.5725
5372,519525,0.488488,-0.271084,-0.8113001,9.9925,33.7925,-13.65
5373,519621,0.464088,-0.276208,-0.834724,12.1625,41.37,-18.7425
5374,519718,0.531676,-0.109068,-0.8769361,10.045,52.01,-20.6675
5375,519815,0.545584,-0.162992,-0.8596121,16.1525,65.8,-18.8475
5376,519911,0.596092,-0.06880801,-0.875716,18.795,77.6125,-15.6975
5377,520008,0.589016,-0.056852,-0.889136,20.09,90.7375,-9.4325
5378,520104,0.551928,-0.08759601,-0.891576,22.925,106.435,-0.9275
5379,520201,0.551684,-0.10248,-0.927932,25.9,125.93,6.79
5380,520298,0.534604,-0.165188,-0.9489161,32.4275,147.4025,11.5325
5381,520394,0.5267961,-0.196908,-0.959408,40.215,171.255,12.6525
5382,520491,0.512156,-0.201788,-1.009428,48.965,194.425,11.7775
5383,520588,0.463844,-0.216672,-1.055056,58.6425,223.65,9.485
5384,520684,0.419924,-0.259372,-1.075552,69.895,264.4775,2.7125
5385,520781,0.523624,-0.30988,-1.080432,81.4275,314.86,-8.225
5386,520877,0.64294,-0.368928,-1.290028,100.1,368.34,-21.175
5387,520974,1.291248,-0.590236,-1.536956,122.185,413.945,-35.77
5388,521071,1.479372,-0.562664,-1.654076,130.62,438.62,-54.7225
5389,521167,1.295152,-0.715896,-1.865624,143.7975,449.82,-72.6775
5390,521264,2.02764,-0.7937321,-2.097912,174.5625,450.975,-73.3425
5391,521360,1.72996,-0.590724,-1.84586,190.4175,410.7775,-80.2375
5392,521457,1.790472,-0.846436,-2.16306,196.84,352.0475,-108.115
5393,521554,1.072136,-0.74786,-1.877824,199.43,251.9475,-132.09
5394,521650,-0.85156,0.021228,-2.139636,177.1175,144.1825,-143.43
5395,521747,2.38632,-1.429352,-3.14638,181.72,86.7475,-150.815
5396,521843,-0.337696,-1.17242,-1.75558,112.875,-75.9675,-167.51
5397,521940,-0.9037761,-0.8957241,-1.048468,53.9175,-136.885,-166.95
5398,522037,0.179584,-0.723948,-1.336388,26.0225,-84.2975,-147.945
5399,522133,0.240096,-0.792756,-1.18584,31.9375,-107.8525,-99.38251
5400,522230,0.05856,-0.974048,-1.01382,34.2475,-144.06,-50.1725
5401,522327,0.184464,-0.993568,-1.000888,8.8025,-166.0925,-16.1525
5402,522423,0.26108,-0.737856,-0.978684,-30.2925,-190.575,5.53
5403,522520,0.277428,-0.438956,-0.9037761,-54.95,-219.0475,25.13
5404,522616,0.156404,-0.233752,-0.75274,-58.5375,-244.65,41.3175
5405,522713,0.081984,-0.161772,-0.621468,-50.8725,-260.0675,49.8225
5406,522809,0.08637601,-0.11346,-0.559736,-45.4475,-265.86,50.68
5407,522906,0.210572,-0.135908,-0.579988,-46.55,-266.98,42.455
5408,523003,0.387228,-0.099552,-0.6463561,-52.9025,-267.6275,27.8775
5409,523099,0.5016641,-0.134688,-0.689056,-51.5025,-273.875,18.025
5410,523196,0.43554,-0.212036,-0.652212,-41.685,-280.525,19.0575
5411,523292,0.383324,-0.236436,-0.580476,-32.0775,-277.06,27.1075
5412,523389,0.592188,-0.360144,-0.765184,-20.755,-258.1775,35.6475
5413,523486,0.9186601,-0.389668,-0.8827921,-10.7975,-250.4775,46.2875
5414,523582,1.071404,-0.46482,-0.844484,-4.97,-259.665,60.06
5415,523679,0.9921041,-0.401136,-0.803492,-2.6075,-267.5925,70.4375
5416,523775,1.007232,-0.3233,-0.8388721,6.65,-265.0025,75.8975
5417,523872,1.148264,-0.359656,-0.924028,29.435,-257.6,81.095
5418,523969,1.303448,-0.593652,-0.947208,57.68,-254.1525,90.405
5419,524065,1.403488,-0.869616,-0.887916,70.385,-251.3,105.2975
5420,524162,1.562576,-1.081652,-0.8476561,63.175,-241.6925,125.09
5421,524258,1.785836,-1.255868,-0.788364,43.505,-226.24,147.875
5422,524355,2.047892,-1.335412,-0.720532,18.9,-208.1975,173.32
5423,524451,2.343376,-1.080432,-0.57706,-6.895,-189.4025,199.85
5424,524548,2.65838,-0.4758,-0.553392,-22.7325,-170.7125,224.9625
5425,524645,3.208112,-0.155672,-0.432612,-13.1425,-160.125,241.7625
5426,524741,3.491884,-0.199348,-0.178364,-18.9175,-174.055,234.6225
5427,524838,3.461384,0.009272001,0.143716,-68.0225,-204.2075,203.7875
5428,524934,3.063176,-0.07832401,0.9718521,-122.5525,-232.855,154.0
5429,525031,2.378268,0.883036,1.765096,-180.88,-211.2075,81.795
5430,525128,3.2147,1.184864,1.785592,-124.355,-141.435,42.8925
5431,525224,3.43674,-0.2623,2.44488,12.5475,-95.8475,49.035
5432,525321,2.891888,0.166652,3.3062,-9.94,-37.4675,50.8375
5433,525417,1.478396,1.279536,2.43634,-60.655,95.8125,61.1625
5434,525514,1.205604,0.414068,-3.384036,36.0325,266.385,72.1525
5435,525611,0.8476561,1.642364,-2.192584,-5.7575,237.7725,8.4525
5436,525707,1.5067,1.058228,-0.957456,6.2125,201.7225,-59.8675
5437,525804,1.43472,-0.604876,-1.464488,82.705,205.6775,-59.5
5438,525900,0.537776,-0.700036,-0.735416,55.93,170.4675,-45.5175
5439,525997,0.852048,-0.501176,-0.746152,38.745,175.42,-37.7475
5440,526093,1.154852,-0.284992,-0.979416,33.04,170.1525,-36.89
5441,526190,1.42374,-0.924028,-1.431304,19.6525,142.8,-58.0825
5442,526287,1.652612,-1.141432,-0.883036,-30.3975,85.41751,-63.035
5443,526383,0.78202,-0.280356,-0.9803921,-81.74251,24.4825,-55.37
5444,526480,1.145824,0.064416,-1.145336,-74.97,25.8475,-41.825
5445,526576,0.6558721,-0.213744,-0.8378961,-41.1075,-3.08,-31.36
5446,526673,0.607072,-0.172752,-0.855708,-35.63,-1.9425,-19.915
5447,526770,0.5655921,-0.243512,-0.847412,-26.775,-2.59,-16.6075
5448,526866,0.532408,-0.179096,-0.8230121,-23.5025,-2.8525,-15.61
5449,526963,0.49288,-0.200812,-0.815936,-19.4075,-3.5525,-14.875
5450,527059,0.539972,-0.195688,-0.8108121,-16.3975,-3.22,-15.015
5451,527156,0.557784,-0.160796,-0.8261841,-14.665,-3.4475,-13.615
5452,527252,0.526552,-0.20008,-0.8271601,-7.7875,-5.7575,-10.115
5453,527349,0.534604,-0.183976,-0.821304,-2.555,-3.5175,-6.86
5454,527446,0.549,-0.139812,-0.801052,0.8225,-0.4725,-4.585
5455,527542,0.556808,-0.169092,-0.792268,3.1325,-0.2275,-2.6075
5456,527639,0.527528,-0.15494,-0.8091041,4.55,-0.98,-1.4
5457,527735,0.533628,-0.16714,-0.801784,6.2825,-0.315,-0.6475
5458,527832,0.526308,-0.225456,-0.794708,7.5425,-0.105,-0.945
5459,527928,0.528504,-0.263276,-0.772992,7.0525,-0.595,-2.87
5460,528025,0.548024,-0.208132,-0.772016,4.9875,-2.31,-5.0575
5461,528122,0.54534,-0.186172,-0.7761641,4.375,-5.32,-5.845
5462,528218,0.512644,-0.181048,-0.788364,4.795,-7.6125,-5.6525
5463,528315,0.502152,-0.17202,-0.8132521,4.97,-7.0175,-5.0575
5464,528411,0.496784,-0.238632,-0.792756,6.685,-4.3225,-5.215
5465,528508,0.524112,-0.210328,-0.788608,5.6175,-1.5925,-6.615
5466,528605,0.549244,-0.197884,-0.78446,4.725,-0.805,-8.155
5467,528701,0.5246,-0.176412,-0.79666,4.8475,1.2775,-8.3475
5468,528798,0.525576,-0.188368,-0.807884,6.4225,3.6925,-7.945
5469,528894,0.516304,-0.169824,-0.8086161,7.665,7.875,-7.42
5470,528991,0.519232,-0.182268,-0.8113001,9.6425,12.25,-7.1225
5471,529088,0.48434,-0.205936,-0.8188641,12.1625,17.99,-6.8075
5472,529184,0.483364,-0.23912,-0.807884,14.595,25.1125,-7.98
5473,529281,0.500444,-0.264496,-0.801296,16.1,34.5975,-11.2175
5474,529377,0.420656,-0.241316,-0.835212,16.66,43.7675,-15.155
5475,529474,0.557296,-0.141764,-0.8574161,14.1575,55.16,-17.0975
5476,529571,0.529968,-0.211792,-0.846436,20.3875,67.9175,-16.0475
5477,529667,0.57584,-0.122,-0.884012,20.9125,81.60251,-13.16
5478,529764,0.569252,-0.130296,-0.885964,22.89,96.3725,-8.5925
5479,529860,0.560224,-0.108092,-0.880352,23.4325,110.845,-3.955
5480,529957,0.5648601,-0.077836,-0.904508,26.3025,128.205,1.5225
5481,530054,0.559248,-0.099308,-0.930128,33.46,148.4875,8.12
5482,530150,0.565836,-0.111996,-0.959896,42.1925,171.01,13.4925
5483,530247,0.539972,-0.146156,-0.999668,53.4275,192.8325,17.8675
5484,530343,0.493124,-0.121268,-1.112152,65.0475,221.83,20.335
5485,530440,0.400892,-0.170556,-1.090436,83.4225,261.1875,20.335
5486,530536,0.474092,-0.208376,-1.128744,102.165,312.655,17.4825
5487,530633,0.56974,-0.274012,-1.216584,128.1175,369.5475,12.215
5488,530730,0.897188,-0.350628,-1.600884,164.2725,421.5575,7.945
5489,530826,1.219756,-0.510448,-1.542812,200.9525,452.3575,0.14
5490,530923,1.699216,-0.701988,-1.722396,228.2175,472.885,-13.895
5491,531019,2.05082,-0.77592,-2.020076,257.0925,476.5425,-16.4675
5492,531116,2.447564,-0.823256,-1.951268,281.505,437.22,-31.815
5493,531213,2.204052,-0.93086,-2.342888,276.4825,357.175,-62.965
5494,531309,1.489376,-0.615368,-2.250168,265.685,230.3875,-98.7
5495,531406,-1.34444,-0.2196,-2.388272,248.2725,94.93751,-116.2525
5496,531502,2.021784,-1.275388,-3.195912,223.4925,5.11,-124.5475
5497,531599,-0.236924,-1.220244,-2.05204,121.6425,-93.9225,-179.55
5498,531696,-0.797148,-0.798856,-1.282708,35.0,-187.7575,-213.8325
5499,531792,0.337208,-0.825208,-1.561112,12.635,-139.125,-192.1675
5500,531889,0.144448,-1.015528,-1.257576,14.035,-180.0225,-141.575
5501,531985,-0.06588,-1.124352,-1.042368,3.64,-212.8875,-91.9275
5502,532082,0.119804,-0.932324,-0.9845401,-25.7425,-227.99,-50.5925
5503,532179,0.091988,-0.555832,-0.866932,-51.975,-247.52,-17.395
5504,532275,0.077104,-0.235948,-0.748836,-55.6675,-262.43,11.06
5505,532372,0.059536,-0.061488,-0.639524,-42.035,-270.3925,30.1875
5506,532468,0.093696,-0.042212,-0.583648,-27.895,-273.63,37.73
5507,532565,0.263276,-0.06466001,-0.633912,-27.7375,-274.3825,33.6525
5508,532662,0.421632,-0.050508,-0.68808,-38.3075,-279.5275,20.51
5509,532758,0.48068,-0.048556,-0.726388,-47.5125,-289.555,4.97
5510,532855,0.36234,-0.029768,-0.670512,-48.195,-296.87,-1.6625
5511,532951,0.452132,-0.08881599,-0.7198,-35.2275,-288.6275,2.2575
5512,533048,0.77348,-0.208132,-0.8447281,-12.4075,-273.9975,14.77
5513,533144,1.01992,-0.332572,-0.876204,11.1475,-272.265,35.4375
5514,533241,0.970632,-0.438956,-0.772504,22.5225,-282.1175,56.63
5515,533338,0.91988,-0.408456,-0.7373681,22.2075,-280.3675,71.61
5516,533434,0.9618481,-0.385764,-0.789828,25.305,-269.5175,80.90251
5517,533531,1.020652,-0.506056,-0.8679081,36.505,-256.83,90.37001
5518,533627,1.109468,-0.71126,-0.916464,45.675,-244.545,102.4975
5519,533724,1.306132,-0.8522921,-0.8991401,44.205,-227.71,121.1875
5520,533821,1.588196,-1.01016,-0.8447281,33.5475,-209.8075,144.27
5521,533917,1.919548,-1.202432,-0.788608,12.8275,-193.1825,167.5975
5522,534014,2.270176,-1.190476,-0.70394,-19.88,-181.1425,187.6525
5523,534110,2.608604,-0.724436,-0.670024,-53.34,-170.625,206.3775
5524,534207,3.255204,-0.488732,-0.6649,-62.195,-165.1825,220.9375
5525,534304,3.729296,-0.31476,-0.381372,-69.1775,-184.065,224.175
5526,534400,3.499448,-0.180072,0.165432,-100.695,-232.5575,207.4625
5527,534497,3.058784,-0.09589201,0.445544,-147.35,-261.6775,165.8125
5528,534593,2.842112,0.647576,1.568188,-189.595,-257.215,95.02501
5529,534690,2.805512,1.124596,1.898564,-159.705,-202.5275,28.77
5530,534787,3.457724,-0.276208,2.395348,-0.0525,-139.615,29.855
5531,534883,3.20006,-0.491172,3.27448,42.42,-83.52751,44.345
5532,534980,2.963868,0.335256,3.848612,-8.1725,48.65,58.9225
5533,535076,1.4457,0.112484,-1.800232,45.0625,226.555,80.71
5534,535173,1.424716,0.7666481,-3.592412,49.2975,256.7075,53.585
5535,535269,1.215852,1.502552,-1.034804,-24.64,162.2425,-20.1425
5536,535366,1.293444,-0.287432,-1.338096,57.855,170.3625,-50.1025
5537,535463,0.349652,-0.467748,-0.800076,58.6075,141.7675,-38.01
5538,535559,0.6348881,-0.388204,-0.713944,44.7475,145.0575,-28.7
5539,535656,0.7324881,-0.234728,-0.826916,42.595,154.07,-29.26
5540,535752,0.863028,-0.304756,-0.90768,32.2875,139.7725,-46.865
5541,535849,1.312232,-1.067012,-1.151192,23.4675,129.99,-63.4025
5542,535946,1.475468,-1.24562,-0.91378,-25.0425,79.7475,-63.3675
5543,536042,0.678076,-0.13298,-0.976488,-75.845,38.115,-49.035
5544,536139,0.9254921,-0.150304,-0.9469641,-65.8,31.71,-42.3675
5545,536235,0.640012,-0.397232,-0.813008,-53.7075,1.96,-37.7475
5546,536332,0.706136,-0.038308,-0.979416,-54.11,5.6,-27.8775
5547,536429,0.6161,-0.17568,-0.8740081,-34.615,-4.9525,-21.84
5548,536525,0.5309441,-0.12688,-0.86498,-26.355,-3.5875,-14.7525
5549,536622,0.526552,-0.171044,-0.8615641,-18.0425,-3.4475,-10.6575
5550,536718,0.529724,-0.183732,-0.835456,-12.145,-1.3125,-8.0325
5551,536815,0.539484,-0.134688,-0.827404,-8.5925,-0.3325,-6.02
5552,536912,0.514352,-0.16714,-0.835212,-3.5875,-0.98,-2.3625
5553,537008,0.513376,-0.189832,-0.8322841,1.1375,0.455,0.77
5554,537105,0.495076,-0.229116,-0.7951961,5.1625,0.8575,0.6475
5555,537201,0.504836,-0.214232,-0.785192,5.88,-0.245,-1.2075
5556,537298,0.51606,-0.234484,-0.791292,6.6675,-0.63,-3.185
5557,537394,0.5023961,-0.2074,-0.798124,6.58,-1.7675,-4.2175
5558,537491,0.506056,-0.197396,-0.811056,7.525,-1.5925,-4.6375
5559,537588,0.478972,-0.223992,-0.801784,9.555,1.855,-5.775
5560,537684,0.490196,-0.269132,-0.764452,11.1475,5.6875,-8.33
5561,537781,0.509228,-0.256932,-0.748836,9.9925,6.475,-11.83
5562,537877,0.5185,-0.221064,-0.769576,6.335,5.0225,-14.07
5563,537974,0.517036,-0.194712,-0.794952,3.9025,2.8175,-14.1225
5564,538071,0.515816,-0.18422,-0.8049561,3.4475,3.815,-13.8075
5565,538167,0.545096,-0.196664,-0.787876,3.4125,5.5825,-13.51
5566,538264,0.538508,-0.175436,-0.795928,2.975,7.0175,-13.0025
5567,538360,0.53924,-0.188612,-0.8030041,3.5525,8.1025,-12.0575
5568,538457,0.528016,-0.20984,-0.8020281,4.7075,9.38,-12.0925
5569,538554,0.507276,-0.222528,-0.8049561,4.5325,12.4775,-12.88
5570,538650,0.512888,-0.238632,-0.798368,4.6725,16.94,-13.93
5571,538747,0.483608,-0.225456,-0.8091041,4.2875,22.8375,-15.3825
5572,538843,0.510448,-0.235704,-0.826672,6.8425,30.695,-16.5375
5573,538940,0.491172,-0.28548,-0.8296,12.6,36.855,-20.1775
5574,539037,0.526308,-0.13542,-0.8698601,11.1475,45.9025,-22.715
5575,539133,0.567056,-0.174216,-0.85644,13.93,59.1325,-20.7025
5576,539230,0.57096,-0.115412,-0.863516,21.07,70.875,-16.765
5577,539326,0.567788,-0.087108,-0.9042641,21.455,86.5375,-10.2375
5578,539423,0.542168,-0.111508,-0.9089001,24.4825,104.5975,-2.5725
5579,539520,0.543388,-0.099308,-0.927688,26.355,125.335,4.0075
5580,539616,0.533628,-0.09906401,-0.959896,32.165,147.805,8.8025
5581,539713,0.516792,-0.11712,-0.975512,40.9675,172.13,12.3025
5582,539809,0.527284,-0.160308,-1.009916,51.45,196.945,15.75
5583,539906,0.46116,-0.141276,-1.059448,62.685,227.955,16.0475
5584,540002,0.437004,-0.152256,-1.075796,78.1725,268.1525,13.0025
5585,540099,0.48922,-0.25132,-1.15412,96.075,319.9,7.6475
5586,540196,0.605852,-0.349164,-1.29564,112.7875,378.0875,-2.2925
5587,540292,1.090436,-0.49166,-1.59942,134.575,432.3375,-12.0575
5588,540389,1.331752,-0.592432,-1.62748,150.29,464.7475,-29.645
5589,540485,1.35176,-0.71614,-1.691164,161.91,484.3125,-52.7275
5590,540582,1.962492,-0.8405801,-2.044476,185.955,492.52,-62.8075
5591,540679,2.2021,-0.84424,-2.07034,219.1875,463.8725,-65.4675
5592,540775,2.123288,-0.9340321,-2.257732,238.9625,394.8,-82.7925
5593,540872,1.3359,-0.5368,-2.190144,244.265,280.7,-107.73
5594,540968,-0.8935281,-0.159088,-1.83976,225.645,158.13,-125.5625
5595,541065,2.172332,-1.565992,-3.196888,221.8125,92.8025,-124.6
5596,541162,0.79544,-1.660176,-2.399008,135.7825,-22.855,-141.085
5597,541258,-1.143628,-1.08946,-1.053592,18.8125,-187.6175,-166.0575
5598,541355,-0.117608,-0.774944,-1.258308,-28.98,-117.845,-153.8775
5599,541451,0.249612,-0.796416,-1.178276,-26.2675,-121.45,-107.345
5600,541548,-0.018056,-0.979416,-0.984296,-18.2175,-155.435,-52.3425
5601,541645,0.089792,-0.9901521,-0.945744,-34.405,-177.8,-9.9225
5602,541741,0.240584,-0.738588,-0.9284201,-68.9325,-202.37,13.895
5603,541838,0.289872,-0.399184,-0.874984,-93.8,-233.45,30.3275
5604,541934,0.290116,-0.153964,-0.771528,-95.41,-264.1625,42.7
5605,542031,0.244732,0.008784,-0.656116,-82.04,-287.5775,47.6175
5606,542128,0.146156,0.08052,-0.526064,-63.84,-304.08,43.26
5607,542224,0.234728,0.029768,-0.488976,-48.895,-308.3325,30.1875
5608,542321,0.34404,-0.077348,-0.5063,-44.135,-307.6675,12.285
5609,542417,0.510204,-0.159576,-0.55144,-46.7425,-305.97,-3.01
5610,542514,0.5690081,-0.175924,-0.5934081,-45.395,-303.345,-7.2975
5611,542611,0.621468,-0.249368,-0.6375721,-36.3825,-296.9575,-0.315
5612,542707,0.76006,-0.36478,-0.8030041,-19.3725,-284.48,12.5825
5613,542804,0.9772201,-0.470188,-0.822524,-5.74,-281.8375,29.54
5614,542900,1.097756,-0.552904,-0.79422,3.36,-285.915,48.0725
5615,542997,1.137284,-0.512156,-0.790072,6.3525,-287.665,61.6875
5616,543094,1.19072,-0.489464,-0.839116,16.1525,-286.545,70.4025
5617,543190,1.288564,-0.613904,-0.9059721,35.525,-283.885,80.0975
5618,543287,1.364448,-0.83692,-0.9042641,53.1825,-280.4025,96.0925
5619,543383,1.467416,-1.044808,-0.869616,56.5075,-270.7075,120.8725
5620,543480,1.724836,-1.166076,-0.796904,43.575,-253.9775,150.43
5621,543577,1.976156,-1.190476,-0.702476,17.815,-234.9725,178.815
5622,543673,2.189412,-0.763232,-0.6566041,-12.495,-216.72,201.81
5623,543770,2.47538,-0.328424,-0.5926761,-26.9325,-195.4575,215.39
5624,543866,2.727676,0.08003201,-0.39528,-20.545,-180.6175,212.5725
5625,543963,2.894084,0.194468,-0.10858,-6.72,-174.265,191.5725
5626,544059,3.041704,-0.231556,0.478728,-7.8575,-172.1825,155.54
5627,544156,3.20006,-0.0244,0.6649,-69.58,-154.875,98.175
5628,544253,3.620472,0.3904,0.855708,-110.5825,-153.615,47.285
5629,544349,3.070252,0.768112,1.754604,-105.1925,-165.83,13.16
5630,544446,2.645448,0.106628,2.64374,-30.7475,-131.7225,1.5925
5631,544543,3.248616,-0.112728,3.101484,-0.8225,-27.1425,11.1825
5632,544639,3.163216,0.000244,3.191764,-17.605,109.62,45.92
5633,544736,1.431792,0.371368,-2.325564,-5.005,238.5075,90.9475
5634,544832,1.510116,1.201212,-3.368664,-11.4625,254.765,55.9825
5635,544929,1.22122,1.691896,-1.065548,-50.155,157.9725,-23.8175
5636,545026,1.087996,-0.002196,-1.312476,39.8125,156.9925,-43.8375
5637,545122,0.359168,-0.354776,-0.8481441,52.2025,137.83,-33.775
5638,545219,0.548756,-0.318908,-0.643916,42.4025,139.265,-26.6175
5639,545315,1.05164,-0.3904,-0.873276,47.565,153.02,-27.685
5640,545412,1.159244,-0.87352,-1.155584,30.6775,129.325,-47.53
5641,545509,1.713124,-1.239032,-1.029192,-14.42,86.45,-58.975
5642,545605,0.845948,-0.35502,-0.925736,-64.5225,26.845,-48.9475
5643,545702,0.898896,0.019276,-1.000644,-57.9775,25.0775,-35.4725
5644,545798,0.66734,-0.312564,-0.8174001,-37.3275,1.47,-28.035
5645,545895,0.63196,-0.180316,-0.873276,-38.185,-3.3775,-20.58
5646,545992,0.5736441,-0.2562,-0.8461921,-29.19,-7.8575,-17.1325
5647,546088,0.522892,-0.183,-0.833992,-25.55,-7.4025,-15.3825
5648,546185,0.50874,-0.200568,-0.829356,-20.825,-7.2275,-13.4925
5649,546281,0.521672,-0.213988,-0.824232,-16.9925,-5.845,-12.7225
5650,546378,0.523868,-0.130052,-0.838628,-14.945,-5.495,-11.8475
5651,546474,0.527528,-0.166896,-0.831552,-8.995,-3.92,-7.7875
5652,546571,0.50508,-0.17324,-0.8296,-4.8125,-3.0275,-4.9
5653,546668,0.510936,-0.199104,-0.8178881,-2.17,-1.19,-3.92
5654,546764,0.511668,-0.199348,-0.790804,-0.8225,-0.7875,-4.4975
5655,546861,0.520452,-0.21472,-0.787144,-2.345,-2.345,-6.02
5656,546957,0.5309441,-0.20252,-0.805932,-3.78,-5.67,-6.7725
5657,547054,0.5124001,-0.228384,-0.8047121,-2.8875,-7.7525,-6.6675
5658,547151,0.51362,-0.189832,-0.833504,-2.415,-9.1525,-6.51
5659,547247,0.499224,-0.238144,-0.796904,1.1025,-7.945,-6.2475
5660,547344,0.513376,-0.247172,-0.772504,2.1175,-5.88,-7.4725
5661,547440,0.518256,-0.171532,-0.790072,0.6125,-6.8075,-9.065
5662,547537,0.512888,-0.144692,-0.8174001,1.505,-7.105,-7.9275
5663,547634,0.492392,-0.143716,-0.829356,4.5675,-4.55,-5.9675
5664,547730,0.516792,-0.16104,-0.815204,7.0,-0.63,-4.445
5665,547827,0.508252,-0.168116,-0.8066641,8.4525,2.17,-3.4825
5666,547923,0.498004,-0.192516,-0.806908,9.8,4.2875,-3.3775
5667,548020,0.51606,-0.209352,-0.79544,10.045,6.965,-3.99
5668,548117,0.49776,-0.20374,-0.80764,9.66,9.3275,-5.2325
5669,548213,0.490196,-0.223016,-0.815448,10.15,13.2475,-6.4225
5670,548310,0.466528,-0.239852,-0.8132521,10.605,19.0225,-7.9275
5671,548406,0.436272,-0.27572,-0.8091041,9.2575,25.48,-11.095
5672,548503,0.514596,-0.253028,-0.827404,7.7,34.8775,-14.5775
5673,548599,0.448472,-0.293532,-0.826916,10.325,41.58,-19.5825
5674,548696,0.518988,-0.134444,-0.8637601,8.5925,49.525,-22.995
5675,548793,0.556808,-0.16836,-0.8508281,12.6875,61.0225,-22.0675
5676,548889,0.561932,-0.0976,-0.869372,16.5025,71.12,-18.7775
5677,548986,0.579012,-0.07808001,-0.8845,18.4275,84.5075,-13.1775
5678,549082,0.5553441,-0.110288,-0.883036,21.2275,98.7,-6.265
5679,549179,0.552904,-0.096624,-0.9018241,22.6625,115.7275,0.21
5680,549276,0.543632,-0.1159,-0.9167081,27.4225,135.31,5.4775
5681,549372,0.5363121,-0.125416,-0.9486721,34.9475,156.6775,9.695
5682,549469,0.526308,-0.170312,-0.965996,44.7125,180.005,12.2325
5683,549565,0.493612,-0.200324,-1.036268,56.35,204.1375,13.3875
5684,549662,0.421876,-0.203984,-1.071892,68.39,235.165,10.675
5685,549759,0.449204,-0.257908,-1.107028,82.4075,279.93,5.355
5686,549855,0.54412,-0.32086,-1.097512,94.29,334.39,-3.7975
5687,549952,0.639036,-0.388692,-1.458388,112.21,389.7775,-15.0325
5688,550048,1.264896,-0.5363121,-1.510848,130.55,432.25,-30.94
5689,550145,1.541592,-0.675148,-1.637728,142.695,454.3,-52.6575
5690,550242,1.494988,-0.752008,-1.87392,159.74,463.9425,-65.5725
5691,550338,1.99836,-0.75884,-1.9276,194.075,451.43,-65.0125
5692,550435,1.938092,-0.72712,-2.065948,219.3975,398.7375,-74.165
5693,550531,1.711416,-0.7515201,-2.366068,241.9375,319.0075,-95.7425
5694,550628,0.592188,-0.337208,-2.068144,239.8725,198.03,-118.335
5695,550724,-0.826916,-1.052616,-2.330688,232.3825,82.985,-118.2125
5696,550821,1.897832,-1.878312,-3.01462,176.5225,41.09,-112.1225
5697,550918,-1.119716,-1.220732,-1.419348,50.5225,-146.02,-152.495
5698,551014,-0.548512,-0.6944241,-1.381772,-22.3825,-135.52,-153.8425
5699,551111,0.418704,-0.62342,-1.573556,-21.9625,-115.15,-122.1325
5700,551207,0.099308,-0.86498,-1.268556,-2.66,-165.3225,-73.09751
5701,551304,-0.040748,-0.97234,-1.055788,-8.33,-203.385,-35.2275
5702,551401,0.09272,-0.6993041,-0.9650201,-41.9125,-224.77,-16.1525
5703,551497,0.110776,-0.327204,-0.862784,-65.29251,-246.645,-3.71
5704,551594,0.135176,-0.06270801,-0.739808,-60.585,-265.1425,8.8025
5705,551690,0.064172,0.00366,-0.587552,-39.0775,-277.8125,17.57
5706,551787,0.148352,-0.07490801,-0.553636,-21.0,-278.6875,20.1775
5707,551883,0.293776,-0.213744,-0.5587601,-18.165,-276.605,17.08
5708,551980,0.3904,-0.278892,-0.614392,-31.0975,-277.4275,10.6575
5709,552077,0.335012,-0.197396,-0.570472,-46.0775,-277.9,11.1125
5710,552173,0.408944,-0.159576,-0.64904,-46.1475,-266.21,19.9325
5711,552270,0.7259001,-0.226432,-0.8657121,-29.225,-249.6725,34.6675
5712,552366,0.9345201,-0.354288,-0.911828,-10.99,-249.865,53.2175
5713,552463,0.987712,-0.470676,-0.885964,-7.63,-261.4675,67.795
5714,552560,0.98942,-0.304268,-0.850584,-15.2075,-268.7475,74.3225
5715,552656,1.033828,-0.191784,-0.8615641,-7.4375,-269.6575,76.195
5716,552753,1.105564,-0.266692,-0.9345201,20.5275,-266.7525,77.63
5717,552849,1.189012,-0.489708,-0.965752,49.8575,-264.355,81.585
5718,552946,1.289296,-0.745664,-0.927932,66.8325,-257.355,93.5375
5719,553043,1.36884,-0.9752681,-0.868396,66.0625,-244.055,114.7825
5720,553139,1.552816,-1.142408,-0.7869,49.805,-224.2625,141.645
5721,553236,1.91906,-1.148264,-0.6919841,20.44,-200.795,170.6775
5722,553332,2.165012,-0.7664041,-0.6661201,-12.7925,-182.84,195.965
5723,553429,2.635444,-0.436516,-0.724436,-29.855,-169.2075,211.4175
5724,553526,3.13174,-0.226432,-0.6131721,-33.0575,-168.7525,214.725
5725,553622,3.299124,-0.119072,-0.268156,-48.685,-189.77,200.7775
5726,553719,3.152724,0.123708,0.114436,-86.20501,-216.895,166.25
5727,553815,2.79746,-0.072956,0.643184,-118.2125,-234.7275,120.715
5728,553912,2.531744,0.284992,1.362984,-147.455,-216.6325,63.595
5729,554009,3.166144,0.539972,1.4213,-126.6825,-164.9375,27.3525
5730,554105,3.118808,-0.30378,2.236748,-33.18,-128.52,39.9
5731,554202,2.977044,-0.331352,2.969236,-2.4325,-76.3875,58.7825
5732,554298,2.682536,0.370392,3.47822,-25.2175,47.075,79.205
5733,554395,1.14192,0.696864,-0.18422,18.095,206.045,108.92
5734,554491,1.307596,0.8188641,-3.855932,47.145,297.2725,85.3825
5735,554588,1.347368,1.978352,-1.557452,-16.625,213.5525,-0.6475
5736,554685,1.496208,0.45628,-1.232932,48.4925,189.8575,-55.9125
5737,554781,0.8178881,-0.742004,-1.130208,93.7125,172.3225,-56.14
5738,554878,0.543144,-0.792024,-0.563152,61.81,152.1625,-41.23
5739,554974,1.098,-0.524112,-0.8420441,51.6075,170.2575,-27.3875
5740,555071,1.317112,-0.6939361,-1.156072,31.5525,153.405,-39.8125
5741,555168,1.6287,-1.449604,-1.053348,-7.4025,102.3225,-60.7425
5742,555264,0.640012,-0.5499761,-0.724924,-72.2925,42.8225,-54.775
5743,555361,1.09434,0.152256,-1.170224,-80.5,32.83,-49.0175
5744,555458,0.7473721,-0.34404,-0.840336,-60.8825,9.24,-39.9175
5745,555554,0.68564,-0.121512,-0.92598,-49.2975,0.175,-28.14
5746,555651,0.59292,-0.208864,-0.827404,-40.985,-12.4775,-24.3775
5747,555747,0.565836,-0.202032,-0.8554641,-35.4725,-12.985,-20.755
5748,555844,0.5058121,-0.189832,-0.8298441,-32.13,-14.84,-19.67
5749,555940,0.533384,-0.20862,-0.827404,-27.3175,-13.51,-17.6575
5750,556037,0.533628,-0.212036,-0.82228,-23.17,-12.6525,-16.1875
5751,556133,0.52704,-0.132736,-0.8317961,-20.09,-11.305,-14.385
5752,556230,0.553636,-0.152256,-0.83692,-13.8775,-9.8,-10.115
5753,556327,0.511424,-0.133956,-0.8508281,-7.3325,-8.33,-6.09
5754,556423,0.519232,-0.166896,-0.8296,-1.33,-5.4425,-2.8175
5755,556520,0.522648,-0.159088,-0.80764,2.4325,-3.43,-1.3125
5756,556616,0.517524,-0.161528,-0.799344,4.375,-3.6575,-0.35
5757,556713,0.517036,-0.191784,-0.796172,6.4225,-4.1825,0.1225
5758,556810,0.494344,-0.201056,-0.8127641,7.49,-3.9725,0.0525
5759,556906,0.49898,-0.188856,-0.8261841,9.625,-2.94,-0.2975
5760,557003,0.512156,-0.223016,-0.792756,11.1825,-2.5375,-0.98
5761,557099,0.512888,-0.219844,-0.7849481,11.6725,-2.5025,-2.3275
5762,557196,0.5314321,-0.181292,-0.8086161,11.6375,-2.45,-3.5175
5763,557293,0.500932,-0.179096,-0.79544,11.795,-2.695,-4.2875
5764,557389,0.505568,-0.153232,-0.808372,11.2175,0.175,-4.1475
5765,557486,0.513132,-0.178608,-0.811056,12.5475,2.38,-3.5525
5766,557582,0.507032,-0.194224,-0.798368,12.565,3.955,-3.255
5767,557679,0.514108,-0.211548,-0.797636,12.1275,5.95,-3.71
5768,557776,0.508496,-0.221308,-0.785924,11.305,7.665,-4.5675
5769,557872,0.502884,-0.223016,-0.798124,10.5175,9.625,-5.8275
5770,557969,0.49166,-0.230092,-0.80886,9.3975,12.81,-7.1925
5771,558065,0.447496,-0.277184,-0.796172,9.2225,17.22,-9.17
5772,558162,0.485804,-0.260592,-0.811788,7.3675,24.465,-11.515
5773,558258,0.488244,-0.26718,-0.813984,6.965,34.51,-15.0325
5774,558355,0.508984,-0.239852,-0.835212,9.7475,43.015,-19.04
5775,558452,0.444812,-0.199104,-0.8508281,12.775,49.42,-22.26
5776,558548,0.583648,-0.102724,-0.873276,12.5825,62.545,-19.9325
5777,558645,0.553148,-0.134688,-0.860344,22.0325,73.255,-16.345
5778,558741,0.5843801,-0.081252,-0.894748,21.2625,87.3075,-10.08
5779,558838,0.548756,-0.12688,-0.904752,24.4125,103.0575,-3.1675
5780,558935,0.541924,-0.121512,-0.923052,26.6175,121.415,2.905
5781,559031,0.528748,-0.138348,-0.9284201,33.32,142.6075,7.91
5782,559128,0.540704,-0.148352,-0.974292,40.8275,166.2325,10.8325
5783,559224,0.517768,-0.180072,-1.006744,52.36,190.225,12.775
5784,559321,0.446032,-0.212524,-1.086532,67.2875,216.8775,13.265
5785,559417,0.401624,-0.214476,-1.074576,80.5875,252.9975,8.155
5786,559514,0.4697,-0.21472,-1.136552,95.69,302.365,1.61
5787,559611,0.548024,-0.343064,-1.098,115.115,356.51,-7.21
5788,559707,0.8317961,-0.293776,-1.53964,139.79,411.425,-13.545
5789,559804,1.349564,-0.491416,-1.605764,170.135,446.075,-21.56
5790,559900,1.496452,-0.67222,-1.707512,187.985,464.24,-36.26
5791,559997,1.833416,-0.710284,-2.02276,212.6075,471.7125,-41.6675
5792,560094,2.026664,-0.669048,-1.981036,251.405,443.345,-41.895
5793,560190,2.104744,-0.830332,-2.065704,270.55,382.9525,-58.3625
5794,560287,1.481324,-0.5648601,-2.157448,278.0225,284.9175,-84.665
5795,560383,-0.217404,-0.524112,-1.876848,265.51,166.145,-106.26
5796,560480,0.77714,-1.533784,-2.54248,230.4225,72.8875,-105.665
5797,560577,1.311988,-1.840004,-2.635444,131.495,20.1775,-115.3775
5798,560673,-1.058716,-0.866932,-1.200236,-5.9675,-163.9575,-163.24
5799,560770,-0.18056,-0.60512,-1.3298,-38.5,-121.8525,-158.8125
5800,560866,0.273768,-0.742004,-1.230492,-20.0725,-126.315,-123.4275
5801,560963,0.006832001,-1.046516,-0.972828,-8.1025,-161.84,-78.575
5802,561059,0.079544,-1.134844,-0.9018241,-26.635,-184.835,-41.58
5803,561156,0.216916,-0.903532,-0.8698601,-68.005,-207.4625,-17.3075
5804,561253,0.249368,-0.581452,-0.8030041,-98.61251,-235.69,1.085
5805,561349,0.21594,-0.2745,-0.6832,-106.33,-261.8525,15.68
5806,561446,0.121756,-0.07076001,-0.529968,-93.905,-281.295,22.68
5807,561542,0.030744,-0.001952,-0.412604,-72.345,-289.24,21.5075
5808,561639,0.213744,-0.040016,-0.378444,-54.1625,-285.3025,12.95
5809,561735,0.476044,-0.22936,-0.47824,-43.75,-278.7575,-0.455
5810,561832,0.549244,-0.294508,-0.51484,-43.68,-280.98,-6.2825
5811,561929,0.488732,-0.342576,-0.522648,-43.925,-283.08,-0.63
5812,562025,0.525088,-0.360388,-0.601948,-39.4625,-274.1375,11.6375
5813,562122,0.802272,-0.460184,-0.805444,-28.595,-261.6775,25.2
5814,562218,0.9638,-0.518988,-0.84912,-16.73,-263.2,40.04
5815,562315,1.003572,-0.600728,-0.796904,-11.13,-273.3675,54.11
5816,562411,1.05286,-0.571692,-0.75762,-11.4625,-275.0475,64.505
5817,562508,1.0797,-0.554856,-0.7712841,-7.6825,-271.53,72.45
5818,562604,1.101416,-0.622932,-0.803736,2.17,-265.3875,82.18
5819,562701,1.14314,-0.783972,-0.8149601,14.455,-255.1675,95.5675
5820,562798,1.223416,-0.9455,-0.824232,21.8575,-240.4675,113.68
5821,562894,1.444968,-1.106296,-0.8091041,22.33,-222.215,136.395
5822,562991,1.76412,-1.201212,-0.759084,14.7175,-203.5775,161.98
5823,563087,2.036424,-1.117276,-0.673196,0.525,-190.2075,187.7925
5824,563184,2.314584,-0.660752,-0.64782,-15.5925,-174.79,210.77
5825,563281,2.66448,-0.334524,-0.494832,-14.8225,-161.9625,225.1025
5826,563377,2.895548,-0.142984,-0.209108,-13.8075,-157.01,221.9875
5827,563474,3.13052,-0.086132,0.027084,-27.0025,-157.22,199.22
5828,563570,3.481636,-0.15128,0.135664,-57.0325,-165.34,166.74
5829,563667,3.1903,-0.46116,0.705404,-98.0875,-199.045,130.48
5830,563763,2.855044,0.477508,1.508652,-165.095,-199.255,69.2825
5831,563860,2.876516,1.210728,1.97274,-153.9825,-162.9775,12.18
5832,563957,2.761592,0.075884,2.697664,-25.025,-108.7625,8.8375
5833,564053,3.022428,-0.291824,3.191276,19.5825,-7.8225,31.0975
5834,564150,1.752652,0.9057281,2.107672,-46.27,123.7075,58.94
5835,564246,1.508164,0.158844,-3.361588,18.4625,268.905,80.4825
5836,564343,1.397388,1.353956,-2.382172,-12.3025,237.09,37.135
5837,564440,1.119228,1.431548,-0.926468,-18.8825,166.3025,-25.83
5838,564536,1.185596,0.037576,-1.532076,64.785,175.8225,-37.905
5839,564633,0.372344,-0.354288,-0.716628,66.99,144.725,-34.5625
5840,564729,0.74176,-0.553148,-0.633668,64.5225,150.64,-32.8475
5841,564826,1.229272,-0.750788,-0.918416,57.6975,158.6025,-28.28
5842,564923,1.530124,-1.510848,-1.298568,21.035,122.675,-50.715
5843,565019,0.973316,-0.66368,-0.716384,-51.38,61.8625,-54.67
5844,565116,1.009428,-0.065148,-1.089216,-77.035,23.24,-52.5875
5845,565212,0.9381801,-0.156648,-0.974536,-65.5375,19.46,-40.7575
5846,565309,0.663436,-0.180072,-0.869128,-42.385,-7.945,-31.4125
5847,565405,0.594628,-0.269864,-0.815936,-39.6025,-8.9425,-24.1325
5848,565502,0.575596,-0.245464,-0.843996,-35.735,-12.04,-22.5925
5849,565599,0.4941,-0.203496,-0.81984,-34.2825,-13.3875,-23.485
5850,565695,0.5309441,-0.212036,-0.8215481,-31.1325,-13.475,-23.2225
5851,565792,0.5458281,-0.132492,-0.8210601,-28.1575,-13.965,-21.91
5852,565888,0.5214281,-0.13298,-0.866444,-23.7825,-12.53,-18.7075
5853,565985,0.52704,-0.149084,-0.850584,-15.5225,-13.0025,-13.23
5854,566082,0.52704,-0.200324,-0.81618,-9.205,-9.8,-10.3425
5855,566178,0.54168,-0.128588,-0.8149601,-8.12,-8.225,-9.1875
5856,566275,0.52826,-0.16714,-0.81374,-6.0025,-8.3125,-7.0
5857,566371,0.528504,-0.137128,-0.830332,-4.165,-8.61,-5.11
5858,566468,0.522892,-0.139812,-0.83692,-1.855,-8.33,-3.815
5859,566565,0.526308,-0.200568,-0.8086161,1.365,-7.5425,-2.87
5860,566661,0.504836,-0.212768,-0.801296,3.5525,-7.2275,-3.3075
5861,566758,0.50874,-0.173972,-0.8066641,4.6375,-7.385,-4.515
5862,566854,0.517036,-0.141764,-0.816424,5.46,-7.0875,-5.005
5863,566951,0.508496,-0.122244,-0.82594,7.175,-6.195,-3.6575
5864,567047,0.501908,-0.12932,-0.82472,8.9425,-4.2875,-2.0825
5865,567144,0.495076,-0.161528,-0.813984,10.5,-1.68,-0.9975
5866,567241,0.498248,-0.185196,-0.804224,11.165,0.98,-0.7175
5867,567337,0.499956,-0.196176,-0.8025161,10.71,3.115,-1.7675
5868,567434,0.502152,-0.182512,-0.803492,10.3425,4.725,-2.7475
5869,567530,0.51484,-0.17568,-0.802272,10.0975,6.965,-3.4125
5870,567627,0.535824,-0.174216,-0.8174001,10.92,9.3625,-2.9575
5871,567723,0.480192,-0.2257,-0.805688,11.97,12.5825,-3.0275
5872,567820,0.479948,-0.211304,-0.815448,11.9525,16.695,-3.71
5873,567917,0.495808,-0.2257,-0.820816,11.935,22.6275,-5.32
5874,568013,0.476044,-0.25986,-0.8147161,11.655,28.875,-7.5075
5875,568110,0.479704,-0.264984,-0.82838,9.9225,36.8025,-11.2
5876,568206,0.451156,-0.146888,-0.859856,9.1525,45.1675,-14.49
5877,568303,0.544364,-0.145424,-0.860344,12.565,56.105,-15.435
5878,568399,0.535092,-0.1403,-0.863028,17.57,66.3775,-12.9325
5879,568496,0.548512,-0.09320801,-0.885476,19.1275,79.4325,-8.435
5880,568593,0.548024,-0.119804,-0.89182,22.3125,93.66,-3.325
5881,568689,0.531188,-0.139812,-0.901336,25.585,108.605,1.26
5882,568786,0.549244,-0.1403,-0.9171961,28.105,127.2425,4.445
5883,568882,0.528748,-0.152256,-0.9333,34.23,149.3975,5.95
5884,568979,0.5119121,-0.13908,-0.9779521,41.3525,173.915,6.72
5885,569076,0.528504,-0.138592,-1.018944,53.7425,200.2525,8.3125
5886,569172,0.491416,-0.184464,-1.078968,69.09,227.1325,9.485
5887,569269,0.449204,-0.163968,-1.088484,82.25,265.4925,7.07
5888,569365,0.556076,-0.266204,-1.09556,98.315,318.57,1.435
5889,569462,0.43676,-0.28792,-1.38226,120.9775,375.9,-7.4375
5890,569558,0.9711201,-0.477752,-1.548912,153.125,425.635,-18.13
5891,569655,1.362008,-0.60512,-1.627968,174.8425,458.7625,-35.7875
5892,569752,1.66164,-0.807152,-1.889536,189.56,479.3425,-54.74
5893,569848,2.21064,-0.95038,-2.213324,222.5825,473.4275,-59.255
5894,569945,2.009828,-0.801052,-1.868308,241.395,420.98,-66.255
5895,570041,1.809504,-0.483364,-2.256024,244.335,346.2025,-89.3725
5896,570138,0.904752,-0.08954801,-1.981768,264.04,233.6075,-107.6075
5897,570235,-0.919636,-0.034892,-2.09108,272.4925,122.5525,-120.0675
5898,570331,2.263588,-1.671156,-2.980704,266.4025,59.955,-129.99
5899,570428,-0.18666,-1.436916,-1.835124,145.495,-89.6175,-167.1775
5900,570524,-0.823256,-0.737856,-1.12484,29.3125,-173.7925,-187.8275
5901,570621,0.253272,-0.487268,-1.387872,-1.5225,-122.1675,-170.24
5902,570718,0.257176,-0.670024,-1.159,16.975,-151.4625,-123.5325
5903,570814,-0.025376,-0.8827921,-0.907436,26.8625,-188.86,-76.2125
5904,570911,0.132248,-0.881572,-0.8508281,6.335,-205.3275,-42.42
5905,571007,0.222528,-0.68686,-0.820572,-26.7575,-223.3525,-17.885
5906,571104,0.221796,-0.410896,-0.745176,-50.6975,-246.19,6.02
5907,571200,0.124196,-0.20252,-0.5934081,-57.2425,-264.705,26.6
5908,571297,0.022692,-0.121024,-0.471652,-52.2725,-273.1225,40.495
5909,571394,0.138104,-0.122,-0.44774,-48.055,-269.71,47.1975
5910,571490,0.290848,-0.199348,-0.492392,-50.05,-264.7925,47.88
5911,571587,0.385276,-0.226432,-0.5885281,-57.2425,-265.265,45.395
5912,571683,0.376736,-0.174704,-0.6497721,-64.96,-267.9425,44.66
5913,571780,0.403576,-0.032208,-0.6373281,-65.7825,-265.7025,46.13
5914,571877,0.727608,-0.09613601,-0.769576,-46.5675,-253.1725,48.65
5915,571973,0.974536,-0.245952,-0.863028,-20.72,-251.405,57.015
5916,572070,1.012844,-0.468236,-0.8086161,-7.035,-263.2875,68.74
5917,572166,0.9674601,-0.39284,-0.7622561,-11.9525,-270.8125,76.1425
5918,572263,0.977464,-0.250832,-0.800076,-10.8325,-266.0525,78.785
5919,572359,0.999668,-0.283284,-0.870592,10.0975,-259.3325,80.85
5920,572456,1.030168,-0.453108,-0.91012,34.09,-251.9125,85.33
5921,572553,1.108248,-0.6456241,-0.909144,47.81,-238.735,95.445
5922,572649,1.240008,-0.818376,-0.906216,50.225,-218.33,112.735
5923,572746,1.601616,-0.9433041,-0.854244,43.645,-193.515,136.85
5924,572842,2.062532,-0.81252,-0.8935281,27.1075,-170.24,164.92
5925,572939,2.654232,-0.769332,-0.936228,13.8775,-160.1775,189.07
5926,573036,3.306688,-0.685884,-0.84424,-6.7025,-167.0025,203.3325
5927,573132,3.486516,-0.437736,-0.457012,-42.035,-200.095,203.455
5928,573229,3.352316,-0.171776,-0.042944,-88.6025,-239.68,182.805
5929,573325,3.14638,0.16348,0.8866961,-145.5475,-255.2725,135.73
5930,573422,3.006568,1.041148,1.342976,-210.4725,-226.0125,58.1
5931,573518,2.890668,0.928176,1.902468,-133.63,-197.1725,25.5675
5932,573615,2.534916,-0.30866,2.79868,8.5225,-156.1,21.2975
5933,573712,3.141744,-0.35868,3.015596,16.8525,-42.315,19.81
5934,573808,3.079524,-0.18788,3.482124,0.77,75.495,44.1525
5935,573905,1.571604,0.26108,0.000732,7.84,215.7225,83.2475
5936,574001,2.019832,0.318664,-4.026244,24.115,284.5325,72.9575
5937,574098,1.183156,1.77632,-1.55672,-45.5,174.615,2.4325
5938,574194,1.11996,0.606828,-1.006256,8.61,140.2275,-45.9375
5939,574291,0.6505041,-0.482144,-1.110932,64.5925,139.3,-39.445
5940,574388,0.512644,-0.25864,-0.6414761,45.325,123.725,-28.1925
5941,574484,1.2444,-0.404308,-0.99186,48.615,138.8625,-25.55
5942,574581,1.58966,-1.33224,-1.391044,27.44,106.085,-44.6775
5943,574677,0.755912,-0.658068,-0.646844,-33.145,41.16,-45.64
5944,574774,0.9459881,-0.139324,-1.082384,-51.1175,13.1425,-36.2075
5945,574871,0.797392,-0.168848,-0.882548,-45.045,13.545,-29.54
5946,574967,0.606584,-0.205936,-0.8418,-28.0175,-2.7475,-21.3675
5947,575064,0.5987761,-0.271572,-0.800076,-25.445,-7.175,-16.1875
5948,575160,0.587064,-0.232288,-0.8132521,-25.445,-9.415,-15.4875
5949,575257,0.538508,-0.213988,-0.813496,-24.9375,-13.5275,-15.33
5950,575353,0.515816,-0.227896,-0.8108121,-22.855,-14.0175,-14.56
5951,575450,0.5119121,-0.23668,-0.80276,-22.4525,-14.175,-13.9825
5952,575547,0.509716,-0.24888,-0.815936,-21.2975,-14.035,-14.35
5953,575643,0.515572,-0.175192,-0.8256961,-19.6,-13.4225,-14.175
5954,575740,0.543632,-0.129808,-0.8291121,-16.6425,-10.885,-12.11
5955,575836,0.503616,-0.120536,-0.8418,-12.2675,-9.6775,-9.0475
5956,575933,0.526308,-0.16104,-0.833504,-8.1375,-8.19,-5.915
5957,576030,0.52094,-0.185196,-0.82594,-5.3375,-8.05,-4.9
5958,576126,0.512888,-0.146156,-0.790804,-3.6575,-8.2075,-4.375
5959,576223,0.529236,-0.195932,-0.80886,-3.1325,-7.7175,-4.025
5960,576319,0.517036,-0.17324,-0.792268,-2.1525,-8.19,-3.2375
5961,576416,0.508008,-0.203252,-0.8049561,-0.3675,-8.5575,-2.275
5962,576513,0.500444,-0.187148,-0.8025161,2.03,-8.995,-2.52
5963,576609,0.503616,-0.187636,-0.807884,3.36,-8.33,-2.905
5964,576706,0.50996,-0.1647,-0.8193521,5.3725,-8.575,-3.29
5965,576802,0.489952,-0.18666,-0.801296,7.14,-9.345,-3.8675
5966,576899,0.503372,-0.178364,-0.803492,6.475,-8.5225,-4.4625
5967,576996,0.49898,-0.178364,-0.8100801,7.7525,-7.2275,-3.7625
5968,577092,0.492392,-0.162992,-0.823256,9.17,-5.0225,-3.185
5969,577189,0.488244,-0.137372,-0.826428,10.2375,-2.66,-2.5725
5970,577285,0.4933681,-0.16836,-0.818376,12.8275,0.7525,-1.61
5971,577382,0.497028,-0.180804,-0.813496,14.2975,3.85,-0.945
5972,577478,0.4819,-0.188856,-0.8215481,15.015,7.0875,-0.9975
5973,577575,0.495808,-0.213744,-0.8049561,15.015,10.4825,-1.4525
5974,577672,0.4933681,-0.228628,-0.806908,14.175,14.595,-3.01
5975,577768,0.48556,-0.240828,-0.803248,12.915,17.5,-5.18
5976,577865,0.487756,-0.2501,-0.807884,10.815,21.9975,-7.3675
5977,577961,0.491172,-0.271816,-0.8047121,8.75,27.23,-10.15
5978,578058,0.508984,-0.244488,-0.818132,6.2475,34.1075,-13.055
5979,578155,0.499712,-0.218136,-0.8364321,7.6475,41.335,-15.75
5980,578251,0.428708,-0.195688,-0.869616,11.2875,47.25,-18.095
5981,578348,0.521916,-0.111264,-0.897188,11.9525,59.0275,-17.535
5982,578444,0.533384,-0.167628,-0.8657121,19.46,73.5875,-14.315
5983,578541,0.5594921,-0.086864,-0.907192,20.51,88.13,-9.87
5984,578638,0.537532,-0.125172,-0.901336,23.205,102.3575,-4.7775
5985,578734,0.531188,-0.12688,-0.9228081,26.1275,120.26,0.5425
5986,578831,0.534116,-0.11956,-0.955016,29.9075,141.9425,4.0425
5987,578927,0.48922,-0.150548,-0.9823441,38.01,168.14,6.9825
5988,579024,0.524356,-0.130052,-1.050908,47.67,196.3675,9.66
5989,579120,0.513376,-0.185684,-1.064572,63.1925,223.545,12.2325
5990,579217,0.41846,-0.209108,-1.096536,75.7925,256.8825,11.27
5991,579314,0.491416,-0.2257,-1.125816,89.7575,302.6275,4.585
5992,579410,0.595116,-0.289628,-1.237812,112.63,355.145,-4.795
5993,579507,0.844484,-0.366976,-1.589416,142.3975,405.755,-11.2525
5994,579603,1.048468,-0.368196,-1.517924,170.4675,438.9525,-19.2325
5995,579700,1.419836,-0.620736,-1.581364,197.54,458.8325,-35.1225
5996,579796,1.746796,-0.638548,-1.85684,224.8575,469.385,-37.485
5997,579893,2.079856,-0.735172,-1.847812,254.87,441.9275,-39.62
5998,579990,2.043256,-0.88816,-1.881728,257.8275,381.71,-61.0225
5999,580086,1.55306,-0.627568,-2.088152,250.25,296.31,-87.64
6000,580183,0.33794,-0.325252,-1.776564,241.605,180.075,-107.065
6001,580279,0.021716,-1.018456,-2.264808,221.5675,80.1675,-99.17251
6002,580376,1.691896,-1.649684,-2.772816,147.07,36.61,-95.865
6003,580473,-1.152168,-0.679296,-1.180472,22.54,-150.7625,-143.22
6004,580569,-0.248148,-0.408456,-1.278316,-19.81,-121.6425,-157.815
6005,580666,0.469456,-0.499468,-1.345172,-6.1425,-114.52,-140.735
6006,580762,0.128588,-0.8383841,-1.045784,13.58,-164.3425,-102.55
6007,580859,0.155184,-1.048712,-0.945012,5.46,-194.7925,-68.5825
6008,580956,0.313052,-0.913292,-0.89792,-32.9875,-219.065,-42.105
6009,581052,0.248148,-0.572912,-0.778116,-70.77,-247.555,-18.375
6010,581149,0.19642,-0.22082,-0.651968,-84.28,-267.505,1.295
6011,581245,0.09540401,-0.037332,-0.5267961,-73.2375,-276.9725,13.37
6012,581342,0.1037,-0.059536,-0.455548,-52.745,-277.13,19.5475
6013,581438,0.282796,-0.161284,-0.478728,-42.4375,-268.765,20.3875
6014,581535,0.410652,-0.262056,-0.541192,-46.5325,-265.58,13.895
6015,581632,0.478484,-0.254248,-0.608048,-58.94,-269.4475,4.935
6016,581728,0.422852,-0.132004,-0.618784,-64.155,-272.37,1.5225
6017,581825,0.521916,-0.145424,-0.702232,-50.225,-265.825,5.005
6018,581921,0.809836,-0.266448,-0.8030041,-23.8,-257.6525,16.5375
6019,582018,0.932812,-0.401624,-0.797392,-2.0825,-260.855,34.9825
6020,582115,0.943548,-0.5063,-0.7232161,5.845,-268.135,55.8075
6021,582211,0.9972281,-0.490196,-0.739076,3.78,-266.07,72.94
6022,582308,1.040416,-0.464332,-0.80276,1.9075,-262.815,85.92501
6023,582404,1.05896,-0.529724,-0.872788,6.2125,-260.9075,97.51
6024,582501,1.108736,-0.6605081,-0.8940161,9.7475,-256.48,111.72
6025,582598,1.172664,-0.815204,-0.8764481,5.985,-248.4475,130.83
6026,582694,1.3237,-0.903288,-0.83692,-8.26,-234.3775,154.735
6027,582791,1.60308,-0.876204,-0.7978801,-29.89,-215.8625,179.4625
6028,582887,1.88734,-0.662704,-0.8149601,-52.3425,-198.9575,198.87
6029,582984,2.277008,-0.504836,-0.807884,-64.5575,-185.7275,208.32
6030,583081,2.691808,-0.412848,-0.716384,-72.6075,-180.4425,206.0625
6031,583177,3.153456,-0.356972,-0.594384,-84.0525,-185.85,191.8875
6032,583274,3.373788,-0.307684,-0.30622,-100.1,-209.9475,170.4325
6033,583370,3.254472,-0.275964,-0.002928,-119.6125,-243.32,143.9375
6034,583467,2.629344,0.211548,0.610488,-138.425,-271.4075,110.145
6035,583564,1.908812,0.365512,1.705072,-110.7925,-242.7075,70.3325
6036,583660,2.608604,0.175192,1.681648,-38.78,-167.23,46.655
6037,583757,2.994856,-0.459696,1.83,17.8325,-86.25751,46.4275
6038,583853,3.070496,-0.26962,2.196244,14.7175,-38.7275,59.08
6039,583950,2.1899,0.213256,2.759396,4.515,45.1325,75.74
6040,584046,0.70516,0.035136,-0.368196,38.815,183.085,80.36
6041,584143,0.909632,0.214232,-3.2696,34.4575,262.535,51.8175
6042,584240,0.868152,0.9828321,-1.16754,3.325,196.5075,8.7675
6043,584336,1.422764,0.299144,-1.11264,38.7625,193.4625,-20.055
6044,584433,0.932324,-0.194956,-1.358348,60.0775,178.115,-27.37
6045,584529,0.515084,-0.237656,-0.762744,47.6875,151.27,-33.6875
6046,584626,0.777872,-0.405528,-0.8086161,49.9975,157.605,-34.3875
6047,584723,0.741272,-0.2501,-0.85888,41.37,151.9875,-33.67
6048,584819,0.9530641,-0.147864,-0.911096,35.07,142.38,-41.86
6049,584916,1.012112,-0.743468,-1.049688,25.585,123.865,-56.665
6050,585012,1.907348,-1.663104,-1.075064,-20.4225,81.55001,-71.3125
6051,585109,0.9079241,-0.203496,-0.983076,-84.315,24.2375,-54.005
6052,585205,1.04432,0.043188,-1.026508,-71.1375,4.9175,-43.9075
6053,585302,0.643916,-0.407724,-0.788852,-42.4375,-26.95,-38.8675
6054,585399,0.6034121,-0.122732,-0.8522921,-43.7325,-21.8925,-28.0525
6055,585495,0.595604,-0.172508,-0.840336,-32.97,-19.915,-22.8375
6056,585592,0.569252,-0.139812,-0.834968,-27.37,-18.2,-17.465
6057,585688,0.528504,-0.116388,-0.8466801,-20.9825,-15.295,-12.915
6058,585785,0.518988,-0.152256,-0.840824,-14.84,-11.8125,-9.17
6059,585882,0.527772,-0.160796,-0.834724,-10.6925,-8.3475,-6.9825
6060,585978,0.51362,-0.15616,-0.819108,-7.4725,-6.755,-5.4425
6061,586075,0.518012,-0.19276,-0.870104,-4.27,-5.8275,-4.76
6062,586171,0.510204,-0.149084,-0.807884,-0.945,-7.0875,-3.325
6063,586268,0.514596,-0.155184,-0.825208,-0.2275,-5.3025,-2.5375
6064,586364,0.509472,-0.152012,-0.800076,2.2575,-5.6175,-1.75
6065,586461,0.512156,-0.199348,-0.80154,2.2925,-5.74,-1.2425
6066,586558,0.52582,-0.19154,-0.800808,4.0075,-5.9325,-0.6825
6067,586654,0.514596,-0.174704,-0.8086161,4.97,-6.685,-0.9275
6068,586751,0.492148,-0.174948,-0.798368,5.04,-7.6475,-2.5375
6069,586847,0.488976,-0.232288,-0.7849481,5.25,-8.3825,-4.3225
6070,586944,0.50264,-0.193736,-0.8003201,4.3225,-9.0475,-6.0725
6071,587041,0.490684,-0.1525,-0.8195961,4.935,-8.9425,-7.3325
6072,587137,0.495808,-0.145912,-0.820816,5.215,-8.1375,-7.98
6073,587234,0.497516,-0.1281,-0.8298441,5.9675,-6.4225,-7.805
6074,587330,0.502152,-0.153964,-0.825208,8.1025,-3.71,-6.5975
6075,587427,0.505324,-0.152256,-0.8210601,9.205,-0.14,-5.7225
6076,587523,0.50874,-0.18056,-0.815204,10.1675,3.2375,-5.39
6077,587620,0.489952,-0.201788,-0.8132521,10.8325,6.1075,-5.8975
6078,587717,0.482144,-0.22326,-0.816424,10.6575,9.8,-7.07
6079,587813,0.473604,-0.24156,-0.814472,9.94,14.91,-8.7325
6080,587910,0.4758,-0.227408,-0.809836,7.525,21.3325,-11.0775
6081,588006,0.51484,-0.208376,-0.808372,5.075,27.965,-13.335
6082,588103,0.510448,-0.192272,-0.8149601,5.11,32.3225,-15.2775
6083,588200,0.548756,-0.179828,-0.8378961,6.8075,36.12,-16.5025
6084,588296,0.479216,-0.195444,-0.83936,9.1,40.7575,-17.7275
6085,588393,0.503128,-0.117852,-0.873764,9.52,49.14,-17.955
6086,588489,0.528748,-0.1525,-0.8615641,13.5625,59.3775,-16.73
6087,588586,0.543876,-0.127368,-0.862784,14.42,70.5775,-14.5075
6088,588683,0.545096,-0.106384,-0.886452,15.995,82.67,-11.41
6089,588779,0.534604,-0.137372,-0.887672,17.57,97.28251,-7.0875
6090,588876,0.53436,-0.101016,-0.930128,19.3725,115.115,-3.6925
6091,588972,0.518988,-0.104188,-0.964288,24.1675,137.0075,-1.47
6092,589069,0.492148,-0.077836,-1.010404,32.1125,163.1875,2.135
6093,589165,0.5165481,-0.09247601,-1.073356,42.7875,195.2125,6.615
6094,589262,0.492392,-0.205936,-1.077992,54.46,229.2675,10.9375
6095,589359,0.445544,-0.17568,-1.102392,62.93,266.805,8.855
6096,589455,0.4636,-0.183976,-1.0858,75.3725,312.6375,0.0175
6097,589552,0.557296,-0.284992,-1.295884,96.74,361.865,-7.7175
6098,589648,0.9921041,-0.331108,-1.412516,110.6875,403.34,-18.725
6099,589745,1.597712,-0.368928,-1.460828,125.58,428.6625,-27.8775
6100,589841,1.354932,-0.6222,-1.597956,143.9025,434.98,-35.77
6101,589938,1.841712,-0.830332,-1.806332,147.105,423.255,-47.3375
6102,590035,1.725568,-0.659532,-1.647976,135.905,381.6575,-59.9025
6103,590131,1.614792,-0.546072,-1.849276,127.995,326.41,-79.1
6104,590228,1.006256,-0.154452,-1.897832,138.495,254.695,-88.06
6105,590324,-0.61854,0.5885281,-2.50588,157.4825,162.47,-91.9625
6106,590421,2.00324,-0.579012,-2.91092,176.26,71.7325,-110.565
6107,590518,0.108336,-1.02602,-1.927112,126.945,-45.185,-170.8
6108,590614,-0.426024,-0.8679081,-1.239032,42.525,-127.89,-200.06
6109,590711,0.4026,-0.777384,-1.44326,-12.8975,-109.4275,-196.6125
6110,590807,0.340624,-0.866688,-1.19072,-24.2375,-143.675,-161.805
6111,590904,0.09906401,-1.053348,-0.944524,-26.355,-175.175,-116.8825
6112,591000,0.076616,-1.096292,-0.786412,-45.2025,-189.0875,-76.405
6113,591097,0.068564,-0.9381801,-0.6944241,-72.9925,-196.35,-43.54
6114,591194,0.099552,-0.75518,-0.6414761,-90.00251,-201.565,-12.9675
6115,591290,0.09540401,-0.647332,-0.571936,-92.82001,-207.0775,16.1
6116,591387,0.07515201,-0.612928,-0.543876,-90.72001,-211.6275,42.2625
6117,591483,0.132736,-0.62098,-0.520452,-90.685,-214.5325,63.4375
6118,591580,0.251808,-0.6375721,-0.503372,-94.8325,-216.51,77.9975
6119,591677,0.372344,-0.6771,-0.4933681,-101.115,-219.695,88.795
6120,591773,0.427732,-0.7373681,-0.487268,-109.445,-223.6675,97.615
6121,591870,0.50264,-0.721508,-0.539972,-118.755,-224.805,107.1
6122,591966,0.55632,-0.61,-0.586332,-122.185,-224.5425,117.9325
6123,592063,0.6307401,-0.540948,-0.572424,-114.2925,-223.6325,125.86
6124,592159,0.720776,-0.572912,-0.637816,-97.37,-220.36,128.3275
6125,592256,0.8322841,-0.6326921,-0.70394,-81.2875,-219.45,126.0875
6126,592353,0.97966,-0.71736,-0.762988,-64.575,-222.845,123.1475
6127,592449,1.119716,-0.843996,-0.792512,-45.7275,-230.0725,123.2525
6128,592546,1.17974,-1.085068,-0.718824,-30.625,-240.0825,129.6225
6129,592642,1.1834,-1.32858,-0.589504,-28.0875,-244.195,143.045
6130,592739,1.257088,-1.515972,-0.464332,-41.965,-238.1925,162.3475
6131,592836,1.356884,-1.560624,-0.357948,-66.78,-223.9475,187.32
6132,592932,1.417884,-1.556232,-0.286212,-94.09751,-205.1,215.1625
6133,593029,1.578192,-1.528904,-0.240096,-117.6175,-180.4075,240.8175
6134,593125,1.772416,-1.522072,-0.200568,-138.6525,-155.54,260.295
6135,593222,2.158912,-1.377624,-0.271084,-156.3275,-132.6325,276.7625
6136,593319,2.715476,-1.031632,-0.489464,-164.71,-119.1575,293.8775
6137,593415,2.901648,-0.806176,-0.312808,-163.59,-134.96,303.695
6138,593512,2.584692,-0.434076,0.116388,-179.1825,-164.465,286.545
6139,593608,2.496364,-0.164944,0.363804,-192.4125,-169.925,241.4125
6140,593705,3.21714,0.753472,0.59536,-173.495,-156.9225,191.5725
6141,593802,2.199172,-0.451888,1.520364,-54.32,-137.2875,166.285
6142,593898,2.912628,-0.6466,1.77632,-19.285,-85.90751,137.6025
6143,593995,2.886276,0.206424,2.466352,-31.2725,-22.4525,101.885
6144,594091,3.027796,0.403332,3.18786,16.5375,70.2975,83.73751
6145,594188,1.752408,0.106872,-0.007076001,72.2575,219.9925,68.74
6146,594284,2.037644,0.2928,-4.1541,83.125,284.9,43.4875
6147,594381,0.638548,1.06384,-1.202188,36.5225,165.4975,-3.115
6148,594478,1.425692,-0.120048,-1.02602,80.3775,155.5225,-53.9
6149,594574,0.62952,-0.667096,-0.968924,96.5825,148.785,-42.7
6150,594671,0.457012,-0.323056,-0.728828,75.2675,132.6675,-21.035
6151,594767,1.30174,-0.515328,-1.209752,76.1775,155.2775,-23.0125
6152,594864,2.023736,-1.921744,-1.128012,41.4225,103.4775,-38.08
6153,594961,0.416996,-0.831308,-0.415532,-29.3825,19.46,-24.08
6154,595057,1.120936,0.105164,-1.210484,-45.2725,27.5275,-18.095
6155,595154,0.6273241,-0.411872,-0.702964,-24.01,6.8075,-15.5925
6156,595250,0.65026,-0.293532,-0.852536,-11.2525,0.035,-10.15
6157,595347,0.552172,-0.269132,-0.8052,-14.35,-1.9425,-10.99
6158,595444,0.55022,-0.333792,-0.7659161,-9.31,-6.86,-11.235
6159,595540,0.582672,-0.213012,-0.8030041,-12.11,-6.23,-11.5675
6160,595637,0.513132,-0.270352,-0.7991,-9.2925,-9.7825,-11.55
6161,595733,0.5016641,-0.25498,-0.81618,-9.1,-9.8,-12.0925
6162,595830,0.518988,-0.215452,-0.8410681,-7.455,-8.75,-13.51
6163,595926,0.5743761,-0.166896,-0.798368,-3.43,-6.93,-13.755
6164,596023,0.521916,-0.210328,-0.793488,0.175,-7.3325,-11.34
6165,596120,0.524112,-0.19032,-0.7986121,0.875,-5.915,-9.765
6166,596216,0.532896,-0.199104,-0.810568,5.3025,0.49,-7.9625
6167,596313,0.515572,-0.22204,-0.797636,5.3375,-1.54,-8.12
6168,596409,0.521184,-0.221552,-0.811544,6.125,-0.5075,-8.4
6169,596506,0.5206961,-0.212768,-0.805444,8.9775,0.07,-9.065
6170,596602,0.507032,-0.195688,-0.797148,10.78,0.7525,-9.3275
6171,596699,0.521184,-0.206668,-0.777872,10.465,1.1375,-8.4525
6172,596796,0.522892,-0.217404,-0.782508,9.415,2.24,-7.4725
6173,596892,0.51484,-0.198372,-0.789828,9.66,3.5,-6.3175
6174,596989,0.5309441,-0.196664,-0.774944,9.2925,4.06,-5.81
6175,597085,0.518012,-0.224724,-0.772992,9.1875,4.4625,-5.425
6176,597182,0.522892,-0.268644,-0.75518,9.31,5.8275,-5.4075
6177,597279,0.534848,-0.249612,-0.7659161,7.8575,6.9825,-6.475
6178,597375,0.540704,-0.240096,-0.763476,6.615,7.875,-7.56
6179,597472,0.548756,-0.23546,-0.778116,6.3875,8.3475,-7.63
6180,597568,0.548756,-0.23302,-0.778116,6.125,9.0475,-7.63
6181,597665,0.547292,-0.249368,-0.7666481,6.1775,9.9925,-7.1925
6182,597761,0.5429,-0.25498,-0.764696,5.67,11.2,-7.2625
6183,597858,0.523136,-0.232532,-0.785924,4.4275,12.425,-7.9975
6184,597955,0.533872,-0.255712,-0.76982,3.71,14.07,-9.1175
6185,598051,0.54168,-0.234728,-0.767624,2.4325,15.33,-10.1325
6186,598148,0.567544,-0.219112,-0.7747001,1.015,17.8325,-10.815
6187,598244,0.566812,-0.171288,-0.791536,1.5925,19.3025,-10.29
6188,598341,0.555588,-0.172264,-0.80764,6.9475,22.19,-8.225
6189,598438,0.541924,-0.200568,-0.817156,13.475,28.1225,-5.81
6190,598534,0.510204,-0.248148,-0.83204,17.0975,36.575,-3.71
6191,598631,0.538508,-0.168848,-0.8784,16.7825,48.825,-1.4175
6192,598727,0.517524,-0.182512,-0.881816,22.1025,63.7525,2.2225
6193,598824,0.52826,-0.156892,-0.9335441,26.145,82.46,7.4025
6194,598921,0.5058121,-0.091012,-0.995032,30.94,103.46,13.72
6195,599017,0.503616,-0.06636801,-1.059448,42.2275,129.22,23.0125
6196,599114,0.434808,-0.104188,-1.160952,59.8325,159.74,33.495
6197,599210,0.316956,-0.244488,-1.308572,77.4375,201.32,39.585
6198,599307,0.238876,-0.2928,-1.341268,88.46251,255.6925,36.855
6199,599403,0.229604,-0.293776,-1.243668,98.945,315.175,25.375
6200,599500,0.53436,-0.323056,-1.282464,106.6975,373.5025,7.385
6201,599597,1.293932,-0.6124401,-1.50792,101.5525,420.5075,-12.3025
6202,599693,2.063264,-0.817644,-1.421056,73.97251,432.25,-29.7325
6203,599790,1.5738,-0.828624,-1.452532,11.375,407.9075,-55.3525
6204,599886,1.353468,-0.495808,-1.606252,-37.6075,378.1575,-57.4
6205,599983,1.070672,-0.330864,-1.378844,-45.71,328.195,-42.6475
6206,600079,0.581208,-0.311344,-1.086288,-36.5925,273.4025,-28.8925
6207,600176,-0.10004,0.673928,-1.838784,-40.4775,225.435,-26.6525
6208,600273,0.873276,0.6980841,-2.476844,-45.29,148.365,-70.1925
6209,600369,0.9520881,-0.24522,-2.284328,-52.9725,47.215,-150.7275
6210,600466,-0.339404,-0.4758,-1.269776,-88.23501,-79.345,-201.88
6211,600562,0.085156,-0.8718121,-1.228296,-116.6725,-90.405,-219.87
6212,600659,0.14884,-1.237324,-1.013088,-141.8025,-114.0825,-215.1625
6213,600756,0.076372,-1.592588,-0.807396,-165.55,-140.1925,-188.335
6214,600852,0.081252,-1.771928,-0.633668,-194.425,-153.4225,-149.45
6215,600949,0.092232,-1.832928,-0.499468,-222.2675,-158.9175,-103.3375
6216,601045,0.170556,-1.843176,-0.443104,-240.2575,-158.6725,-52.99
6217,601142,0.21716,-1.77998,-0.382104,-249.62,-158.97,0.0525
6218,601239,0.24034,-1.755824,-0.315492,-248.92,-160.2125,51.275
6219,601335,0.244,-1.694336,-0.25986,-244.65,-160.1075,95.935
6220,601432,0.25254,-1.595028,-0.252052,-238.4375,-158.1825,131.3025
6221,601528,0.278648,-1.458632,-0.329156,-229.5825,-154.8925,156.1
6222,601625,0.371124,-1.342732,-0.421632,-215.0575,-153.265,171.2375
6223,601721,0.47214,-1.317844,-0.458964,-196.1225,-155.505,180.6
6224,601818,0.548024,-1.362984,-0.465552,-181.0725,-159.775,186.4975
6225,601915,0.597312,-1.365424,-0.442372,-175.6125,-163.9575,189.56
6226,602011,0.687592,-1.3481,-0.444324,-173.565,-165.4975,191.7825
6227,602108,0.767624,-1.351516,-0.446032,-170.6775,-167.0025,193.8475
6228,602204,0.8178881,-1.415688,-0.419436,-167.405,-169.155,197.1025
6229,602301,0.877912,-1.538664,-0.444812,-166.3375,-169.05,202.72
6230,602398,0.996008,-1.669936,-0.42456,-170.275,-168.455,213.675
6231,602494,1.12118,-1.826828,-0.380396,-178.7625,-166.845,234.2375
6232,602591,1.19682,-1.905884,-0.304268,-194.915,-163.0125,261.3275
6233,602687,1.229028,-1.877336,-0.210816,-216.1075,-154.8575,290.3075
6234,602784,1.277828,-1.83732,-0.167628,-233.975,-142.0125,318.5
6235,602880,1.384212,-1.780468,-0.164456,-244.58,-125.37,343.6475
6236,602977,1.516704,-1.76412,-0.17568,-244.8425,-106.96,365.575
6237,603074,1.737524,-1.867088,-0.200324,-239.0675,-90.7725,385.8925
6238,603170,1.860012,-1.91174,-0.137372,-243.5825,-84.245,400.505
6239,603267,1.820484,-1.688236,-0.017324,-260.995,-86.835,404.845
6240,603363,1.935652,-0.911828,-0.182756,-272.1425,-83.0025,402.2375
6241,603460,1.960296,-0.559248,-0.175924,-238.98,-85.89,394.975
6242,603557,1.963712,0.273768,-0.165676,-194.0225,-96.88,368.13
6243,603653,2.280668,0.26596,0.48678,-104.965,-82.4775,336.0
6244,603750,1.999824,-1.086776,1.581608,25.935,-61.0925,285.46
6245,603846,3.00852,0.162992,1.495964,-34.6675,16.1875,198.0475
6246,603943,2.974848,0.499956,2.086444,-30.59,52.9025,120.995
6247,604040,3.377692,0.372344,2.514664,51.3975,112.735,57.3825
6248,604136,2.425116,-1.058472,-0.945012,105.2975,198.135,4.0075
6249,604233,1.423252,0.09784401,-3.050488,50.3125,175.0525,2.0475
6250,604329,-0.290116,0.924516,-1.05652,25.795,64.925,-5.74
6251,604426,1.133624,-0.05734,-0.9340321,86.04751,101.0275,-39.0075
6252,604523,1.245376,-1.276364,-0.845948,96.1275,98.875,-40.1625
6253,604619,0.935496,-1.377136,-0.7659161,41.3875,54.7575,-23.1
6254,604716,0.67222,-0.645136,-0.753228,0.63,45.6575,-6.2125
6255,604812,0.715896,-0.230336,-0.949404,-16.2925,32.2175,-6.9125
6256,604909,0.6368401,-0.293532,-0.836676,-8.855,19.1275,-5.705
6257,605006,0.643916,-0.373564,-0.83204,-3.2025,9.5025,-0.98
6258,605102,0.715652,-0.310856,-0.798124,-0.9625,4.9,3.185
6259,605199,0.530456,-0.35502,-0.729804,2.31,-4.865,3.7625
6260,605295,0.543632,-0.312808,-0.77348,-0.1225,-8.435,2.8175
6261,605392,0.526552,-0.293776,-0.7956841,-2.3275,-9.52,1.1725
6262,605489,0.50386,-0.264984,-0.8091041,-1.995,-12.3375,-0.4375
6263,605585,0.484828,-0.276208,-0.838628,0.455,-12.355,-2.1175
6264,605682,0.546072,-0.23424,-0.818132,4.41,-9.7825,-1.89
6265,605778,0.504348,-0.24522,-0.790072,7.6475,-10.465,-1.715
6266,605875,0.517036,-0.24644,-0.7998321,9.2575,-8.3125,-0.525
6267,605972,0.493124,-0.274744,-0.776896,10.115,-7.0525,0.3325
6268,606068,0.500932,-0.301828,-0.781044,10.15,-5.1275,0.42
6269,606165,0.5214281,-0.300608,-0.788608,10.43,-2.765,-0.035
6270,606261,0.48922,-0.323544,-0.754936,11.6375,-3.4125,-1.1025
6271,606358,0.50996,-0.290848,-0.7605481,9.765,-3.5,-3.29
6272,606455,0.494832,-0.274256,-0.7605481,6.7025,-3.3075,-4.6025
6273,606551,0.469944,-0.293776,-0.754936,5.705,-3.6575,-5.775
6274,606648,0.463356,-0.294508,-0.753716,3.325,-1.96,-7.5425
6275,606744,0.495808,-0.291092,-0.7707961,1.4,-1.12,-9.8525
6276,606841,0.501176,-0.251076,-0.787876,-0.035,0.4375,-10.185
6277,606937,0.524112,-0.274988,-0.780312,1.12,1.225,-9.6425
6278,607034,0.547048,-0.231068,-0.76372,1.1025,2.0825,-9.0475
6279,607131,0.51606,-0.266936,-0.7522521,1.6975,2.0825,-7.6475
6280,607227,0.492148,-0.287188,-0.7571321,0.2275,1.9775,-7.2625
6281,607324,0.498736,-0.272792,-0.752984,-2.6425,2.87,-8.155
6282,607420,0.490928,-0.297192,-0.752984,-4.2875,3.2725,-9.87
6283,607517,0.504836,-0.28426,-0.7766521,-7.385,4.025,-12.0575
6284,607614,0.5214281,-0.2562,-0.774456,-9.24,4.4975,-14.49
6285,607710,0.519964,-0.25498,-0.778116,-9.3625,4.34,-16.31
6286,607807,0.53192,-0.242536,-0.782752,-9.415,5.775,-16.66
6287,607903,0.527284,-0.236436,-0.78324,-8.47,7.0525,-16.625
6288,608000,0.531188,-0.222772,-0.784704,-8.0325,9.66,-15.75
6289,608096,0.544852,-0.244244,-0.78324,-7.63,12.0225,-14.8925
6290,608193,0.553392,-0.217648,-0.791536,-7.5425,13.8425,-13.79
6291,608290,0.548512,-0.221064,-0.80276,-5.6525,15.3125,-12.5825
6292,608386,0.598044,-0.156892,-0.766892,-4.2,18.06,-11.0075
6293,608483,0.525576,-0.290116,-0.788608,-3.535,23.835,-7.4025
6294,608579,0.555832,-0.05612,-0.884012,2.625,30.9225,-3.8675
6295,608676,0.535092,-0.234972,-0.803248,8.4,39.5675,-0.7525
6296,608773,0.551928,-0.213744,-0.826428,9.8175,49.805,2.7125
6297,608869,0.53192,-0.235704,-0.838628,16.3275,57.8025,5.4425
6298,608966,0.526308,-0.28792,-0.828868,20.44,67.7425,7.735
6299,609062,0.518988,-0.347456,-0.808372,23.6775,77.84,7.8225
6300,609159,0.5363121,-0.279624,-0.8430201,22.435,87.99,5.4075
6301,609255,0.5307,-0.305,-0.8698601,25.0425,98.7175,3.2025
6302,609352,0.5214281,-0.242048,-0.9254921,25.0075,114.485,3.6925
6303,609449,0.489464,-0.276452,-0.941596,32.97,132.8425,5.81
6304,609545,0.488244,-0.275964,-0.9696561,39.725,157.08,5.145
6305,609642,0.462868,-0.285236,-0.980148,46.2,185.29,1.05
6306,609738,0.464576,-0.288408,-0.996008,50.995,217.07,-4.6375
6307,609835,0.441396,-0.392352,-0.9762441,56.56,252.805,-14.0875
6308,609932,0.604388,-0.329644,-1.090924,58.3975,292.4775,-27.2475
6309,610028,0.775676,-0.556076,-1.127768,57.1725,330.9425,-45.2025
6310,610125,1.717028,-0.791292,-1.311988,47.7925,361.5675,-61.285
6311,610221,1.537688,-0.866444,-1.21878,28.7175,361.69,-77.47251
6312,610318,1.33346,-0.8132521,-1.547448,11.5325,353.71,-98.735
6313,610414,1.170224,-0.632448,-1.588196,12.18,336.21,-93.065
6314,610511,1.215852,-0.6566041,-1.402756,24.3775,301.0175,-88.41001
6315,610608,1.302472,-0.792756,-1.390312,27.6675,265.5275,-91.6475
6316,610704,0.346724,-0.711748,-1.49694,0.91,212.0475,-94.4125
6317,610801,-0.5404601,-1.031388,-2.191852,-41.685,142.415,-76.475
6318,610897,0.913048,-0.8662001,-2.584936,-83.73751,104.37,-40.25
6319,610994,-0.868152,-0.528504,-1.578436,-105.665,-7.9625,-65.765
6320,611091,-0.15494,-0.671732,-1.685308,-100.31,-24.3425,-74.9175
6321,611187,0.05124001,-0.8405801,-1.579656,-92.47001,-58.975,-76.755
6322,611284,-0.185684,-1.103856,-1.260992,-86.485,-112.77,-66.53501
6323,611380,-0.1647,-1.236592,-1.056032,-95.515,-142.1,-50.75
6324,611477,-0.126636,-1.223904,-0.8996281,-115.29,-163.345,-32.0775
6325,611573,-0.031476,-1.155584,-0.805444,-130.9525,-179.7425,-6.895
6326,611670,-0.01952,-1.073844,-0.695888,-138.495,-195.6675,21.8225
6327,611767,0.0061,-0.94062,-0.596092,-140.84,-206.5175,47.775
6328,611863,0.105896,-0.835212,-0.538508,-137.515,-210.525,67.4275
6329,611960,0.247904,-0.788852,-0.558028,-129.0625,-211.54,79.5375
6330,612056,0.346968,-0.815936,-0.61488,-121.3275,-216.1425,84.0525
6331,612153,0.35014,-0.743468,-0.64294,-119.5775,-223.265,83.825
6332,612250,0.469212,-0.6182961,-0.713944,-113.96,-225.995,81.3575
6333,612346,0.695644,-0.58804,-0.824964,-94.22,-226.345,78.3125
6334,612443,0.869616,-0.69052,-0.885964,-66.045,-234.885,78.0675
6335,612539,0.9403761,-0.834236,-0.8723001,-44.3275,-248.2025,82.18
6336,612636,0.972828,-0.935984,-0.818132,-35.945,-257.845,88.18251
6337,612732,0.9886881,-0.9906401,-0.7622561,-35.3675,-260.2075,97.545
6338,612829,1.01748,-1.0492,-0.685396,-34.3,-255.745,111.5625
6339,612926,1.128744,-1.173884,-0.648064,-29.645,-243.1625,132.195
6340,613022,1.196576,-1.290516,-0.58194,-29.9425,-229.04,157.99
6341,613119,1.247572,-1.379576,-0.5063,-39.62,-212.0825,184.3625
6342,613215,1.357128,-1.358836,-0.454328,-57.9425,-189.8925,207.0775
6343,613312,1.503528,-1.33346,-0.411872,-78.0675,-166.565,222.355
6344,613409,1.734352,-1.236348,-0.4026,-96.91501,-144.41,230.7025
6345,613505,1.966152,-0.932568,-0.322568,-107.8525,-128.0475,237.7375
6346,613602,2.231624,-0.432368,-0.358924,-105.0,-113.33,245.21
6347,613698,2.675948,-0.283284,-0.371368,-83.3875,-107.485,241.885
6348,613795,2.910432,-0.60878,-0.181536,-69.615,-123.3925,223.4575
6349,613891,3.033164,-0.055144,0.625128,-111.4925,-136.4125,175.8225
6350,613988,3.419416,0.656848,0.913048,-157.3425,-129.815,107.5375
6351,614085,2.872856,0.665876,1.79218,-114.205,-123.48,73.8325
6352,614181,2.757932,-0.086132,2.573224,-13.755,-86.66,59.08
6353,614278,3.107584,0.100772,2.72548,9.0825,22.6275,51.765
6354,614374,2.8182,0.237412,2.545408,34.685,127.6275,57.54
6355,614471,1.653832,-0.3721,-2.515396,79.03,235.83,56.07
6356,614568,0.8488761,0.692716,-2.790384,28.0175,216.16,31.57
6357,614664,1.005036,1.080432,-0.9335441,9.275,134.1375,-31.99
6358,614761,0.9952761,-0.673196,-0.9572121,74.655,144.0775,-56.35
6359,614857,0.22082,-0.8030041,-0.596336,62.72,122.6225,-38.255
6360,614954,1.038708,-0.449692,-0.9167081,41.965,141.015,-25.83
6361,615051,1.653344,-0.792756,-1.49572,22.68,136.5175,-40.53
6362,615147,1.050664,-0.9633121,-0.769088,-17.15,52.9725,-48.755
6363,615244,0.5124001,-0.407968,-0.8378961,-48.0725,16.94,-42.2625
6364,615340,1.036268,-0.048312,-1.053592,-49.1925,30.87,-29.0325
6365,615437,0.611952,-0.295728,-0.7998321,-32.235,4.655,-23.1525
6366,615533,0.609024,-0.318664,-0.822036,-25.095,0.665,-14.0875
6367,615630,0.604388,-0.25498,-0.8378961,-25.0425,0.0525,-12.3725
6368,615727,0.5458281,-0.244732,-0.838628,-20.2825,-4.655,-11.55
6369,615823,0.5368,-0.225456,-0.839116,-17.3075,-4.9175,-10.22
6370,615920,0.552904,-0.181292,-0.8471681,-11.585,-3.2025,-6.7725
6371,616016,0.5267961,-0.237168,-0.81862,-4.725,-3.15,-3.4475
6372,616113,0.51972,-0.235948,-0.8230121,-1.6275,-2.415,-1.75
6373,616210,0.518012,-0.231556,-0.808372,1.4875,-2.0125,-0.7525
6374,616306,0.514352,-0.247904,-0.8039801,4.865,-2.695,-0.07
6375,616403,0.48922,-0.254004,-0.7978801,7.6125,-3.43,-0.5075
6376,616499,0.477508,-0.259372,-0.782508,8.6975,-2.6775,-1.4175
6377,616596,0.51606,-0.251808,-0.7700641,7.8225,-0.175,-2.6775
6378,616692,0.515572,-0.269132,-0.777872,8.3475,0.665,-3.605
6379,616789,0.549244,-0.22814,-0.8149601,10.6925,0.6475,-4.9525
6380,616886,0.525088,-0.248392,-0.768356,15.4875,-2.5025,-6.2125
6381,616982,0.468968,-0.288164,-0.761524,15.6625,-4.55,-7.035
6382,617079,0.453108,-0.273036,-0.7515201,11.3225,-2.9225,-9.03
6383,617175,0.432124,-0.3172,-0.718092,5.1275,-1.96,-12.6875
6384,617272,0.427,-0.326472,-0.722972,-2.205,-1.995,-16.52
6385,617369,0.49166,-0.25498,-0.7517641,-9.3975,-0.07,-20.195
6386,617465,0.484584,-0.247172,-0.782508,-12.5125,-0.9975,-22.7325
6387,617562,0.526308,-0.147864,-0.82838,-14.0525,1.575,-21.945
6388,617658,0.525088,-0.270352,-0.7829961,-10.0625,0.7525,-21.595
6389,617755,0.551684,-0.180316,-0.8003201,-12.8275,2.1,-21.84
6390,617852,0.571692,-0.210572,-0.790072,-11.375,3.8325,-20.09
6391,617948,0.515084,-0.213744,-0.7951961,-8.225,5.1625,-18.0075
6392,618045,0.552416,-0.207156,-0.807152,-7.4025,8.0325,-16.59
6393,618141,0.504592,-0.232532,-0.795928,-4.305,9.1875,-16.5025
6394,618238,0.482388,-0.258884,-0.8049561,-5.2325,14.84,-17.92
6395,618335,0.496052,-0.282308,-0.8039801,-7.0875,21.91,-20.1425
6396,618431,0.54168,-0.257908,-0.813496,-9.205,29.3825,-22.4
6397,618528,0.560468,-0.175192,-0.837164,-8.575,35.175,-23.5025
6398,618624,0.510692,-0.07832401,-0.890112,-2.3625,41.5975,-21.735
6399,618721,0.49776,-0.309148,-0.85034,14.875,51.415,-18.8475
6400,618818,0.570472,-0.10858,-0.909144,7.91,67.2875,-15.5575
6401,618914,0.543876,-0.1708,-0.898408,17.9375,81.74251,-11.2875
6402,619011,0.537776,-0.127368,-0.927932,18.76,99.925,-4.13
6403,619107,0.510936,-0.150792,-0.9269561,24.36,119.6825,2.205
6404,619204,0.558272,-0.141032,-0.932568,29.2425,140.6475,6.9125
6405,619301,0.553148,-0.183488,-0.9247601,36.4875,161.2625,10.64
6406,619397,0.5553441,-0.180804,-0.943548,43.96,180.4075,10.92
6407,619494,0.496052,-0.19886,-1.0065,52.115,205.03,10.185
6408,619590,0.444324,-0.239852,-0.990396,59.395,238.07,5.46
6409,619687,0.447984,-0.227408,-1.022604,66.9375,280.595,-4.305
6410,619783,0.606096,-0.35014,-1.139236,79.38,330.2775,-19.1275
6411,619880,0.7407841,-0.509228,-1.3786,93.8875,378.665,-34.02
6412,619977,1.402024,-0.562908,-1.482544,102.445,415.7125,-49.6475
6413,620073,1.319796,-0.606096,-1.452044,115.15,431.4625,-70.4725
6414,620170,1.446188,-0.731512,-1.714832,139.37,442.2075,-82.3025
6415,620266,1.82024,-0.801784,-1.8483,179.3925,435.155,-76.58
6416,620363,1.751676,-0.770308,-1.772416,206.36,396.06,-82.0925
6417,620460,1.865136,-0.6588,-2.040572,215.5825,336.175,-101.7625
6418,620556,1.279536,-0.590968,-2.08498,217.9625,236.04,-123.2
6419,620653,-1.175836,-0.767624,-2.118652,195.6325,118.405,-129.9725
6420,620749,2.27164,-1.980792,-3.002664,164.465,50.5575,-99.10251
6421,620846,-0.482388,-1.4457,-1.694336,47.285,-82.32,-119.21
6422,620943,-0.981612,-0.7381001,-1.064816,-34.265,-158.1475,-137.585
6423,621039,0.09247601,-0.5797441,-1.377624,-32.97,-96.0225,-113.5575
6424,621136,0.121268,-0.860832,-1.220976,1.9425,-121.24,-67.1125
6425,621232,-0.043188,-1.19194,-1.056764,13.405,-157.7625,-23.87
6426,621329,0.2013,-1.120448,-1.058716,-19.845,-182.175,3.2725
6427,621426,0.260104,-0.737612,-1.01748,-65.9575,-213.3775,18.3225
6428,621522,0.230824,-0.339404,-0.929152,-87.8325,-246.6275,31.01
6429,621619,0.17568,-0.109556,-0.8039801,-79.4325,-271.775,41.1425
6430,621715,0.147132,-0.062464,-0.67832,-56.28,-287.8925,47.8625
6431,621812,0.156648,-0.142008,-0.595604,-38.3425,-295.9775,49.14
6432,621909,0.219356,-0.231312,-0.55388,-34.195,-296.9925,45.01
6433,622005,0.376004,-0.28304,-0.574864,-40.1975,-293.3,39.235
6434,622102,0.482388,-0.263032,-0.5968241,-44.1,-287.175,39.8125
6435,622198,0.541436,-0.244,-0.6075601,-41.86,-279.58,47.6875
6436,622295,0.671244,-0.310856,-0.7076001,-34.965,-267.6975,55.685
6437,622391,0.9052401,-0.39406,-0.903044,-26.74,-260.1375,65.1
6438,622488,1.013332,-0.439688,-0.960384,-17.5875,-265.4225,79.9225
6439,622585,1.042612,-0.524356,-0.9669721,-11.06,-272.6675,97.685
6440,622681,1.117276,-0.500688,-0.99796,-7.42,-274.0325,113.47
6441,622778,1.191452,-0.480436,-1.092144,-1.96,-273.42,126.4375
6442,622874,1.303204,-0.543632,-1.190964,6.5975,-275.4675,136.6225
6443,622971,1.42008,-0.626348,-1.227076,10.85,-277.655,148.4875
6444,623068,1.554524,-0.7795801,-1.207312,9.5725,-277.7775,163.0825
6445,623164,1.718736,-0.8713241,-1.110688,-2.8,-272.405,179.2
6446,623261,1.911008,-0.820816,-0.990884,-22.9075,-260.505,195.02
6447,623357,2.1655,-0.729072,-0.797636,-42.245,-242.0425,206.2725
6448,623454,2.413404,-0.621468,-0.515816,-61.215,-221.165,205.24
6449,623551,2.590792,-0.620736,-0.195932,-79.905,-201.8975,187.39
6450,623647,2.886764,-0.151036,0.214232,-100.6775,-176.2775,154.175
6451,623744,3.423076,-0.044896,0.185684,-93.975,-162.015,121.5725
6452,623840,3.00242,0.019276,0.758108,-68.425,-180.915,94.5
6453,623937,2.822592,0.261568,1.291736,-45.8325,-180.9325,55.2475
6454,624034,2.869928,-0.000488,1.671888,-14.385,-143.255,18.8125
6455,624130,3.050732,-0.271084,1.911496,-0.77,-91.84001,3.045
6456,624227,3.150284,-0.197884,2.265296,-5.7575,-26.565,13.7375
6457,624323,2.530036,0.133956,2.52174,-9.38,58.3625,41.65
6458,624420,0.757376,-0.022448,-1.208288,18.34,172.0425,77.245
6459,624516,0.791536,0.25254,-3.04268,20.16,246.365,74.97
6460,624613,0.705404,1.36274,-1.148752,-13.1775,174.1425,29.61
6461,624710,1.425692,0.562664,-1.353956,34.7375,192.29,-8.2075
6462,624806,0.96624,-0.027816,-1.443504,64.68,172.935,-27.65
6463,624903,0.5504641,-0.260592,-0.834724,55.79,135.8525,-38.4475
6464,624999,0.853756,-0.519476,-0.8991401,65.0475,138.4075,-35.035
6465,625096,0.72468,-0.447496,-0.9010921,57.575,126.2625,-29.995
6466,625193,0.752984,-0.292556,-0.911096,45.85,116.13,-35.49
6467,625289,0.6422081,-0.454572,-0.797392,45.29,105.9275,-37.7125
6468,625386,0.944768,-0.64294,-0.8332601,35.4375,100.52,-44.205
6469,625482,0.976976,-0.923052,-0.87962,11.935,88.8125,-49.9275
6470,625579,1.107272,-0.85888,-1.000156,-22.435,66.0275,-45.465
6471,625676,0.7415161,-0.354288,-0.8764481,-47.88,43.2425,-38.2725
6472,625772,0.663924,-0.210328,-0.921588,-49.56,28.0175,-36.1025
6473,625869,0.642452,-0.266204,-0.873764,-43.3825,18.5325,-30.7475
6474,625965,0.651236,-0.183244,-0.9108521,-37.975,12.74,-25.06
6475,626062,0.587796,-0.178852,-0.9059721,-30.135,8.96,-20.055
6476,626159,0.57462,-0.21106,-0.8591241,-21.455,7.98,-15.2425
6477,626255,0.5594921,-0.222284,-0.836676,-15.4875,7.0525,-10.955
6478,626352,0.569252,-0.248148,-0.833504,-9.03,3.9025,-7.945
6479,626448,0.530212,-0.242536,-0.786656,-6.4925,1.9775,-6.3
6480,626545,0.5063,-0.270352,-0.77592,-7.3325,4.6025,-6.1075
6481,626641,0.532164,-0.254248,-0.780312,-6.3525,4.795,-5.6175
6482,626738,0.47702,-0.27694,-0.777384,-4.9525,3.6225,-5.39
6483,626835,0.465308,-0.280356,-0.778604,-3.57,3.6225,-6.37
6484,626931,0.44896,-0.26596,-0.764452,-3.36,5.7575,-9.1
6485,627028,0.537044,-0.273768,-0.8244761,-3.1675,8.3475,-12.705
6486,627124,0.561688,-0.233996,-0.7854361,-0.035,9.1,-14.385
6487,627221,0.501176,-0.26718,-0.7666481,4.83,6.1425,-14.14
6488,627318,0.4941,-0.284504,-0.766892,3.71,8.015,-14.1225
6489,627414,0.518988,-0.232532,-0.7571321,0.805,9.065,-15.015
6490,627511,0.498248,-0.229116,-0.777628,-0.8225,9.345,-15.3125
6491,627607,0.5077641,-0.19154,-0.814472,-2.03,10.2025,-15.4
6492,627704,0.5587601,-0.20618,-0.788608,-0.665,11.8475,-14.8925
6493,627801,0.55388,-0.20984,-0.758596,0.315,14.1575,-13.5975
6494,627897,0.557052,-0.21472,-0.78324,1.12,15.47,-12.2325
6495,627994,0.5553441,-0.235216,-0.764452,2.87,15.96,-11.97
6496,628090,0.523868,-0.256932,-0.78446,2.8,17.5875,-12.5475
6497,628187,0.517036,-0.28182,-0.787876,1.82,21.035,-13.7375
6498,628284,0.529968,-0.286212,-0.777628,0.175,26.9675,-16.7475
6499,628380,0.54534,-0.210084,-0.799344,-0.035,33.6875,-20.09
6500,628477,0.518256,-0.184952,-0.833504,6.44,39.6725,-22.2075
6501,628573,0.566812,-0.255224,-0.8425321,17.0275,46.305,-21.63
6502,628670,0.609268,-0.09272,-0.875472,14.14,56.9275,-19.3375
6503,628767,0.60024,-0.16104,-0.8574161,18.5675,69.9125,-13.2825
6504,628863,0.590724,-0.102724,-0.896944,23.2225,85.2425,-4.8825
6505,628960,0.562664,-0.131272,-0.9098761,27.7725,103.3025,4.725
6506,629056,0.548268,-0.134444,-0.9330561,34.02,123.8475,13.5625
6507,629153,0.548756,-0.149328,-0.949892,44.2925,145.1975,20.0725
6508,629250,0.555588,-0.183244,-0.989664,55.545,166.3375,25.27
6509,629346,0.460916,-0.1708,-1.033584,66.6925,193.725,27.055
6510,629443,0.451156,-0.209596,-1.08458,83.825,228.795,27.23
6511,629539,0.368928,-0.226676,-1.089948,99.61,273.7,23.065
6512,629636,0.386252,-0.255224,-1.164612,117.4775,326.655,16.3625
6513,629733,0.602436,-0.31598,-1.265872,140.595,382.795,5.1975
6514,629829,1.370548,-0.540216,-1.541592,178.4475,431.4625,-2.695
6515,629926,1.531588,-0.677344,-1.665544,204.155,455.21,-5.5125
6516,630022,1.651148,-0.8332601,-1.76778,228.585,458.36,-19.565
6517,630119,1.971032,-0.9254921,-1.9032,244.3,442.6975,-38.8325
6518,630216,2.147688,-0.9335441,-1.992748,245.0525,396.585,-61.5475
6519,630312,1.905396,-0.676368,-2.314096,244.02,316.715,-86.835
6520,630409,0.849852,-0.243268,-2.161352,240.8175,200.4975,-108.29
6521,630505,-0.866932,-0.346236,-2.630564,235.3225,69.9825,-123.4975
6522,630602,2.075952,-1.595028,-3.055612,194.4425,1.7325,-154.63
6523,630699,-0.7473721,-0.930616,-1.486936,78.0675,-167.93,-229.5825
6524,630795,-0.340136,-0.959408,-1.314672,27.5275,-187.5125,-240.73
6525,630892,0.33916,-1.223904,-1.322968,14.735,-167.405,-202.545
6526,630988,0.07515201,-1.356884,-1.054324,-5.88,-198.94,-145.5475
6527,631085,0.07564,-1.2749,-0.971364,-37.17,-216.1775,-91.0175
6528,631182,0.08296,-0.9562361,-0.8784,-72.0475,-232.085,-48.09
6529,631278,0.027328,-0.53802,-0.77592,-89.4075,-248.0275,-16.485
6530,631375,0.049044,-0.273524,-0.711992,-78.6975,-257.495,7.665
6531,631471,0.06466001,-0.173972,-0.608048,-53.7425,-264.9325,24.43
6532,631568,0.07564,-0.189832,-0.542168,-35.105,-270.8475,31.3075
6533,631665,0.172996,-0.232288,-0.56974,-32.48,-274.12,25.7775
6534,631761,0.33062,-0.170312,-0.630496,-42.8225,-277.41,11.2175
6535,631858,0.476776,-0.176412,-0.667828,-46.4275,-284.3575,-1.6625
6536,631954,0.463112,-0.233264,-0.609024,-38.08,-291.375,-3.955
6537,632051,0.447252,-0.33916,-0.554368,-25.27,-287.35,2.8875
6538,632148,0.600484,-0.448228,-0.71736,-11.76,-269.43,15.995
6539,632244,0.86742,-0.498248,-0.839604,0.9975,-257.005,34.72
6540,632341,0.9633121,-0.542656,-0.824232,11.0775,-258.65,56.245
6541,632437,0.926712,-0.5429,-0.8025161,17.535,-259.28,73.3075
6542,632534,0.9125601,-0.505568,-0.726876,22.7675,-253.7675,83.09001
6543,632631,1.014796,-0.535092,-0.754448,31.885,-238.6825,87.8675
6544,632727,1.208044,-0.6470881,-0.839604,46.9875,-223.51,93.205
6545,632824,1.31638,-0.820816,-0.831064,63.91,-212.9575,104.65
6546,632920,1.414956,-1.02846,-0.805932,71.5575,-202.79,121.1175
6547,633017,1.655296,-1.185352,-0.769088,65.0825,-187.425,139.4575
6548,633114,1.950048,-1.29076,-0.7283401,48.3175,-171.0275,160.615
6549,633210,2.392176,-1.375916,-0.77592,28.455,-158.235,186.4975
6550,633307,2.759396,-0.971364,-0.73932,7.455,-156.17,219.835
6551,633403,2.95606,-0.346236,-0.521916,-7.3325,-162.855,257.3725
6552,633500,3.235928,-0.171776,-0.262056,-12.81,-170.7825,278.145
6553,633597,3.461628,-0.147132,-0.061732,-51.3625,-187.0925,263.97
6554,633693,3.427224,0.049044,0.300608,-128.8,-220.045,222.985
6555,633790,2.84138,0.595848,0.735904,-189.5775,-250.775,170.52
6556,633886,2.428288,0.764452,1.2322,-175.4025,-252.49,119.91
6557,633983,2.511736,0.609756,1.835612,-102.0775,-203.0875,65.6775
6558,634080,3.114904,0.127368,1.865136,-34.51,-141.1725,30.8175
6559,634176,2.864804,0.222528,2.522472,-12.6875,-78.34751,28.4025
6560,634273,1.356884,0.758596,2.860412,-18.2,6.65,39.1825
6561,634369,1.103612,-0.040992,-2.796972,52.1675,209.72,65.8
6562,634466,0.459696,0.676368,-2.429996,41.4925,218.89,39.2525
6563,634563,1.209508,0.951356,-0.943548,-2.4675,181.2475,-18.585
6564,634659,1.604544,-0.189588,-1.751188,72.9925,216.1425,-37.275
6565,634756,0.667096,-0.17568,-1.044808,57.8375,165.9175,-33.81
6566,634852,0.8940161,-0.36844,-1.000888,63.9625,155.96,-34.02
6567,634949,0.8337481,-0.46238,-0.93086,65.38,144.0775,-32.6725
6568,635046,0.74664,-0.430172,-0.847412,52.99,125.6325,-37.73
6569,635142,0.654408,-0.581452,-0.6919841,50.715,115.255,-39.55
6570,635239,0.790072,-0.7503,-0.79422,39.8125,112.7525,-39.9525
6571,635335,0.9716081,-0.930616,-0.821304,13.72,111.16,-43.19
6572,635432,0.8725441,-0.793244,-0.9037761,-14.35,94.02751,-45.5175
6573,635529,1.030656,-0.5124001,-0.99552,-41.0025,73.885,-36.8375
6574,635625,0.637816,-0.334524,-0.8996281,-53.165,44.24,-38.6225
6575,635722,0.7217521,-0.207156,-0.9547721,-46.48,37.485,-31.0625
6576,635818,0.61,-0.24156,-0.9018241,-39.2,25.3225,-26.9325
6577,635915,0.631716,-0.18422,-0.91622,-31.955,19.6875,-21.4725
6578,636012,0.580232,-0.188612,-0.872788,-22.82,15.4525,-16.24
6579,636108,0.582184,-0.23668,-0.86864,-15.2075,13.0725,-11.7075
6580,636205,0.545096,-0.231556,-0.823744,-9.485,11.3225,-6.9825
6581,636302,0.507276,-0.240096,-0.8108121,-4.83,10.4125,-4.9525
6582,636398,0.508496,-0.254736,-0.780556,-1.9075,9.9225,-3.64
6583,636495,0.509472,-0.272792,-0.799344,-0.49,9.9575,-2.73
6584,636591,0.498004,-0.30012,-0.781532,1.715,8.785,-2.9225
6585,636688,0.492636,-0.332572,-0.774456,2.9575,8.855,-4.34
6586,636785,0.5246,-0.306952,-0.800076,4.0425,9.7125,-5.7225
6587,636881,0.538996,-0.2684,-0.746396,6.23,8.155,-6.0725
6588,636978,0.463112,-0.339892,-0.72956,5.705,5.7925,-7.1925
6589,637074,0.452376,-0.35624,-0.725656,2.7475,7.7875,-9.9575
6590,637171,0.439932,-0.372588,-0.697108,-2.1,9.1875,-14.6125
6591,637268,0.459208,-0.368928,-0.710528,-8.82,10.8675,-19.7575
6592,637364,0.538264,-0.2745,-0.741028,-14.98,12.8975,-22.225
6593,637461,0.564128,-0.196908,-0.838628,-17.2725,12.7575,-22.435
6594,637557,0.552904,-0.188368,-0.801296,-14.8575,12.5825,-20.3175
6595,637654,0.5553441,-0.217648,-0.796416,-9.835,12.3375,-18.4625
6596,637751,0.5594921,-0.242048,-0.772016,-8.7325,13.8775,-17.29
6597,637847,0.561444,-0.266448,-0.762012,-7.105,15.855,-17.3775
6598,637944,0.546072,-0.224968,-0.780312,-6.1775,17.78,-16.765
6599,638040,0.526552,-0.272304,-0.7795801,-3.9725,19.81,-16.8
6600,638137,0.513864,-0.290116,-0.779092,-1.61,21.91,-18.0775
6601,638233,0.535092,-0.267668,-0.787388,-1.75,27.0375,-20.9475
6602,638330,0.557052,-0.184952,-0.792268,-1.9775,34.44,-23.03
6603,638427,0.606828,-0.168848,-0.84424,5.4075,42.5425,-21.8225
6604,638523,0.57096,-0.238876,-0.8400921,18.55,50.33,-19.25
6605,638620,0.607316,-0.194956,-0.8420441,17.6575,60.0425,-15.96
6606,638716,0.612684,-0.170068,-0.859368,16.9575,72.3625,-10.4825
6607,638813,0.5690081,-0.185196,-0.8906,25.8475,85.575,-3.535
6608,638910,0.557296,-0.166896,-0.927932,28.7,103.5475,2.9925
6609,639006,0.562176,-0.151524,-0.944768,37.9575,124.215,9.0825
6610,639103,0.527528,-0.155916,-0.9718521,52.2375,145.495,16.345
6611,639199,0.529724,-0.183,-1.006256,65.50251,171.2025,22.785
6612,639296,0.447008,-0.160064,-1.0675,76.72,203.665,25.6025
6613,639393,0.4213881,-0.174216,-1.123864,92.33001,242.8825,27.7375
6614,639489,0.371612,-0.163236,-1.135088,111.8075,290.0275,29.12
6615,639586,0.390888,-0.175436,-1.14192,137.1475,342.475,27.055
6616,639682,0.81984,-0.177876,-1.29442,173.985,397.5825,23.695
6617,639779,1.533052,-0.434808,-1.682136,231.5075,438.55,25.0075
6618,639876,1.721908,-0.928664,-1.729228,271.425,453.565,25.445
6619,639972,1.89344,-0.874984,-1.888316,274.085,449.435,0.455
6620,640069,1.998604,-0.926468,-1.793888,269.7625,419.755,-29.2425
6621,640165,1.901736,-0.8976761,-1.929796,261.7125,361.06,-57.12
6622,640262,1.524756,-0.510448,-2.22772,251.23,275.8,-87.95501
6623,640359,-0.0061,-0.015128,-2.39852,249.305,164.1675,-105.8925
6624,640455,0.621224,-0.449692,-3.088796,244.055,21.7875,-147.525
6625,640552,1.298568,-1.388116,-2.711572,174.7025,-67.4975,-218.7675
6626,640648,-0.76738,-0.9376921,-1.312476,71.4875,-233.03,-286.5625
6627,640745,-0.08418,-1.217804,-1.342976,38.4475,-211.89,-275.8175
6628,640842,0.236924,-1.397144,-1.155828,16.8,-213.465,-225.3825
6629,640938,-0.032696,-1.420812,-0.9150001,-10.9375,-236.67,-164.08
6630,641035,0.003172,-1.224148,-0.8400921,-39.725,-243.81,-105.805
6631,641131,0.02562,-0.9010921,-0.7686,-60.41,-247.8,-57.4
6632,641228,0.05612,-0.647576,-0.713212,-63.035,-252.2625,-16.52
6633,641325,0.082472,-0.513376,-0.660752,-54.8625,-257.1975,16.3975
6634,641421,0.063684,-0.412604,-0.59292,-50.33,-262.5875,38.605
6635,641518,0.13054,-0.2928,-0.57462,-56.28,-265.8425,48.265
6636,641614,0.279136,-0.199348,-0.604388,-65.45,-268.0475,43.575
6637,641711,0.433832,-0.16592,-0.71248,-68.5475,-272.3,30.9575
6638,641808,0.471164,-0.2013,-0.7141881,-60.7075,-282.9925,21.8575
6639,641904,0.450912,-0.288896,-0.6612401,-47.775,-289.3275,21.5075
6640,642001,0.5172801,-0.352092,-0.657824,-35.8925,-285.075,26.53
6641,642097,0.70394,-0.456524,-0.763232,-20.4575,-274.68,34.5275
6642,642194,0.95038,-0.5694961,-0.8576601,-4.06,-269.0975,49.4375
6643,642290,1.017724,-0.648308,-0.8764481,6.65,-270.4975,70.98001
6644,642387,0.983564,-0.686616,-0.849852,10.2375,-271.775,91.8575
6645,642484,0.989176,-0.621224,-0.874984,10.885,-263.7425,106.785
6646,642580,1.081896,-0.604144,-0.9228081,13.5975,-249.9875,114.4675
6647,642677,1.209264,-0.632204,-0.984784,21.2975,-234.8675,120.6975
6648,642773,1.411052,-0.775676,-0.9633121,29.26,-219.905,128.0825
6649,642870,1.687992,-0.978684,-0.9089001,28.945,-204.4875,137.0425
6650,642967,2.031056,-1.135088,-0.820572,17.0975,-189.0875,149.3625
6651,643063,2.342888,-0.9372041,-0.720532,-4.6725,-174.125,166.4775
6652,643160,2.74134,-0.648308,-0.572668,-19.5825,-160.7725,184.45
6653,643256,3.244712,-0.482632,-0.43676,-24.1675,-155.19,196.2275
6654,643353,3.749548,-0.392352,-0.182268,-30.3975,-168.3325,204.015
6655,643450,3.649996,-0.966484,0.430172,-58.73,-206.7625,203.1925
6656,643546,3.051952,-0.211304,1.36762,-153.37,-227.85,160.58
6657,643643,3.168828,1.018456,1.710928,-214.97,-199.0275,91.3325
6658,643739,2.632028,0.945256,2.511248,-125.825,-153.2825,72.1525
6659,643836,3.083672,-0.415288,3.073668,30.03,-78.89,93.9575
6660,643933,3.655852,0.018544,3.309616,10.7275,47.3725,104.6325
6661,644029,1.83976,1.044076,1.82512,-30.625,158.97,106.1025
6662,644126,1.713612,0.593652,-4.085292,38.115,276.7275,87.88501
6663,644222,1.274168,1.872212,-2.187948,-24.6225,217.665,5.7225
6664,644319,1.365424,0.9125601,-0.959164,0.945,156.6425,-63.2975
6665,644416,0.983564,-0.788608,-1.319552,79.1875,163.1875,-61.5825
6666,644512,0.301096,-0.7034521,-0.49654,46.2,135.6075,-39.4275
6667,644609,0.859856,-0.38674,-0.774456,35.4375,159.95,-27.895
6668,644705,1.10654,-0.351116,-1.071648,25.9875,152.5125,-38.5175
6669,644802,1.606984,-1.262212,-1.304912,1.54,114.3975,-67.1125
6670,644899,0.8866961,-0.8471681,-0.710528,-54.46,52.15,-62.23
6671,644995,0.983076,0.1281,-1.173396,-84.6825,19.6875,-53.5675
6672,645092,0.8713241,-0.223016,-0.918416,-69.8425,8.0325,-46.5325
6673,645188,0.6314721,-0.273524,-0.860588,-46.7775,-15.3825,-35.21
6674,645285,0.612684,-0.25742,-0.835456,-45.7975,-13.2125,-28.175
6675,645381,0.528016,-0.182268,-0.882304,-36.295,-15.3475,-24.605
6676,645478,0.553392,-0.108824,-0.8657121,-28.9975,-7.9625,-18.445
6677,645575,0.53924,-0.123708,-0.844972,-18.445,-6.58,-12.7575
6678,645671,0.519964,-0.135908,-0.8591241,-11.8475,-4.8825,-8.505
6679,645768,0.510936,-0.132004,-0.862784,-5.6,-2.8175,-5.04
6680,645864,0.496052,-0.135908,-0.8549761,0.3675,-0.8225,-2.03
6681,645961,0.50508,-0.218868,-0.8049561,5.705,1.4,-0.0875
6682,646058,0.547536,-0.231312,-0.772016,6.79,1.715,-0.0525
6683,646154,0.520208,-0.180804,-0.800808,6.37,-0.42,-0.8400001
6684,646251,0.5058121,-0.17202,-0.8178881,6.545,-1.9775,-1.015
6685,646347,0.495076,-0.23058,-0.799588,8.3475,-1.47,-1.26
6686,646444,0.519964,-0.24644,-0.78324,8.12,-1.5575,-2.7475
6687,646541,0.509716,-0.244488,-0.79178,6.7725,-3.0625,-4.655
6688,646637,0.514108,-0.216916,-0.79666,6.265,-4.13,-5.81
6689,646734,0.513376,-0.180316,-0.79422,5.6175,-3.3775,-6.16
6690,646830,0.509472,-0.176412,-0.8039801,6.3525,-2.7475,-5.11
6691,646927,0.508008,-0.175436,-0.807884,7.21,-1.365,-4.1825
6692,647024,0.5016641,-0.160796,-0.8244761,8.155,1.1725,-3.3075
6693,647120,0.498736,-0.182268,-0.820084,10.4475,5.1275,-2.1875
6694,647217,0.500688,-0.215696,-0.797636,12.6875,9.38,-1.7325
6695,647313,0.50874,-0.200812,-0.8039801,13.1075,12.39,-2.485
6696,647410,0.484096,-0.20984,-0.798368,13.5625,15.0675,-3.01
6697,647507,0.519476,-0.205692,-0.817644,13.825,18.9175,-3.185
6698,647603,0.461404,-0.2623,-0.80642,14.875,23.3625,-4.27
6699,647700,0.46116,-0.278404,-0.805688,13.8775,31.8325,-7.56
6700,647796,0.410164,-0.311344,-0.839604,14.6825,41.335,-13.7725
6701,647893,0.46726,-0.231068,-0.85888,14.35,52.1325,-19.215
6702,647990,0.532408,-0.232288,-0.84546,14.0,65.415,-20.93
6703,648086,0.553148,-0.123708,-0.864736,19.0925,75.075,-20.5625
6704,648183,0.591212,-0.10736,-0.876204,20.3175,88.39251,-15.995
6705,648279,0.559004,-0.111264,-0.876692,23.03,100.94,-10.1675
6706,648376,0.570716,-0.102724,-0.8759601,25.0425,116.13,-3.8325
6707,648473,0.5612,-0.11468,-0.8857201,29.96,133.175,2.5025
6708,648569,0.5777921,-0.137372,-0.896944,35.875,150.5175,7.9275
6709,648666,0.576328,-0.141276,-0.908656,43.8025,169.5575,11.9175
6710,648762,0.53924,-0.139568,-0.965752,55.09,187.7925,15.1725
6711,648859,0.509472,-0.173728,-0.9860041,67.935,212.59,17.08
6712,648956,0.452864,-0.188124,-1.004548,83.755,247.3625,14.455
6713,649052,0.52826,-0.240096,-1.073844,101.57,293.545,8.7325
6714,649149,0.526064,-0.366976,-1.188036,120.505,346.4825,-1.1725
6715,649245,0.934764,-0.5165481,-1.511092,139.09,398.09,-12.215
6716,649342,1.392752,-0.634644,-1.542324,156.3275,432.215,-29.3475
6717,649439,1.411784,-0.68564,-1.65676,168.3325,454.475,-47.355
6718,649535,1.852448,-0.866444,-2.008364,188.1775,463.8725,-57.995
6719,649632,2.014708,-0.826672,-2.002264,218.9075,439.775,-60.9525
6720,649728,2.058628,-0.8332601,-2.181848,235.1125,381.57,-77.2275
6721,649825,1.5006,-0.617564,-2.347036,247.905,287.2625,-101.5525
6722,649922,0.069784,-0.148108,-1.855864,237.5975,169.785,-125.8075
6723,650018,0.9023121,-0.67344,-2.917752,235.7075,80.5875,-140.3675
6724,650115,1.499136,-1.78852,-2.843332,192.7625,6.9125,-169.1025
6725,650211,-1.002108,-1.193404,-1.232932,66.22,-185.5525,-205.8
6726,650308,-0.082716,-0.9608721,-1.398852,7.91,-134.995,-195.0025
6727,650404,0.411384,-0.938912,-1.365668,-1.015,-131.425,-144.76
6728,650501,0.028304,-1.06384,-1.087752,-1.4,-173.565,-85.4
6729,650598,0.02562,-0.991372,-0.9772201,-20.1775,-195.5975,-39.445
6730,650694,0.080764,-0.619516,-0.9145121,-50.6625,-212.8,-12.565
6731,650791,0.114924,-0.25864,-0.862296,-62.23,-232.26,5.8625
6732,650887,0.149572,-0.047092,-0.771528,-47.88,-250.845,20.195
6733,650984,0.129564,-0.038308,-0.64904,-25.9175,-268.0825,27.5625
6734,651081,0.183976,-0.13176,-0.593896,-18.3225,-276.955,25.06
6735,651177,0.305976,-0.155672,-0.596336,-28.91,-282.87,15.2075
6736,651274,0.410164,-0.123952,-0.6117081,-40.285,-287.4025,6.6325
6737,651370,0.4392,-0.21106,-0.6182961,-37.1175,-290.2725,9.3975
6738,651467,0.422852,-0.33794,-0.5838921,-31.01,-287.945,24.0625
6739,651564,0.493124,-0.353312,-0.642696,-34.2125,-273.875,40.705
6740,651660,0.823744,-0.294752,-0.8261841,-36.925,-258.2475,54.3375
6741,651757,1.078724,-0.304268,-0.903044,-25.725,-257.11,66.9375
6742,651853,1.007476,-0.3843,-0.815204,-14.245,-271.3725,76.0025
6743,651950,0.8940161,-0.341112,-0.761524,-6.8775,-275.065,79.45
6744,652047,0.9242721,-0.345748,-0.767624,6.055,-267.68,78.05
6745,652143,1.10288,-0.453108,-0.883524,26.7575,-256.7425,76.86
6746,652240,1.304668,-0.621224,-0.917684,48.8075,-250.67,82.845
6747,652336,1.38836,-0.84912,-0.853512,62.23,-247.5375,97.93
6748,652433,1.496452,-1.02968,-0.799588,60.2875,-237.79,118.6325
6749,652530,1.764608,-1.205848,-0.787388,45.22,-220.71,141.9425
6750,652626,2.085224,-1.341268,-0.7285841,20.6675,-204.295,167.09
6751,652723,2.380952,-1.046516,-0.661972,-11.1475,-191.415,193.3575
6752,652819,2.684,-0.511668,-0.5843801,-33.775,-178.8325,216.79
6753,652914,3.055856,-0.059048,-0.414068,-36.05,-173.74,226.275
6754,653011,3.438936,0.044896,-0.19032,-31.5175,-182.49,217.5425
6755,653107,3.381352,0.102724,0.189588,-51.2225,-209.8775,191.4325
6756,653204,3.170048,0.132004,0.5690081,-91.8575,-234.3425,151.97
6757,653300,2.73524,0.06661201,1.51402,-124.4775,-240.345,100.45
6758,653397,2.653256,0.955504,1.93126,-155.1375,-184.3625,36.0325
6759,653494,3.516772,0.407724,2.12646,-61.32,-111.6675,22.4525
6760,653590,3.303516,-0.277672,2.951424,21.4025,-69.0025,41.1075
6761,653687,2.208688,0.6029241,3.606076,-13.3175,32.41,62.2825
6762,653783,1.10654,0.55754,-2.427556,29.9425,223.615,84.7
6763,653880,1.197308,1.10288,-3.234952,53.3925,262.325,46.2875
6764,653977,1.367864,1.386652,-0.968924,-4.9875,180.565,-29.12
6765,654073,1.490352,-0.468968,-1.55306,89.65251,192.57,-45.9725
6766,654170,0.5314321,-0.536556,-0.838628,77.9625,154.0875,-31.64
6767,654266,0.820084,-0.393572,-0.8471681,65.15251,152.81,-22.68
6768,654363,0.906216,-0.372588,-0.9577,67.305,150.78,-22.54
6769,654460,0.927932,-0.57218,-0.8827921,55.2125,125.8425,-38.8325
6770,654556,1.103124,-1.2383,-0.8532681,36.225,115.255,-51.275
6771,654653,1.321992,-1.185596,-0.9140241,-9.6775,85.71501,-44.905
6772,654749,0.711748,0.019764,-0.942084,-61.8625,53.025,-40.7575
6773,654846,0.817156,-0.389912,-0.872056,-42.3325,37.5375,-37.6075
6774,654943,0.68076,-0.356484,-0.833992,-41.8425,23.345,-27.72
6775,655039,0.6219561,-0.175192,-0.9252481,-42.315,11.6725,-24.1325
6776,655136,0.634644,-0.220088,-0.8862081,-30.66,10.43,-18.8825
6777,655232,0.563152,-0.18788,-0.87962,-22.435,7.5075,-13.9475
6778,655329,0.517768,-0.22448,-0.837652,-15.6275,4.62,-11.41
6779,655426,0.541436,-0.237168,-0.8193521,-10.01,5.88,-9.205
6780,655522,0.549488,-0.211548,-0.7991,-7.0875,4.9,-7.35
6781,655619,0.530212,-0.235704,-0.8052,-4.1125,4.55,-4.445
6782,655715,0.511424,-0.266936,-0.797148,-1.9425,4.305,-2.45
6783,655812,0.502884,-0.294996,-0.7622561,-0.8225,4.655,-2.31
6784,655909,0.505324,-0.28548,-0.756644,-1.715,4.095,-4.025
6785,656005,0.493612,-0.265228,-0.755424,-4.0075,3.045,-6.2125
6786,656102,0.487512,-0.277184,-0.75762,-5.8275,2.205,-8.2775
6787,656198,0.49654,-0.266936,-0.7812881,-7.175,2.2225,-10.395
6788,656295,0.52826,-0.239852,-0.7747001,-7.8225,2.52,-12.5475
6789,656392,0.480924,-0.303536,-0.75518,-8.2775,1.2775,-14.5075
6790,656488,0.482144,-0.32574,-0.754204,-11.7075,-0.5775,-17.8325
6791,656585,0.52948,-0.309148,-0.692472,-17.08,-2.3275,-21.5775
6792,656681,0.554856,-0.224968,-0.8020281,-19.95,-5.4075,-22.5575
6793,656778,0.555832,-0.169336,-0.820084,-16.135,-6.09,-19.3375
6794,656875,0.55022,-0.189832,-0.80886,-9.1175,-6.335,-16.695
6795,656971,0.547048,-0.183976,-0.8127641,-5.3025,-4.34,-14.4025
6796,657068,0.534848,-0.195932,-0.8044681,-1.68,-2.4675,-12.7575
6797,657164,0.5368,-0.196176,-0.801296,0.14,0.4025,-11.515
6798,657261,0.524112,-0.201788,-0.807396,1.96,3.7275,-10.325
6799,657358,0.51118,-0.21472,-0.819108,4.4625,7.84,-9.3275
6800,657454,0.503616,-0.231556,-0.789828,6.265,12.6875,-8.89
6801,657551,0.482632,-0.27694,-0.79422,6.3,20.1075,-9.625
6802,657647,0.491904,-0.28548,-0.80886,5.4075,28.7,-12.3375
6803,657744,0.519232,-0.232044,-0.813008,6.2125,37.415,-16.3275
6804,657841,0.453596,-0.284748,-0.84424,13.2825,44.7475,-20.5625
6805,657937,0.5690081,-0.08296,-0.8845,11.305,56.7,-20.7375
6806,658034,0.54168,-0.222284,-0.851072,17.0275,69.2825,-18.2
6807,658130,0.5702281,-0.07515201,-0.8976761,18.795,82.005,-14.3325
6808,658227,0.551684,-0.130784,-0.8888921,22.89,98.735,-7.245
6809,658323,0.53802,-0.101748,-0.926224,26.1975,118.0725,-0.6475
6810,658420,0.527772,-0.131516,-0.960384,33.8275,139.1775,5.5475
6811,658517,0.523868,-0.172508,-0.973316,42.7175,162.3825,9.7475
6812,658613,0.5185,-0.183732,-1.002352,51.03,185.9025,11.8125
6813,658710,0.471408,-0.162016,-1.066768,61.74,215.74,11.69
6814,658806,0.417972,-0.230824,-1.068964,76.0025,254.9225,9.8
6815,658903,0.424804,-0.233996,-1.138992,90.70251,304.605,2.835
6816,659000,0.537288,-0.34038,-1.239032,112.63,359.6775,-7.245
6817,659096,0.926712,-0.5355801,-1.554036,140.63,411.8275,-18.8125
6818,659193,1.533052,-0.535336,-1.649928,161.1575,448.035,-29.0325
6819,659289,1.41642,-0.728096,-1.736304,180.9325,460.46,-45.22
6820,659386,1.818044,-0.805444,-2.041792,208.0925,464.4325,-55.685
6821,659483,1.942484,-0.744444,-1.911496,232.9425,434.77,-60.305
6822,659579,2.05326,-0.91744,-2.18136,236.53,376.635,-85.4
6823,659676,1.442772,-0.8378961,-2.162084,234.9725,275.135,-115.43
6824,659772,-0.68564,-0.148352,-2.093276,209.825,153.3175,-134.5575
6825,659869,1.56526,-1.100196,-3.220312,199.8325,54.5825,-135.5725
6826,659965,0.615368,-1.416176,-2.491728,130.515,-35.42,-166.5475
6827,660062,-1.098244,-0.9396441,-1.2261,46.8825,-185.4125,-191.0125
6828,660159,-0.148108,-0.8195961,-1.420324,10.0625,-130.48,-175.805
6829,660255,0.337208,-0.920368,-1.371524,9.52,-140.07,-129.29
6830,660352,0.01098,-1.058228,-1.107516,5.53,-182.63,-75.95
6831,660448,0.057828,-1.025532,-1.012112,-14.9275,-206.8675,-32.655
6832,660545,0.154696,-0.76006,-0.954284,-46.4625,-226.1875,-4.41
6833,660642,0.186416,-0.45872,-0.86742,-63.9275,-249.3925,17.675
6834,660738,0.1647,-0.260592,-0.7473721,-62.23,-270.2,34.5275
6835,660835,0.031476,-0.138104,-0.580964,-53.3925,-286.9125,41.615
6836,660931,0.064172,-0.04636,-0.5214281,-47.4075,-290.1675,37.7475
6837,661028,0.242292,-0.08759601,-0.589504,-43.9775,-285.88,22.89
6838,661125,0.410408,-0.078812,-0.65026,-43.995,-286.125,5.635
6839,661221,0.470188,-0.149328,-0.671488,-37.8525,-290.955,-3.6925
6840,661318,0.423828,-0.17934,-0.618052,-27.86,-292.8975,-2.275
6841,661414,0.590236,-0.262544,-0.729072,-13.7375,-281.0325,6.58
6842,661511,0.853512,-0.378688,-0.9581881,6.125,-269.57,21.77
6843,661608,1.000644,-0.512888,-0.978196,22.4,-276.745,42.98
6844,661704,1.067256,-0.537776,-0.90646,25.13,-285.775,63.7175
6845,661801,1.122888,-0.446032,-0.9150001,24.605,-287.105,78.085
6846,661897,1.231712,-0.434076,-0.9821,36.0675,-284.725,86.6425
6847,661994,1.393728,-0.625372,-1.031876,56.805,-282.38,96.11
6848,662091,1.532076,-0.887184,-1.009428,72.7125,-282.03,111.09
6849,662187,1.633824,-1.119716,-0.8954801,70.7875,-279.0025,131.985
6850,662284,1.821704,-1.279536,-0.774212,51.695,-269.29,157.1325
6851,662380,1.98372,-1.325896,-0.63928,19.9675,-254.5725,183.225
6852,662477,2.155984,-1.04188,-0.483608,-16.6075,-235.2175,206.815
6853,662574,2.312876,-0.292556,-0.476288,-40.3025,-208.11,227.2725
6854,662670,2.603968,0.168604,-0.294996,-29.1375,-181.055,235.0775
6855,662767,2.754272,-0.008296001,-0.107848,-13.51,-162.82,219.975
6856,662863,3.038776,0.040016,0.432368,-39.9,-141.33,178.465
6857,662960,3.558984,0.075396,0.476288,-99.6625,-122.395,125.3
6858,663057,3.312056,0.246928,1.065548,-126.2275,-131.3375,88.0775
6859,663153,3.029748,0.51606,1.730448,-109.0775,-125.5975,55.8775
6860,663250,3.076352,0.150548,2.402424,-53.76,-73.955,39.5675
6861,663346,3.414048,0.118584,3.00364,-30.7475,6.4575,39.83
6862,663443,2.170624,0.610488,2.739388,-42.14,125.825,63.8225
6863,663539,1.239032,0.706624,-2.829424,-2.0475,267.1375,97.21251
6864,663636,1.12484,1.64822,-3.06098,-13.16,275.9925,42.175
6865,663733,1.380064,1.712636,-1.0004,-23.1,196.2275,-40.6875
6866,663829,1.492548,-0.2196,-1.445212,70.77,197.96,-61.0925
6867,663926,0.61854,-0.800564,-0.857172,69.3,168.2975,-51.4675
6868,664022,0.748836,-0.691008,-0.632204,45.2375,164.9375,-35.3675
6869,664119,1.216584,-0.443592,-0.9577,34.4925,172.7775,-27.2825
6870,664216,1.250012,-0.8591241,-1.326872,13.5275,142.17,-47.985
6871,664312,1.547936,-1.059448,-0.995032,-38.745,84.665,-64.1375
6872,664409,0.8786441,-0.43188,-0.9777081,-81.18251,25.1825,-55.9825
6873,664505,0.9725841,0.21838,-1.081164,-75.425,21.875,-41.58
6874,664602,0.662216,-0.242048,-0.8430201,-37.31,-15.0675,-32.165
6875,664699,0.569252,-0.252784,-0.8276481,-36.1375,-6.23,-19.6875
6876,664795,0.5463161,-0.320616,-0.817644,-27.9125,-9.5375,-18.9875
6877,664892,0.5363121,-0.053924,-0.82838,-26.285,-8.715,-18.62
6878,664988,0.580232,-0.135908,-0.8662001,-18.4625,-7.1575,-13.72
6879,665085,0.479704,-0.203008,-0.858392,-8.75,-8.645,-9.38
6880,665182,0.517036,-0.162748,-0.851072,-5.705,-4.375,-8.505
6881,665278,0.5653481,-0.1647,-0.797636,0.525,-1.8725,-6.335
6882,665375,0.534848,-0.1586,-0.8276481,3.5875,0.6475,-2.9575
6883,665471,0.521184,-0.196908,-0.8276481,7.1575,0.525,-0.7525
6884,665568,0.495808,-0.259616,-0.866932,9.7825,1.1725,-0.42
6885,665665,0.518988,-0.2196,-0.77226,10.3775,-0.945,-1.855
6886,665761,0.526064,-0.277184,-0.778604,8.9775,1.96,-3.185
6887,665858,0.527284,-0.241804,-0.786656,6.615,0.0,-5.32
6888,665954,0.53314,-0.214476,-0.7903161,4.6375,-0.7525,-6.7375
6889,666051,0.535092,-0.217892,-0.792268,4.7075,-0.6125,-6.685
6890,666148,0.523624,-0.202032,-0.789828,4.725,-0.0525,-6.51
6891,666244,0.52704,-0.192272,-0.792024,4.865,0.6475,-6.0025
6892,666341,0.521916,-0.18056,-0.78812,5.74,0.9975,-5.6875
6893,666437,0.5185,-0.196664,-0.789828,6.4225,1.7675,-5.6525
6894,666534,0.521672,-0.207644,-0.789828,6.195,3.115,-5.6875
6895,666631,0.514108,-0.203984,-0.7944641,5.7575,4.935,-6.335
6896,666727,0.5185,-0.2013,-0.790804,5.985,7.28,-6.8775
6897,666824,0.53314,-0.199836,-0.7890961,7.0875,9.835,-6.7375
6898,666920,0.518988,-0.196176,-0.7903161,8.4525,11.865,-6.685
6899,667017,0.4933681,-0.212768,-0.806908,10.3425,15.1375,-6.8425
6900,667114,0.480436,-0.242536,-0.810568,12.1275,20.405,-8.1025
6901,667210,0.410408,-0.261568,-0.803248,11.97,28.7175,-11.235
6902,667307,0.510936,-0.216672,-0.83082,9.66,39.4625,-13.755
6903,667404,0.509228,-0.24034,-0.831064,12.145,48.685,-15.295
6904,667500,0.5363121,-0.215696,-0.839116,13.615,58.2225,-16.275
6905,667597,0.560468,-0.1708,-0.847412,15.015,68.9675,-15.8375
6906,667693,0.56974,-0.162748,-0.8493641,16.0825,80.36,-14.1225
6907,667790,0.579256,-0.148596,-0.8476561,17.5525,92.76751,-10.71
6908,667887,0.579012,-0.133956,-0.864492,19.3375,107.135,-7.21
6909,667983,0.5655921,-0.130296,-0.874984,22.7675,122.85,-3.57
6910,668080,0.559736,-0.120048,-0.881328,27.6325,139.4225,-0.5775
6911,668176,0.599264,-0.125416,-0.894748,34.2475,157.85,3.2375
6912,668273,0.600484,-0.140056,-0.8903561,43.5575,176.9075,6.9475
6913,668370,0.529724,-0.141764,-0.953796,54.0575,197.3825,9.73
6914,668466,0.50874,-0.164212,-0.941596,67.3225,226.1875,9.2925
6915,668563,0.54534,-0.176168,-1.041148,79.24,266.9625,6.3175
6916,668659,0.521916,-0.32086,-1.066036,96.84501,313.215,-0.5075
6917,668756,0.750788,-0.439932,-1.319308,111.9475,364.07,-11.5675
6918,668853,1.262212,-0.603168,-1.458632,125.44,407.19,-27.3
6919,668949,1.4091,-0.68686,-1.596248,133.6125,433.8425,-48.125
6920,669046,1.427644,-0.812276,-1.817312,146.1425,453.2675,-65.38
6921,669142,1.9459,-0.831308,-1.955172,166.915,453.6875,-70.14
6922,669239,1.860256,-0.737612,-1.886852,189.98,416.185,-74.515
6923,669336,1.705316,-0.734928,-2.180384,208.0925,357.9275,-92.645
6924,669432,0.987712,-0.4148,-2.112064,220.5875,263.7075,-113.4
6925,669529,-0.708332,0.05587601,-2.113528,214.5325,164.8675,-125.405
6926,669625,2.688148,-1.348588,-3.366956,222.5125,91.8925,-139.1425
6927,669722,0.50874,-1.631628,-2.24724,149.835,-61.5825,-166.8975
6928,669819,-1.035048,-1.086532,-1.073112,40.495,-197.435,-183.0325
6929,669915,0.029768,-0.833016,-1.320284,-7.0875,-127.085,-167.86
6930,670012,0.46238,-0.831308,-1.280268,-3.9025,-132.1775,-118.1775
6931,670108,0.145424,-0.995764,-1.060668,5.6525,-174.16,-60.4625
6932,670205,0.181048,-1.00772,-0.9650201,-6.5975,-202.5975,-16.625
6933,670302,0.277428,-0.759572,-0.906704,-38.01,-224.2275,8.9425
6934,670398,0.2196,-0.421144,-0.806908,-62.3175,-251.1775,26.565
6935,670495,0.177388,-0.123708,-0.679784,-64.27751,-272.8775,38.36
6936,670591,0.139568,0.00366,-0.566324,-48.475,-285.04,43.6625
6937,670688,0.121024,-0.06466001,-0.477264,-30.73,-290.3775,42.0175
6938,670785,0.260836,-0.174704,-0.506056,-27.9475,-287.4725,32.0425
6939,670881,0.410408,-0.227896,-0.571936,-38.885,-286.9825,20.09
6940,670978,0.5077641,-0.21228,-0.617076,-46.4275,-288.26,17.08
6941,671074,0.461404,-0.242536,-0.600972,-40.7925,-287.455,27.405
6942,671171,0.435296,-0.291336,-0.608536,-32.7425,-276.955,43.05
6943,671268,0.737856,-0.316468,-0.790072,-24.5175,-256.305,57.225
6944,671364,1.095316,-0.376736,-0.977464,-11.69,-249.76,71.19
6945,671461,1.09068,-0.430416,-0.951112,-3.01,-265.895,83.79001
6946,671557,1.018212,-0.370636,-0.9201241,0.28,-278.7225,88.8475
6947,671654,1.135332,-0.302804,-0.947208,7.0875,-279.93,88.3575
6948,671751,1.230736,-0.371124,-1.032608,26.8625,-281.1725,87.7625
6949,671847,1.32614,-0.555832,-1.031388,47.2675,-284.655,90.86
6950,671944,1.452044,-0.739076,-1.009428,56.28,-283.57,101.29
6951,672040,1.568676,-0.896944,-0.944524,53.585,-279.965,118.93
6952,672137,1.766804,-1.02846,-0.846924,41.195,-269.815,141.505
6953,672233,1.9825,-0.898652,-0.752008,19.215,-254.38,165.4975
6954,672330,2.248216,-0.5607121,-0.660996,-1.12,-233.9225,186.865
6955,672427,2.628368,-0.159088,-0.546804,-11.1825,-211.855,196.4725
6956,672523,2.961184,0.094672,-0.316712,-13.58,-196.2275,191.625
6957,672620,3.210796,0.166652,-0.08174001,-23.485,-190.2425,171.15
6958,672716,3.257888,-0.045628,0.523136,-54.495,-191.24,137.6725
6959,672813,3.30132,0.180804,0.92232,-123.305,-177.31,83.80751
6960,672910,3.292292,0.642452,1.45058,-141.0675,-162.1025,41.8075
6961,673006,2.814784,0.240096,2.306044,-72.0825,-137.6375,29.3825
6962,673103,3.010716,-0.262056,2.978996,-7.2975,-59.15,37.6425
6963,673199,3.592412,0.165676,3.403312,-13.72,65.975,57.155
6964,673296,0.976488,0.36966,0.393084,4.4975,194.775,91.5075
6965,673393,1.45668,0.547292,-3.959144,14.035,306.4425,74.04251
6966,673489,1.53476,1.47498,-1.706048,-37.03,229.1625,-3.01
6967,673586,1.504992,0.587552,-1.105808,-1.785,192.045,-44.1175
6968,673682,0.959164,-0.234728,-1.466928,42.2625,180.7925,-41.72
6969,673779,0.413336,-0.182756,-0.69906,29.5925,153.2125,-38.7275
6970,673876,0.8174001,-0.244,-0.8235001,36.6625,163.5025,-36.5575
6971,673972,0.99918,-0.364292,-0.969412,36.3125,154.3675,-43.3825
6972,674069,1.260504,-0.8532681,-1.176568,22.225,128.59,-59.4475
6973,674165,1.77876,-1.53232,-1.074088,-21.7175,80.8325,-70.07
6974,674262,1.009184,-0.179096,-1.15168,-79.87,20.0025,-56.8575
6975,674359,0.8108121,-0.0061,-0.951112,-67.025,3.675,-44.3625
6976,674455,0.64294,-0.275964,-0.8291121,-41.4225,-17.6575,-33.9675
6977,674552,0.626348,-0.173972,-0.863272,-44.38,-13.475,-23.135
6978,674648,0.549488,-0.219844,-0.843996,-34.3525,-15.505,-19.845
6979,674745,0.531676,-0.139324,-0.8420441,-29.785,-13.23,-16.6425
6980,674842,0.525332,-0.156892,-0.860832,-23.24,-11.235,-13.6325
6981,674938,0.4984921,-0.160552,-0.850584,-18.235,-10.2725,-11.1475
6982,675035,0.511424,-0.160064,-0.803492,-14.98,-8.1375,-9.9575
6983,675131,0.503372,-0.15372,-0.816668,-11.8475,-5.3025,-9.31
6984,675228,0.515084,-0.140544,-0.837652,-9.415,-6.0025,-7.1575
6985,675325,0.506544,-0.118096,-0.83936,-5.6,-4.7775,-5.04
6986,675421,0.502152,-0.151036,-0.806908,-1.785,-4.5675,-2.625
6987,675518,0.50874,-0.206912,-0.8086161,-1.0675,-3.8325,-0.77
6988,675614,0.523868,-0.154452,-0.8091041,-0.0525,-4.1825,0.07
6989,675711,0.499956,-0.128832,-0.80642,1.0675,-6.02,0.07
6990,675808,0.475312,-0.215452,-0.802272,1.89,-7.14,-0.5775
6991,675904,0.498248,-0.155916,-0.824232,2.1875,-7.56,-1.3825
6992,676001,0.473116,-0.17202,-0.809836,4.9,-8.3475,-2.87
6993,676097,0.469944,-0.20984,-0.797148,5.285,-8.2075,-4.5675
6994,676194,0.49044,-0.164944,-0.810324,4.7775,-8.3825,-6.65
6995,676291,0.485804,-0.130296,-0.822036,5.5125,-8.61,-7.315
6996,676387,0.489464,-0.089792,-0.8471681,7.5775,-6.7025,-6.0025
6997,676484,0.494832,-0.121756,-0.833992,10.5175,-2.695,-3.8325
6998,676580,0.518744,-0.164944,-0.822768,13.1075,0.2975,-1.6275
6999,676677,0.490196,-0.192028,-0.8100801,13.65,3.08,-1.47
7000,676774,0.487512,-0.20984,-0.80886,13.5975,5.0575,-2.66
7001,676870,0.486048,-0.200324,-0.8215481,12.95,7.9625,-4.4275
7002,676967,0.464332,-0.218136,-0.8291121,13.72,12.775,-5.2325
7003,677063,0.488,-0.166408,-0.841312,13.9825,20.1425,-5.705
7004,677160,0.495564,-0.20618,-0.826428,16.065,28.175,-5.6175
7005,677257,0.510936,-0.214476,-0.825452,16.275,36.155,-6.2125
7006,677353,0.500688,-0.208864,-0.8461921,16.45,41.895,-8.0325
7007,677450,0.4758,-0.246928,-0.856684,18.9175,48.0725,-9.905
7008,677547,0.46238,-0.098576,-0.908168,18.5325,58.1,-11.305
7009,677643,0.519964,-0.169092,-0.8954801,24.325,72.9925,-10.01
7010,677740,0.494344,-0.138348,-0.926224,27.5275,87.8675,-7.56
7011,677836,0.4984921,-0.096624,-0.962092,28.0,105.84,-3.6925
7012,677933,0.481412,-0.15616,-0.967704,33.3375,128.555,1.68
7013,678030,0.484828,-0.143228,-1.012112,37.0475,155.435,3.7625
7014,678126,0.465064,-0.15616,-1.040904,44.9575,187.705,3.85
7015,678223,0.462624,-0.178364,-1.109224,54.8975,222.53,3.465
7016,678319,0.437004,-0.250832,-1.119716,68.845,257.635,3.115
7017,678416,0.426512,-0.204228,-1.112884,77.7875,303.3625,-3.4475
7018,678513,0.504592,-0.357704,-1.192916,94.78,360.6925,-14.49
7019,678609,0.6946681,-0.460428,-1.575752,113.085,418.495,-28.4375
7020,678706,1.189744,-0.522404,-1.678964,128.59,464.52,-46.3925
7021,678802,1.305888,-0.7903161,-1.732156,146.9475,486.6925,-73.5875
7022,678899,1.807552,-1.00284,-2.115236,160.51,502.6175,-98.8575
7023,678995,2.272372,-0.9679481,-2.243092,177.59,477.4525,-102.5325
7024,679092,2.082296,-0.935984,-2.359968,205.8,404.95,-109.69
7025,679189,1.70312,-0.9479401,-2.386564,220.885,290.6225,-133.945
7026,679285,-1.090436,0.04758,-1.699216,180.88,148.435,-159.145
7027,679382,1.735328,-0.97234,-3.20982,178.08,91.84001,-148.8725
7028,679478,0.08906,-1.280512,-2.04594,137.2875,-9.4675,-148.785
7029,679575,-1.112396,-1.058472,-0.9386681,66.71,-120.2775,-154.105
7030,679672,0.353556,-0.715652,-1.518412,22.12,-47.32,-138.6175
7031,679768,0.171288,-0.6409881,-1.274656,24.78,-88.11251,-85.55751
7032,679865,-0.252784,-0.771528,-0.9023121,35.07,-133.3675,-35.84
7033,679961,0.015372,-0.70516,-0.891576,21.0175,-142.1525,-6.965
7034,680058,0.12078,-0.490928,-0.883768,-3.885,-159.1975,13.7375
7035,680155,0.1647,-0.289384,-0.849852,-20.125,-184.065,35.5425
7036,680251,0.211304,-0.182024,-0.790072,-27.195,-206.78,51.9225
7037,680348,0.206424,-0.146644,-0.733464,-33.215,-229.495,59.395
7038,680444,0.278648,-0.105896,-0.682956,-44.3975,-249.095,58.2225
7039,680541,0.303536,-0.074664,-0.6422081,-57.2775,-265.93,50.33
7040,680638,0.367464,-0.05929201,-0.630008,-65.8875,-278.355,40.0575
7041,680734,0.444324,-0.087352,-0.6646561,-63.2975,-285.67,35.0175
7042,680831,0.484096,-0.175924,-0.684176,-48.685,-289.8175,40.7925
7043,680927,0.458476,-0.299388,-0.620736,-33.705,-290.745,51.3625
7044,681024,0.6265921,-0.352092,-0.599264,-27.51,-281.3475,58.5725
7045,681121,0.8957241,-0.368196,-0.761524,-24.9375,-270.76,62.86
7046,681217,1.05164,-0.335744,-0.8713241,-16.2225,-273.595,67.585
7047,681314,1.068476,-0.35014,-0.877668,-1.7675,-285.81,71.99501
7048,681410,1.04188,-0.327692,-0.91744,16.03,-293.51,74.1475
7049,681507,1.220488,-0.366732,-1.016504,39.6375,-293.125,75.9675
7050,681604,1.421788,-0.564128,-1.047004,65.6425,-294.49,81.95251
7051,681700,1.552816,-0.822768,-0.955016,79.94,-297.185,95.2
7052,681797,1.7568,-1.122888,-0.80764,74.34,-291.795,117.46
7053,681894,1.960052,-1.278316,-0.673928,46.795,-279.545,144.7075
7054,681990,2.168672,-1.022848,-0.581696,7.7,-260.295,173.53
7055,682086,2.34972,-0.409188,-0.53192,-19.7225,-236.25,198.4675
7056,682183,2.63398,0.074664,-0.394548,-18.76,-211.6625,209.405
7057,682280,2.895304,0.24522,-0.174216,-10.815,-192.99,198.065
7058,682376,3.053904,0.281576,0.082716,-21.7175,-183.05,164.885
7059,682473,3.157116,-0.030256,0.235704,-45.7275,-179.76,125.3
7060,682570,2.946544,-0.266936,1.216828,-89.005,-177.3275,83.30001
7061,682666,2.820396,0.199104,1.772416,-151.4975,-140.805,34.9125
7062,682763,2.948008,0.3599,2.203808,-118.5975,-73.8675,28.4375
7063,682859,3.459188,-0.441396,2.81942,-15.2775,-2.8175,64.34751
7064,682956,3.320596,0.289628,3.21348,-31.6225,101.5175,93.31
7065,683053,0.537532,0.618052,-0.840336,-29.68,201.95,99.435
7066,683149,1.548912,1.041148,-3.693916,-19.4425,302.3475,57.2425
7067,683246,1.507676,1.698484,-1.380552,-39.865,201.915,-12.915
7068,683342,1.218536,0.5978,-1.165344,14.0,175.0,-49.0875
7069,683439,0.8332601,-0.392596,-1.258308,56.5425,170.73,-51.59
7070,683536,0.462868,-0.456768,-0.57462,42.175,149.2925,-46.2
7071,683632,1.09312,-0.324032,-0.9093881,40.3725,165.3925,-39.0775
7072,683729,1.256112,-0.538996,-1.163636,33.95,147.42,-46.0075
7073,683825,1.997872,-1.78242,-1.24196,-4.375,99.785,-72.765
7074,683922,0.791048,-0.62464,-0.765672,-71.47,26.915,-61.1975
7075,684019,1.048712,0.272792,-1.121424,-79.905,11.3225,-48.8075
7076,684115,0.654896,-0.43066,-0.787144,-51.0825,-23.135,-41.5975
7077,684212,0.589992,-0.15372,-0.841556,-51.5025,-15.82,-27.895
7078,684308,0.625616,-0.226188,-0.85034,-40.2675,-16.0475,-21.7
7079,684405,0.538264,-0.16836,-0.8447281,-33.635,-16.5375,-18.2175
7080,684502,0.53802,-0.120536,-0.8169121,-27.615,-14.385,-15.12
7081,684598,0.520208,-0.153476,-0.8447281,-20.72,-12.6875,-11.2875
7082,684695,0.491172,-0.137372,-0.849852,-16.2925,-10.885,-9.065
7083,684791,0.523868,-0.155916,-0.845216,-11.62,-7.875,-6.8425
7084,684888,0.508008,-0.13542,-0.8296,-7.665,-6.7725,-5.3375
7085,684985,0.5023961,-0.160308,-0.822036,-4.3925,-6.02,-3.8675
7086,685081,0.505324,-0.152012,-0.833992,-1.9075,-4.4975,-2.345
7087,685178,0.483608,-0.203252,-0.8364321,-0.2625,-2.2925,-1.2775
7088,685274,0.498736,-0.166164,-0.815692,-0.14,0.455,-0.0875
7089,685371,0.514596,-0.19764,-0.797392,1.3475,-4.6025,-0.665
7090,685468,0.504836,-0.231068,-0.7856801,1.4,-5.53,-0.0875
7091,685564,0.485316,-0.188368,-0.809348,2.0475,-7.5775,-1.365
7092,685661,0.48556,-0.186172,-0.8091041,3.0625,-8.5575,-3.3075
7093,685757,0.493124,-0.20984,-0.793244,4.27,-9.345,-5.1275
7094,685854,0.4933681,-0.174216,-0.806908,4.6375,-10.4825,-7.0525
7095,685951,0.515816,-0.15128,-0.813984,4.8475,-10.815,-8.2075
7096,686047,0.488,-0.130784,-0.8317961,5.53,-10.4125,-7.4725
7097,686144,0.486048,-0.12322,-0.828624,6.965,-7.455,-6.2475
7098,686240,0.49532,-0.155184,-0.8195961,9.135,-2.8,-4.655
7099,686337,0.490928,-0.17202,-0.8132521,10.395,1.12,-3.78
7100,686434,0.498004,-0.188856,-0.81252,10.325,4.4975,-3.6925
7101,686530,0.494344,-0.203496,-0.814472,10.1675,7.0525,-4.27
7102,686627,0.5185,-0.193004,-0.8210601,9.5375,9.415,-4.9175
7103,686723,0.458964,-0.209108,-0.82228,9.9225,13.4925,-5.6175
7104,686820,0.480924,-0.232044,-0.816668,9.8175,19.53,-6.3525
7105,686917,0.5023961,-0.225456,-0.81618,8.5225,26.7225,-8.015
7106,687013,0.503128,-0.222284,-0.824964,8.085,33.4075,-9.625
7107,687110,0.485072,-0.237412,-0.835212,9.31,38.36,-11.725
7108,687206,0.471652,-0.21228,-0.86132,11.1125,45.5525,-14.2625
7109,687303,0.498736,-0.09028,-0.896944,13.2125,55.79,-15.4
7110,687400,0.549244,-0.09638,-0.887916,20.4925,67.48001,-13.615
7111,687496,0.541924,-0.0732,-0.898408,24.3075,79.415,-8.96
7112,687593,0.527772,-0.072712,-0.917684,28.385,94.3425,-2.1175
7113,687689,0.50874,-0.137616,-0.92964,33.005,113.5575,4.62
7114,687786,0.503616,-0.138836,-0.9608721,35.4725,136.045,7.805
7115,687883,0.4984921,-0.1891,-0.976976,40.7225,161.6475,8.1725
7116,687979,0.476288,-0.155428,-1.023092,47.6175,190.54,7.4725
7117,688076,0.49776,-0.25132,-1.070916,59.08,220.8325,6.8775
7118,688172,0.432124,-0.2318,-1.081652,69.0025,253.9075,3.7975
7119,688269,0.461648,-0.27572,-1.064572,80.5875,299.6,-5.5825
7120,688366,0.49166,-0.34526,-1.232688,97.9825,352.5375,-18.0775
7121,688462,0.709552,-0.469944,-1.493524,119.8575,404.04,-31.745
7122,688559,1.485228,-0.51606,-1.636996,134.8725,440.965,-49.5775
7123,688655,1.281,-0.5734,-1.677256,155.0325,457.73,-59.5175
7124,688752,1.700436,-0.8967,-1.94468,186.97,462.9275,-66.3775
7125,688849,1.750944,-0.7041841,-1.799744,204.6625,438.2525,-71.85501
7126,688945,1.801208,-0.883768,-1.946632,217.805,385.1225,-92.4525
7127,689042,1.473028,-0.7861681,-2.078636,224.8925,311.2025,-114.275
7128,689138,-0.101748,-0.376492,-1.88856,209.755,202.8425,-133.6475
7129,689235,0.5702281,-1.020164,-2.365824,190.8725,111.6675,-123.4625
7130,689332,1.538664,-1.647,-2.727676,146.4925,62.2475,-121.205
7131,689428,-0.971364,-0.915976,-1.333704,53.4275,-125.965,-137.0775
7132,689525,-0.391864,-0.527284,-1.286124,4.69,-103.215,-136.92
7133,689621,0.4819,-0.465552,-1.478884,9.7825,-93.2925,-119.9275
7134,689718,0.282308,-0.702476,-1.217316,32.83,-146.125,-80.2025
7135,689815,0.11956,-0.922076,-1.016504,35.805,-191.52,-44.7125
7136,689911,0.179584,-0.81984,-0.901336,5.355,-219.87,-22.5225
7137,690008,0.169336,-0.519476,-0.77348,-29.05,-243.845,-6.6675
7138,690104,0.119316,-0.229116,-0.6456241,-43.3825,-261.345,8.3125
7139,690201,0.02684,-0.101748,-0.521184,-35.7,-270.515,20.5625
7140,690298,0.069296,-0.09711201,-0.448716,-23.1,-269.6575,28.595
7141,690394,0.221552,-0.15006,-0.4941,-19.4075,-261.415,30.625
7142,690491,0.353068,-0.220088,-0.610976,-24.7625,-259.6825,24.85
7143,690587,0.373808,-0.1281,-0.652944,-34.72,-264.145,19.4775
7144,690684,0.387472,-0.063196,-0.670268,-31.3425,-265.1075,21.1575
7145,690781,0.502152,-0.08662001,-0.755424,-16.4675,-258.3875,27.755
7146,690877,0.7571321,-0.187636,-0.869128,1.47,-252.4025,36.9775
7147,690974,0.951112,-0.287188,-0.905484,15.9425,-256.69,50.3825
7148,691070,0.992348,-0.434076,-0.86864,23.1525,-267.4,66.325
7149,691167,0.953796,-0.403332,-0.826916,19.9325,-273.595,79.905
7150,691264,0.98576,-0.345748,-0.858636,20.44,-271.3725,90.265
7151,691360,1.062864,-0.395036,-0.938912,32.2875,-265.44,99.575
7152,691457,1.202432,-0.5917,-1.018456,46.795,-261.0825,111.2825
7153,691553,1.313696,-0.771772,-1.043344,51.2575,-256.865,126.63
7154,691650,1.418128,-0.911828,-0.9994241,43.68,-250.1975,145.425
7155,691747,1.649196,-0.987712,-0.925736,25.62,-240.065,165.3925
7156,691843,1.8971,-0.992592,-0.82838,0.4375,-227.85,183.2775
7157,691940,2.162328,-0.610976,-0.7849481,-25.3575,-214.8475,197.575
7158,692037,2.538332,-0.325496,-0.681004,-34.965,-200.48,205.8175
7159,692133,2.881884,-0.09247601,-0.455792,-39.3925,-191.7475,198.6775
7160,692230,3.15126,0.06832001,-0.15494,-47.6875,-190.785,176.505
7161,692326,3.144184,-0.293532,0.510448,-61.1275,-196.5075,145.355
7162,692423,2.890912,0.142984,1.00284,-116.8475,-179.4625,92.8025
7163,692519,3.2269,0.756156,1.170224,-131.9675,-146.86,46.06
7164,692616,3.000712,0.467016,1.90198,-71.99501,-120.1375,31.2025
7165,692713,2.962648,-0.176412,2.608848,2.205,-77.9275,28.595
7166,692809,3.249348,0.121756,3.009008,-12.2675,18.83,26.845
7167,692906,2.073512,0.343064,2.53882,-22.6275,134.26,49.9275
7168,693003,1.599908,0.196176,-2.964844,-1.96,259.9625,73.02751
7169,693099,1.386896,1.119716,-2.852604,-34.51,246.05,23.52
7170,693196,1.059448,1.460828,-0.75884,-49.455,159.215,-40.7575
7171,693292,1.17486,0.137128,-1.429352,34.02,174.615,-47.355
7172,693389,0.515572,-0.25986,-0.9650201,50.995,156.59,-35.7875
7173,693486,0.774944,-0.335012,-0.657092,46.7425,150.115,-34.93
7174,693582,1.277584,-0.6283,-1.055544,54.18,159.1975,-28.4375
7175,693679,1.889292,-1.489864,-1.504016,24.0275,120.8375,-43.5575
7176,693775,0.8337481,-0.514596,-0.7046721,-45.185,49.7875,-44.2225
7177,693872,1.029192,0.1159,-1.24196,-55.9825,18.5675,-36.645
7178,693969,0.710528,-0.288652,-0.793976,-37.9575,6.615,-24.1325
7179,694065,0.659044,-0.1525,-0.878156,-20.7375,-5.5125,-13.1775
7180,694162,0.5648601,-0.282796,-0.759328,-18.1125,-4.0775,-7.14
7181,694258,0.572668,-0.248636,-0.8317961,-14.49,-4.7775,-5.4075
7182,694355,0.538996,-0.210572,-0.82228,-11.025,-6.8775,-4.8475
7183,694452,0.498004,-0.20984,-0.80886,-7.385,-6.125,-4.095
7184,694548,0.504836,-0.250832,-0.80764,-4.3925,-5.1975,-3.535
7185,694645,0.5172801,-0.207644,-0.808372,-4.095,-4.8825,-4.375
7186,694741,0.5185,-0.1525,-0.833992,-2.975,-3.22,-4.0075
7187,694838,0.498248,-0.189344,-0.827404,1.575,-1.855,-1.9075
7188,694935,0.536556,-0.218136,-0.798856,-1.82,6.09,-2.5725
7189,695031,0.50874,-0.242048,-0.79178,4.865,0.8925,-2.7825
7190,695128,0.529968,-0.244,-0.7686,3.885,0.6475,-3.5525
7191,695224,0.532164,-0.233508,-0.7890961,3.15,-1.3825,-4.27
7192,695321,0.51362,-0.254004,-0.797392,2.87,-4.2175,-4.41
7193,695418,0.509716,-0.263764,-0.785192,2.905,-5.145,-5.1275
7194,695514,0.505568,-0.26474,-0.780556,2.45,-4.9875,-6.405
7195,695611,0.5246,-0.250588,-0.77592,1.8375,-5.5125,-8.1725
7196,695707,0.527528,-0.230336,-0.780312,1.7325,-6.9125,-8.75
7197,695804,0.526064,-0.202764,-0.79544,2.1,-8.4175,-8.5575
7198,695901,0.50874,-0.18422,-0.798368,2.52,-8.33,-8.12
7199,695997,0.49898,-0.198372,-0.8066641,3.64,-5.81,-7.525
7200,696094,0.510448,-0.192516,-0.805444,4.48,-2.45,-6.79
7201,696190,0.50874,-0.21594,-0.7998321,5.7575,-0.2275,-6.335
7202,696287,0.5119121,-0.233264,-0.7890961,6.7025,2.5025,-6.4925
7203,696384,0.512156,-0.230336,-0.787632,6.7725,4.095,-7.595
7204,696480,0.495564,-0.219844,-0.803736,7.0875,6.3,-8.19
7205,696577,0.489708,-0.236436,-0.80886,7.63,9.9225,-8.5925
7206,696674,0.47336,-0.266204,-0.8025161,7.9275,14.56,-9.4675
7207,696770,0.472384,-0.272792,-0.78934,6.2475,20.6325,-11.9
7208,696867,0.514352,-0.255468,-0.797636,4.655,27.93,-14.6125
7209,696963,0.4758,-0.271572,-0.816668,7.315,34.125,-18.1475
7210,697060,0.45384,-0.285724,-0.8296,9.4675,40.0225,-21.8225
7211,697157,0.558272,-0.155672,-0.8576601,6.3875,51.2925,-21.9975
7212,697253,0.54412,-0.1525,-0.8378961,14.525,59.6925,-20.475
7213,697350,0.593652,-0.094916,-0.862784,15.715,72.06501,-15.3825
7214,697446,0.565836,-0.130784,-0.87108,19.3375,83.7025,-8.995
7215,697543,0.5546121,-0.129076,-0.8718121,21.0,96.7575,-2.8
7216,697640,0.559736,-0.138104,-0.892308,24.465,113.3125,2.66
7217,697736,0.547536,-0.160552,-0.899384,29.995,130.69,6.86
7218,697833,0.544852,-0.173484,-0.9381801,36.365,150.3425,9.9225
7219,697929,0.542412,-0.197152,-0.954284,45.185,171.6925,11.5675
7220,698026,0.4933681,-0.183244,-1.03334,57.4875,195.5275,12.25
7221,698123,0.45628,-0.2379,-1.037,71.3125,228.2875,10.0975
7222,698219,0.421632,-0.31842,-1.038952,84.15751,272.615,3.885
7223,698316,0.581208,-0.321592,-1.103368,96.74,324.4325,-7.98
7224,698412,0.541192,-0.383812,-1.343952,120.68,375.7775,-20.7375
7225,698509,1.360544,-0.579012,-1.458144,141.47,417.655,-36.435
7226,698606,1.531588,-0.632204,-1.60796,152.005,441.8575,-53.375
7227,698702,1.425204,-0.878156,-1.773392,169.575,452.9875,-66.4475
7228,698799,1.988356,-0.887672,-1.994212,200.34,448.9625,-69.0725
7229,698896,1.88002,-0.688812,-1.841468,219.73,401.0125,-73.745
7230,698992,1.739964,-0.655384,-2.180384,229.005,334.775,-96.84501
7231,699089,0.897432,-0.331352,-1.828048,230.79,231.8925,-116.935
7232,699185,-0.69662,0.007076001,-1.962492,222.32,132.86,-129.605
7233,699282,2.335812,-1.544276,-2.899208,214.1475,81.97001,-148.295
7234,699379,-0.143472,-1.272948,-1.73972,119.42,-77.1225,-179.8825
7235,699475,-0.7856801,-0.8271601,-1.02114,33.075,-149.9225,-186.6025
7236,699572,0.171044,-0.6790521,-1.2627,5.635,-98.61251,-163.9225
7237,699668,0.306464,-0.7666481,-1.143628,15.47,-119.21,-112.945
7238,699765,0.13786,-0.973316,-0.980636,21.1575,-156.4325,-59.1675
7239,699862,0.237412,-0.9696561,-0.9376921,-2.17,-184.275,-20.72
7240,699958,0.198616,-0.654652,-0.8317961,-42.735,-213.6575,1.575
7241,700055,0.151036,-0.28914,-0.742004,-67.725,-239.6975,17.7625
7242,700151,0.163968,-0.016836,-0.6588,-65.5725,-256.9525,29.5925
7243,700248,0.118096,0.056852,-0.527528,-44.625,-269.71,36.4875
7244,700345,0.122976,-0.03416,-0.467992,-24.815,-276.3775,35.6125
7245,700441,0.246684,-0.159576,-0.49044,-22.2425,-275.6075,26.25
7246,700538,0.381128,-0.211548,-0.587552,-32.8825,-275.135,13.44
7247,700634,0.457012,-0.2074,-0.644404,-42.07,-279.4225,7.665
7248,700731,0.459696,-0.192028,-0.629032,-39.725,-282.2575,13.265
7249,700828,0.466772,-0.244488,-0.663924,-27.1775,-277.235,24.7625
7250,700924,0.628056,-0.317688,-0.709064,-12.6875,-265.9825,36.54
7251,701021,0.914756,-0.414068,-0.854,1.33,-257.215,48.0375
7252,701118,1.0492,-0.5185,-0.907192,10.15,-262.4125,62.8075
7253,701214,1.00528,-0.506788,-0.8488761,10.3075,-274.7675,76.0025
7254,701311,1.000888,-0.450912,-0.830576,11.7075,-277.2175,86.27501
7255,701407,1.099464,-0.459208,-0.912316,26.11,-271.81,95.6375
7256,701504,1.204384,-0.620736,-0.970388,45.8325,-267.085,106.855
7257,701601,1.31516,-0.826916,-0.959408,56.455,-262.99,121.3975
7258,701697,1.44814,-1.009428,-0.9211,51.835,-254.8525,139.9475
7259,701794,1.681648,-1.132404,-0.8461921,35.035,-241.64,161.21
7260,701890,1.924428,-0.937936,-0.79178,10.745,-225.435,184.24
7261,701987,2.233576,-0.585844,-0.731512,-5.8975,-204.3825,205.8175
7262,702084,2.595184,-0.233752,-0.548268,-9.8175,-185.3775,217.665
7263,702180,2.852116,-0.110776,-0.282308,-11.935,-171.6225,213.605
7264,702277,2.867,0.079544,0.581696,-47.04,-152.7925,181.405
7265,702373,3.391112,0.359412,0.510692,-129.5,-109.69,115.675
7266,702470,3.898876,0.40382,0.754204,-134.7325,-102.4275,83.405
7267,702567,3.141744,0.5797441,1.580388,-107.905,-138.8975,53.935
7268,702663,2.9585,0.25742,2.308972,-53.83,-112.3325,30.415
7269,702760,3.168584,0.008540001,3.057808,-7.1225,-44.1525,19.145
7270,702856,2.957768,0.076616,3.43674,-17.2725,74.76,27.965
7271,702953,1.49572,0.364292,-1.10776,-4.4625,225.6625,58.835
7272,703050,1.605276,0.527284,-3.713436,11.305,271.0225,46.7075
7273,703146,0.9952761,1.718492,-1.170956,-47.5825,166.3375,-17.1325
7274,703243,1.092876,0.408944,-1.046516,22.6275,159.215,-49.2275
7275,703339,0.63196,-0.560224,-1.005036,64.505,154.455,-40.7225
7276,703436,0.7259001,-0.419436,-0.65758,43.6625,140.1225,-35.7525
7277,703533,1.42496,-0.998204,-1.362496,36.2775,148.8375,-39.8125
7278,703629,1.80682,-1.23464,-1.060912,-20.125,87.115,-57.54
7279,703726,0.49288,-0.5023961,-0.797392,-73.9375,0.7875,-53.515
7280,703822,1.200968,0.219844,-1.175348,-68.95,21.8225,-39.3225
7281,703919,0.5785241,-0.274988,-0.79056,-35.35,-18.55,-31.9725
7282,704016,0.618052,-0.165432,-0.848632,-29.8025,-7.2275,-17.22
7283,704112,0.594628,-0.285236,-0.793976,-21.9275,-11.9175,-13.825
7284,704209,0.53802,-0.194468,-0.81984,-23.1,-12.285,-12.4425
7285,704305,0.494344,-0.218136,-0.811788,-19.9325,-13.0375,-12.565
7286,704402,0.518744,-0.23302,-0.81374,-17.5525,-12.46,-12.04
7287,704499,0.508008,-0.2135,-0.80642,-14.4725,-11.5325,-10.745
7288,704595,0.51972,-0.154696,-0.825452,-12.32,-9.765,-9.31
7289,704692,0.51118,-0.155184,-0.847412,-8.085,-8.5575,-7.0875
7290,704788,0.502152,-0.190564,-0.8344801,-3.745,-7.245,-5.04
7291,704885,0.504592,-0.212768,-0.801296,-1.0325,-5.74,-4.6725
7292,704982,0.50874,-0.2013,-0.800076,-1.4875,-5.7575,-5.6875
7293,705078,0.52216,-0.194956,-0.798368,-1.645,-7.2625,-5.5825
7294,705175,0.5063,-0.202764,-0.8030041,-2.1,-7.7175,-4.8475
7295,705271,0.499224,-0.2013,-0.79422,-0.8575,-8.155,-4.7075
7296,705368,0.502884,-0.20618,-0.805932,1.1025,-6.755,-4.7425
7297,705465,0.4941,-0.21716,-0.807884,3.71,-5.495,-5.0575
7298,705561,0.509472,-0.20374,-0.807152,4.795,-4.7775,-5.635
7299,705658,0.516792,-0.15494,-0.805688,5.39,-4.8825,-5.6
7300,705754,0.513376,-0.140544,-0.813496,7.3675,-4.5675,-4.6375
7301,705851,0.504836,-0.15982,-0.8193521,8.7675,-2.695,-3.0975
7302,705948,0.5002,-0.18788,-0.807152,9.695,-0.0875,-2.345
7303,706044,0.50264,-0.213744,-0.798124,9.66,2.2925,-2.555
7304,706141,0.504592,-0.222772,-0.7951961,8.96,3.885,-3.815
7305,706237,0.505568,-0.205936,-0.800076,8.365,5.0225,-5.0925
7306,706334,0.5077641,-0.186904,-0.8030041,8.54,6.9125,-5.4075
7307,706431,0.49654,-0.20008,-0.813984,10.0625,9.59,-5.215
7308,706527,0.473848,-0.234484,-0.816668,11.3575,13.7025,-4.97
7309,706624,0.490196,-0.236436,-0.81984,11.725,18.9175,-5.4775
7310,706720,0.454328,-0.28792,-0.8025161,10.43,25.3225,-8.2775
7311,706817,0.489464,-0.267668,-0.805444,7.875,32.6025,-12.355
7312,706914,0.424804,-0.281576,-0.822768,8.6625,39.3225,-16.905
7313,707010,0.528992,-0.164456,-0.85522,7.35,47.1975,-19.8625
7314,707107,0.535092,-0.176412,-0.844972,12.46,56.595,-19.67
7315,707203,0.564372,-0.110532,-0.860344,14.0525,65.7475,-17.0975
7316,707300,0.566568,-0.10614,-0.86742,16.9225,76.8075,-12.0575
7317,707397,0.549732,-0.138104,-0.863272,20.09,89.0225,-6.72
7318,707493,0.556076,-0.149328,-0.866688,21.7175,103.81,-2.0825
7319,707590,0.566324,-0.1342,-0.887916,24.29,120.61,1.3825
7320,707686,0.542412,-0.13664,-0.90646,29.365,139.125,3.9025
7321,707783,0.548512,-0.142496,-0.9423281,35.98,160.7725,7.0
7322,707879,0.537044,-0.15128,-0.9635561,46.515,184.31,9.59
7323,707976,0.501908,-0.183244,-1.033584,59.2725,208.6175,10.0275
7324,708073,0.44164,-0.242048,-1.029924,72.5725,240.2925,8.6625
7325,708169,0.499712,-0.28426,-1.066768,82.7575,284.9875,1.155
7326,708266,0.514596,-0.303536,-1.099952,95.4975,334.6175,-10.675
7327,708362,0.827892,-0.461404,-1.4457,115.2375,382.865,-23.275
7328,708459,1.314672,-0.504592,-1.460584,128.5025,416.99,-39.655
7329,708556,1.376404,-0.560956,-1.551352,139.1075,438.2,-57.2425
7330,708652,1.536956,-0.7944641,-1.787544,160.0725,448.035,-64.715
7331,708749,1.980304,-0.7068681,-1.781932,187.9325,436.905,-61.9675
7332,708845,1.881728,-0.678808,-1.865624,204.7675,382.5325,-72.2225
7333,708942,1.661884,-0.638548,-2.165988,213.2025,311.4825,-92.75001
7334,709039,0.685396,-0.25254,-1.824876,207.8475,203.42,-113.8025
7335,709135,-0.501176,0.14518,-2.284572,197.855,109.375,-126.0
7336,709232,2.169892,-1.348588,-2.995832,186.41,55.4225,-155.0325
7337,709328,-0.624884,-0.972828,-1.484008,90.4575,-128.275,-194.8275
7338,709425,-0.404796,-0.792512,-1.22,28.0875,-142.835,-199.4825
7339,709522,0.508984,-0.798124,-1.414468,9.275,-117.0575,-168.42
7340,709618,0.194468,-0.932324,-1.128012,6.895,-161.735,-114.87
7341,709715,0.005856,-0.9201241,-0.938424,-6.5275,-194.075,-68.0575
7342,709811,0.09638,-0.653676,-0.859368,-32.6725,-208.6175,-36.6275
7343,709908,0.053192,-0.345016,-0.7320001,-48.1075,-224.735,-13.615
7344,710005,0.019276,-0.13786,-0.626104,-43.75,-236.2675,4.9
7345,710101,0.075396,-0.08637601,-0.568276,-28.63,-239.4,18.095
7346,710198,0.107848,-0.204228,-0.54656,-16.5025,-240.7475,27.4225
7347,710294,0.215696,-0.281088,-0.5702281,-20.4575,-242.8825,31.6925
7348,710391,0.315004,-0.299388,-0.6368401,-33.425,-244.7725,34.9475
7349,710487,0.34892,-0.284748,-0.6902761,-45.22,-248.6225,43.715
7350,710584,0.406504,-0.169336,-0.673196,-50.9425,-247.8175,58.45
7351,710681,0.587796,-0.086132,-0.72468,-46.7775,-239.4875,72.94
7352,710777,0.773236,-0.09638,-0.794708,-36.9075,-236.285,80.0275
7353,710874,0.8913321,-0.210084,-0.888648,-27.51,-241.0975,79.3275
7354,710970,0.929152,-0.265228,-0.903288,-25.6025,-253.3125,73.5
7355,711067,0.964288,-0.254004,-0.904508,-20.7725,-264.6175,67.69001
7356,711164,0.974292,-0.288408,-0.888404,-5.39,-272.3875,65.1
7357,711260,0.987224,-0.417484,-0.8874281,16.0475,-275.415,67.76
7358,711357,1.03944,-0.609756,-0.91744,33.425,-274.33,75.565
7359,711453,1.163392,-0.8400921,-0.911584,41.1075,-268.2225,90.0375
7360,711550,1.276364,-1.03944,-0.885476,38.36,-258.2825,112.21
7361,711647,1.497672,-1.175104,-0.810324,24.71,-244.3875,139.3525
7362,711744,1.806088,-1.335656,-0.730536,2.5375,-227.7275,167.475
7363,711840,2.114016,-1.22,-0.654408,-28.14,-213.43,191.5025
7364,711936,2.531256,-0.881816,-0.697108,-54.425,-196.245,213.8675
7365,712033,3.042924,-0.626104,-0.614636,-62.1775,-188.2475,229.705
7366,712130,3.248128,-0.443348,-0.306708,-73.535,-201.8975,229.8275
7367,712226,3.308884,-0.29158,-0.009028001,-98.63,-221.62,209.895
7368,712323,3.251056,0.230336,0.932568,-139.8775,-233.1,169.1725
7369,712419,2.434876,0.468236,1.657492,-162.3475,-196.805,110.95
7370,712516,3.285216,0.011468,1.814628,-84.175,-140.315,90.265
7371,712613,2.952888,-0.324032,2.496852,-27.6675,-95.515,84.1925
7372,712709,2.91702,-0.033916,3.159556,-17.5525,-11.1475,91.7175
7373,712806,2.834548,0.250588,3.515796,3.9375,122.395,107.9575
7374,712903,1.372012,0.25254,-1.418616,42.1225,291.41,116.165
7375,712999,1.801208,1.199504,-3.8979,27.685,318.4825,65.38
7376,713096,1.287832,1.766316,-1.185108,0.6825,194.6,-9.6775
7377,713192,1.449848,0.06832001,-1.255868,66.8675,180.2325,-59.0975
7378,713289,0.617564,-0.743712,-0.9943001,88.51501,159.8275,-53.725
7379,713385,0.6756361,-0.526552,-0.628056,63.8225,151.3225,-31.2025
7380,713482,1.527928,-0.774944,-1.242448,57.015,170.065,-27.545
7381,713579,2.067412,-1.586,-1.225368,6.615,104.6325,-50.6625
7382,713675,0.411384,-0.6902761,-0.599752,-58.0125,12.3375,-47.7925
7383,713772,0.96868,0.06880801,-1.075796,-60.8475,18.2175,-37.205
7384,713868,0.831308,-0.166164,-0.8662001,-46.8125,-1.7675,-31.85
7385,713965,0.580476,-0.248148,-0.8337481,-28.595,-13.79,-19.7575
7386,714062,0.586332,-0.290848,-0.787632,-24.465,-11.62,-14.245
7387,714158,0.557052,-0.244244,-0.8127641,-24.2725,-13.6675,-13.9475
7388,714255,0.515084,-0.240584,-0.8108121,-23.205,-15.8375,-14.2625
7389,714351,0.514352,-0.157868,-0.8591241,-18.55,-11.6025,-12.04
7390,714448,0.503128,-0.215452,-0.8235001,-11.9175,-10.3775,-9.38
7391,714545,0.535824,-0.16592,-0.8344801,-9.5725,-8.6975,-8.1025
7392,714641,0.525332,-0.13908,-0.8425321,-5.04,-8.12,-5.53
7393,714738,0.500444,-0.178364,-0.833992,0.9625,-6.3525,-1.8725
7394,714834,0.4984921,-0.210572,-0.808372,5.18,-3.78,-0.14
7395,714931,0.508496,-0.223992,-0.787632,7.56,-2.0475,-0.175
7396,715028,0.514596,-0.242292,-0.7849481,8.4875,-2.345,-0.595
7397,715124,0.502152,-0.231312,-0.789828,6.9125,-3.6575,-1.575
7398,715221,0.498248,-0.21472,-0.8147161,5.2325,-4.7075,-3.115
7399,715317,0.490928,-0.216184,-0.811544,5.495,-4.0075,-4.5325
7400,715414,0.505568,-0.215696,-0.782752,5.1975,-3.5,-5.4425
7401,715511,0.49898,-0.251076,-0.7854361,5.88,-2.3625,-6.0725
7402,715607,0.493856,-0.218868,-0.791048,3.92,-2.765,-7.7175
7403,715704,0.506788,-0.185684,-0.804224,2.8875,-2.5025,-8.12
7404,715800,0.500444,-0.206668,-0.8113001,4.0425,-1.8025,-7.805
7405,715897,0.49166,-0.196176,-0.8086161,4.13,-0.77,-8.0325
7406,715994,0.514352,-0.213012,-0.7998321,4.0425,1.9425,-8.33
7407,716090,0.51606,-0.212768,-0.799344,4.06,3.9375,-8.5925
7408,716187,0.510936,-0.207644,-0.801784,4.0775,5.4075,-9.1175
7409,716283,0.5119121,-0.213256,-0.799588,4.795,7.315,-9.275
7410,716380,0.5063,-0.208376,-0.803248,5.04,9.1875,-9.5725
7411,716477,0.505568,-0.209352,-0.811788,5.7225,11.795,-9.7825
7412,716573,0.499468,-0.224724,-0.801052,6.16,14.91,-10.255
7413,716670,0.493124,-0.241072,-0.787876,6.1775,19.145,-11.095
7414,716767,0.492148,-0.2257,-0.810568,5.635,24.78,-12.635
7415,716863,0.4743361,-0.251564,-0.822524,7.4375,30.3625,-15.4175
7416,716960,0.452132,-0.213256,-0.8508281,7.455,37.2575,-17.8675
7417,717056,0.519964,-0.178608,-0.86498,8.1025,47.215,-18.5325
7418,717153,0.51972,-0.156892,-0.8579041,13.8075,57.3125,-17.71
7419,717249,0.559248,-0.118096,-0.883036,16.1,70.5775,-14.5775
7420,717346,0.537532,-0.122732,-0.90158,19.95,84.455,-10.01
7421,717443,0.515084,-0.137372,-0.911584,23.8175,101.535,-4.76
7422,717539,0.529968,-0.120048,-0.92964,28.56,121.3975,-0.7
7423,717636,0.5124001,-0.151036,-0.9455,36.61,143.8325,2.8175
7424,717732,0.535824,-0.130296,-0.979172,46.27,168.455,6.23
7425,717829,0.528748,-0.1403,-1.006256,58.5025,193.2175,9.905
7426,717926,0.465308,-0.108092,-1.111664,70.735,221.445,12.495
7427,718022,0.428464,-0.181536,-1.1163,82.9675,262.4475,13.8425
7428,718119,0.497516,-0.22814,-1.14192,95.6375,315.5775,10.2725
7429,718215,0.579012,-0.297436,-1.217316,111.58,367.5175,-0.0525
7430,718312,1.052128,-0.517036,-1.425204,130.62,412.5625,-13.5275
7431,718409,1.4579,-0.659044,-1.486692,142.38,433.4225,-31.01
7432,718505,1.52988,-0.812276,-1.587464,148.435,440.09,-49.8925
7433,718602,1.907348,-0.9247601,-1.850496,152.9325,428.3125,-61.7575
7434,718698,1.707756,-0.693448,-1.569408,156.2225,382.7075,-66.955
7435,718795,1.434232,-0.60634,-1.667008,161.84,323.0675,-78.1025
7436,718892,0.801052,-0.245708,-1.526464,170.3625,247.485,-86.8
7437,718988,-0.5267961,0.39528,-1.869772,168.5775,173.8975,-92.26001
7438,719085,1.87026,-0.6314721,-2.634224,180.4775,111.9125,-105.8925
7439,719181,0.909144,-1.280512,-2.17282,127.6975,7.77,-148.1025
7440,719278,-0.5397281,-0.88328,-1.115568,13.4925,-141.4175,-182.385
7441,719375,0.100772,-0.664412,-1.176568,-47.145,-118.0375,-180.6875
7442,719471,0.150548,-0.63928,-0.9803921,-61.7225,-134.19,-155.7675
7443,719568,0.024888,-0.833992,-0.791048,-58.485,-154.63,-118.9475
7444,719664,0.109068,-0.983808,-0.738344,-66.045,-166.845,-84.2975
7445,719761,0.172752,-0.961116,-0.705648,-89.985,-181.65,-57.75
7446,719858,0.23424,-0.866932,-0.680028,-114.52,-199.9025,-34.475
7447,719954,0.193248,-0.718824,-0.586332,-131.355,-220.255,-13.4225
7448,720051,0.077836,-0.581452,-0.471896,-137.48,-235.1825,3.6225
7449,720147,0.098332,-0.54534,-0.425292,-132.93,-239.6625,17.6225
7450,720244,0.173484,-0.6348881,-0.399672,-122.3425,-238.4725,32.9175
7451,720341,0.284748,-0.780068,-0.354044,-116.165,-236.005,49.8925
7452,720437,0.404308,-0.9208561,-0.356728,-118.72,-231.035,69.055
7453,720534,0.457256,-0.9433041,-0.378688,-128.205,-224.7525,92.505
7454,720630,0.517768,-0.85888,-0.438956,-135.6775,-215.1975,118.4225
7455,720727,0.6036561,-0.774456,-0.500932,-135.59,-205.1175,140.525
7456,720824,0.752008,-0.823744,-0.625372,-130.1825,-198.66,151.095
7457,720920,0.919392,-0.8296,-0.71736,-131.18,-201.6,152.565
7458,721017,0.9752681,-0.825452,-0.732244,-133.9975,-213.7975,150.92
7459,721113,0.9969841,-0.83692,-0.747128,-131.25,-227.115,150.3425
7460,721210,0.988444,-0.866688,-0.743712,-123.1825,-237.6325,152.5125
7461,721307,0.9947881,-0.9418401,-0.772748,-112.735,-244.055,157.115
7462,721403,1.076528,-1.0309,-0.8025161,-103.6175,-246.6625,163.8
7463,721500,1.185352,-1.159732,-0.802272,-97.19501,-247.135,172.62
7464,721596,1.292712,-1.304424,-0.752984,-96.1625,-245.1925,183.19
7465,721693,1.434964,-1.47254,-0.681492,-100.9575,-238.2625,196.14
7466,721790,1.807552,-1.742404,-0.712724,-110.915,-224.5075,212.205
7467,721886,2.3607,-2.040328,-0.774456,-127.155,-215.04,234.5875
7468,721983,2.789896,-0.840824,-0.52826,-161.91,-226.695,264.3725
7469,722079,2.616168,-1.174128,1.6897,-123.3225,-201.6875,309.015
7470,722176,2.540284,-1.327848,2.814296,-49.105,-159.88,322.7875
7471,722273,4.936852,-0.688324,1.569652,-133.175,92.41751,312.6725
7472,722369,4.003552,-0.306708,1.886608,-145.495,59.5175,290.6575
7473,722466,2.878468,0.456768,2.473184,-111.0725,66.9025,254.3625
7474,722562,3.374764,0.4941,2.549312,-45.43,154.07,188.9475
7475,722659,3.683912,0.279868,0.8740081,20.965,247.4675,111.7025
7476,722756,2.473916,0.3172,-3.206892,37.3975,233.1175,22.3475
7477,722852,-0.102236,1.771196,-2.161352,-32.585,98.385,-45.4125
7478,722949,0.337452,0.262788,-0.600972,69.265,57.82,-74.9875
7479,723045,1.66286,-2.153788,-1.609912,94.395,103.9325,-65.15251
7480,723142,0.840824,-1.276608,-0.5743761,18.9,34.4925,-33.7225
7481,723239,1.078724,0.03904,-1.240496,-35.5075,8.855,-27.3525
7482,723335,0.66734,-0.442372,-0.604632,-12.7575,2.87,-23.975
7483,723432,0.75396,-0.188124,-0.839116,1.4175,-6.6325,-17.6225
7484,723528,0.5751081,-0.141764,-0.797148,-4.97,-1.8375,-11.97
7485,723625,0.598044,-0.1586,-0.8364321,3.0975,0.8400001,-5.67
7486,723722,0.534848,-0.178364,-0.817644,5.915,0.5075,0.0175
7487,723818,0.512156,-0.237656,-0.805932,9.52,1.4,3.22
7488,723915,0.511424,-0.355264,-0.767624,9.625,1.2425,2.205
7489,724011,0.515816,-0.293532,-0.77104,4.62,-0.245,-2.3275
7490,724108,0.522648,-0.204228,-0.815204,2.0475,-2.6775,-5.845
7491,724205,0.5172801,-0.2013,-0.8025161,3.7275,-2.905,-6.5275
7492,724301,0.519232,-0.17934,-0.826672,6.055,-0.21,-6.51
7493,724398,0.515084,-0.161284,-0.82594,7.735,2.275,-6.4225
7494,724494,0.540704,-0.172508,-0.80886,9.835,5.845,-5.075
7495,724591,0.525576,-0.226188,-0.793976,11.9525,7.5075,-3.5175
7496,724688,0.513376,-0.227652,-0.803248,12.145,8.3125,-3.57
7497,724784,0.532408,-0.223992,-0.794952,11.62,9.38,-4.4625
7498,724881,0.532652,-0.221308,-0.787388,11.305,10.3775,-5.1625
7499,724977,0.532896,-0.239608,-0.7766521,10.745,10.955,-5.845
7500,725074,0.532652,-0.221552,-0.787632,10.395,11.8825,-6.1425
7501,725171,0.543144,-0.230336,-0.775676,10.01,12.53,-7.0175
7502,725267,0.539972,-0.215452,-0.772016,9.0825,12.9675,-7.735
7503,725364,0.554856,-0.22204,-0.76738,7.8925,13.09,-7.6475
7504,725460,0.540948,-0.186416,-0.7747001,7.805,13.545,-7.2625
7505,725557,0.559248,-0.210816,-0.7788481,9.905,14.6825,-6.195
7506,725654,0.548268,-0.23302,-0.772748,11.2175,15.75,-5.5825
7507,725750,0.535824,-0.2623,-0.772992,10.8675,17.115,-5.8975
7508,725847,0.5511961,-0.197152,-0.791292,8.54,19.6525,-6.7025
7509,725943,0.55022,-0.199104,-0.7788481,8.8725,22.785,-6.8425
7510,726040,0.564372,-0.187148,-0.7788481,9.485,25.6375,-5.67
7511,726137,0.554124,-0.213012,-0.768356,10.5175,29.12,-3.9025
7512,726233,0.558272,-0.210328,-0.779336,11.095,34.0025,-2.9225
7513,726330,0.5504641,-0.226188,-0.791536,12.1275,39.41,-2.345
7514,726426,0.552416,-0.21838,-0.7890961,12.9675,45.29,-1.82
7515,726523,0.5612,-0.221308,-0.786412,14.6475,51.38,-1.855
7516,726619,0.585844,-0.20008,-0.78446,16.3975,57.47,-1.925
7517,726716,0.5968241,-0.194712,-0.778116,18.305,63.1225,-1.2425
7518,726813,0.6036561,-0.199348,-0.767868,20.7375,69.59751,0.35
7519,726909,0.60878,-0.196908,-0.790072,23.8175,77.2625,2.065
7520,727006,0.604388,-0.223016,-0.790804,27.58,85.645,3.99
7521,727102,0.60512,-0.211792,-0.815204,30.6075,95.5675,5.9325
7522,727199,0.57096,-0.185928,-0.851072,35.105,108.01,8.3825
7523,727296,0.581208,-0.157136,-0.892552,41.09,124.8625,10.3425
7524,727392,0.569252,-0.156648,-0.9376921,49.98,147.175,13.1425
7525,727489,0.513132,-0.16104,-1.049932,62.7725,175.7525,15.8375
7526,727585,0.409432,-0.217648,-1.170956,78.12,214.4625,15.7325
7527,727682,0.4941,-0.306708,-1.165588,88.8475,265.02,6.8425
7528,727779,0.684908,-0.39284,-1.240252,89.285,319.7425,-8.6275
7529,727875,1.58844,-0.558028,-1.357616,88.2,363.7725,-18.2175
7530,727972,1.442528,-0.72468,-1.200724,75.74,376.9325,-29.3825
7531,728068,1.455216,-0.85034,-1.341024,34.8775,379.47,-54.32
7532,728165,1.430816,-0.57096,-1.50182,-12.5825,369.88,-67.48001
7533,728262,1.159244,-0.53192,-1.348588,-30.065,335.09,-62.335
7534,728358,0.757376,-0.449204,-1.126792,-39.725,297.9025,-55.195
7535,728455,0.552172,-0.192516,-0.99308,-51.835,259.42,-51.6425
7536,728551,0.070028,1.018456,-1.948584,-61.6,218.5225,-67.585
7537,728648,1.468148,0.653188,-2.491484,-41.1425,134.8025,-124.39
7538,728744,1.214388,-0.298412,-2.257488,-33.075,24.4125,-201.6875
7539,728841,-0.040992,-0.55998,-1.250256,-54.4425,-110.845,-227.1675
7540,728938,0.316468,-0.975024,-1.145092,-81.9875,-122.395,-230.72
7541,729034,0.369172,-1.271728,-0.930128,-113.295,-145.9325,-218.4
7542,729131,0.305976,-1.512312,-0.728828,-146.8775,-169.82,-186.5675
7543,729227,0.316224,-1.606984,-0.622688,-179.6725,-181.58,-142.1875
7544,729324,0.340624,-1.64334,-0.5355801,-207.06,-189.84,-94.4125
7545,729421,0.350872,-1.633336,-0.429928,-225.47,-197.12,-45.3775
7546,729517,0.336476,-1.596736,-0.331108,-236.04,-202.545,0.91
7547,729614,0.25864,-1.511336,-0.19642,-239.9075,-203.2975,42.9275
7548,729710,0.257908,-1.490352,-0.12078,-235.69,-195.8075,78.9075
7549,729807,0.34038,-1.496208,-0.12078,-227.85,-183.54,107.7475
7550,729904,0.422852,-1.541104,-0.160552,-221.865,-173.915,131.215
7551,730000,0.523136,-1.557696,-0.249368,-220.3425,-166.4425,151.1125
7552,730097,0.626104,-1.53964,-0.304512,-223.1775,-164.2375,168.7
7553,730193,0.69662,-1.493768,-0.313052,-226.555,-166.425,181.9475
7554,730290,0.748592,-1.447408,-0.280844,-227.1675,-168.8925,191.38
7555,730387,0.8108121,-1.443016,-0.286944,-222.3375,-167.3875,200.34
7556,730483,0.844484,-1.426424,-0.325496,-216.2825,-164.3775,210.63
7557,730580,0.878888,-1.344684,-0.382836,-209.72,-161.0525,221.41
7558,730676,0.932324,-1.30296,-0.4514,-200.7075,-159.075,229.18
7559,730773,0.978928,-1.317356,-0.463112,-191.835,-160.3875,233.205
7560,730870,1.02724,-1.38226,-0.446276,-185.9725,-162.0675,236.075
7561,730966,1.104588,-1.483032,-0.414556,-184.7125,-161.8575,240.9925
7562,731063,1.185108,-1.567456,-0.37942,-189.2625,-159.985,249.655
7563,731159,1.235372,-1.619916,-0.312808,-198.4675,-156.1875,262.465
7564,731256,1.212924,-1.635776,-0.241316,-208.6525,-149.5375,279.58
7565,731353,1.331996,-1.684332,-0.232532,-216.2125,-136.955,299.67
7566,731449,1.583072,-1.734108,-0.3172,-223.09,-123.48,320.3025
7567,731546,1.7141,-1.746552,-0.35014,-232.89,-121.345,339.465
7568,731642,1.648464,-1.543788,-0.255712,-248.29,-129.675,350.3325
7569,731739,1.515728,-1.264164,-0.120048,-255.85,-133.245,349.6325
7570,731836,1.696532,-1.175348,-0.162016,-239.645,-126.0,345.065
7571,731932,1.968104,-1.088484,-0.249124,-211.0325,-121.555,344.8725
7572,732029,1.659932,-0.64294,-0.127124,-192.29,-137.4625,347.655
7573,732125,1.901248,0.597068,0.01586,-159.6175,-135.695,339.7625
7574,732222,1.651148,0.050264,0.868152,-53.4275,-95.3225,329.315
7575,732319,1.512556,-1.230736,1.462048,70.4725,-45.4475,312.62
7576,732415,2.976556,-0.5023961,1.381284,33.635,73.02751,272.3
7577,732512,3.21836,0.2379,1.835856,-2.8525,118.7025,219.835
7578,732608,3.843976,0.6178081,1.93858,29.12,187.7225,159.705
7579,732705,2.878956,-0.142008,-1.1468,80.535,233.1,84.3675
7580,732802,1.605276,0.882548,-3.206648,28.9975,180.355,11.585
7581,732898,-0.329156,0.851804,-1.21878,29.4875,52.4825,-25.725
7582,732995,0.774212,-0.44408,-0.697108,95.3575,77.105,-46.3575
7583,733091,1.493524,-1.7385,-1.031388,88.11251,101.0625,-35.315
7584,733188,0.868884,-0.858148,-0.737856,12.04,48.72,-9.5375
7585,733285,0.619272,-0.32818,-0.9459881,-13.0025,25.095,-6.65
7586,733381,0.682712,-0.305976,-0.8276481,-14.0175,17.6225,-8.4875
7587,733478,0.693448,-0.418948,-0.76738,-6.7375,4.2175,-3.7975
7588,733574,0.615124,-0.230824,-0.8405801,-9.59,3.92,1.4875
7589,733671,0.543632,-0.321104,-0.762744,-5.845,-5.5475,0.315
7590,733768,0.567544,-0.303536,-0.7639641,-6.4575,-4.4625,2.4325
7591,733864,0.522404,-0.331352,-0.7659161,-8.33,-8.1025,1.3825
7592,733961,0.477996,-0.351116,-0.764696,-10.885,-10.8325,-2.03
7593,734057,0.514352,-0.277428,-0.807884,-13.51,-9.975,-4.2175
7594,734154,0.532408,-0.219356,-0.827404,-12.915,-9.3275,-5.11
7595,734251,0.520208,-0.22326,-0.821792,-8.68,-9.7825,-4.165
7596,734347,0.538752,-0.210328,-0.828624,-4.9175,-9.2575,-3.2375
7597,734444,0.521184,-0.229116,-0.799588,-0.9975,-9.065,-2.695
7598,734540,0.513376,-0.245708,-0.7890961,0.2975,-8.7325,-2.0125
7599,734637,0.50264,-0.2623,-0.783728,-0.455,-8.6275,-2.45
7600,734734,0.496784,-0.279136,-0.783972,-2.4325,-9.2575,-3.85
7601,734830,0.489708,-0.303048,-0.759084,-6.055,-10.2725,-6.51
7602,734927,0.501176,-0.282552,-0.774944,-10.4825,-11.7425,-9.5375
7603,735023,0.485804,-0.279624,-0.77592,-13.5975,-13.7725,-12.565
7604,735120,0.528748,-0.297192,-0.796172,-15.3825,-14.0175,-15.505
7605,735217,0.5077641,-0.234728,-0.794952,-16.0125,-15.26,-16.6425
7606,735313,0.477264,-0.20984,-0.787388,-15.75,-15.6975,-16.9925
7607,735410,0.489708,-0.123952,-0.84546,-12.635,-10.605,-13.3875
7608,735506,0.496052,-0.192028,-0.811056,-6.265,-7.5775,-10.885
7609,735603,0.5023961,-0.183488,-0.813984,-3.6575,-6.195,-9.9225
7610,735700,0.533628,-0.16592,-0.8100801,-1.3475,-6.44,-8.9075
7611,735796,0.499712,-0.227652,-0.8091041,0.56,-5.3025,-7.35
7612,735893,0.467504,-0.22814,-0.781776,-0.21,-5.0225,-6.8425
7613,735990,0.470188,-0.213744,-0.801052,-1.6975,-4.235,-8.5225
7614,736086,0.460428,-0.227408,-0.7956841,-1.75,-4.6025,-10.2375
7615,736183,0.483364,-0.206668,-0.804224,-1.505,-4.6375,-11.8475
7616,736279,0.514108,-0.20008,-0.8132521,-1.015,-3.4475,-12.8275
7617,736376,0.4941,-0.183244,-0.81374,0.035,-3.045,-12.9325
7618,736473,0.492636,-0.16958,-0.8195961,2.1175,-1.8375,-12.2675
7619,736569,0.480436,-0.20374,-0.810568,3.6575,0.7,-12.215
7620,736666,0.521672,-0.181536,-0.8147161,3.0975,2.8875,-12.8625
7621,736762,0.535092,-0.175192,-0.820084,4.095,7.0,-11.8475
7622,736859,0.499468,-0.21716,-0.817156,6.125,10.6575,-10.08
7623,736956,0.550952,-0.273036,-0.75274,5.32,17.0275,-9.66
7624,737052,0.504348,-0.256932,-0.7978801,0.4725,22.4875,-8.4175
7625,737149,0.522892,-0.199836,-0.837652,-0.035,27.3,-7.9625
7626,737245,0.5246,-0.174704,-0.844484,-2.6075,34.16,-8.26
7627,737342,0.488732,-0.106384,-0.906948,-1.2425,41.265,-6.1775
7628,737439,0.49532,-0.199592,-0.879376,9.695,50.2075,-3.255
7629,737535,0.464088,-0.30622,-0.8703481,15.1025,62.72,-1.6975
7630,737632,0.492636,-0.205448,-0.901336,17.2725,76.7025,-1.925
7631,737728,0.501908,-0.276696,-0.874252,18.445,92.505,-1.19
7632,737825,0.491904,-0.2135,-0.9057281,21.14,107.4325,-1.1025
7633,737922,0.491904,-0.188368,-0.903044,23.8875,125.825,-1.435
7634,738018,0.5077641,-0.210816,-0.96258,27.93,147.49,-1.12
7635,738115,0.47092,-0.253028,-0.968192,30.0125,171.0275,-4.1125
7636,738211,0.486536,-0.25254,-0.979172,30.6075,196.525,-8.715
7637,738308,0.465308,-0.264984,-0.9886881,34.7725,224.77,-18.06
7638,738405,0.434076,-0.258884,-0.9882001,37.3625,259.6475,-31.675
7639,738501,0.4743361,-0.365512,-1.040172,37.2925,301.63,-48.4225
7640,738598,0.696376,-0.576084,-1.220244,41.825,343.98,-68.9675
7641,738694,1.205604,-0.618784,-1.322968,33.9325,378.2975,-89.5475
7642,738791,1.426912,-0.8784,-1.236836,32.2525,391.9125,-115.605
7643,738888,1.308572,-1.08214,-1.383236,19.7575,396.0775,-147.455
7644,738984,1.730692,-0.995764,-1.818044,3.395,390.8625,-163.38
7645,739081,1.436184,-0.884012,-1.58478,9.9225,350.14,-159.4775
7646,739177,1.653588,-0.947696,-1.6775,27.0375,301.7,-156.94
7647,739274,1.329556,-0.9274441,-1.771196,8.12,244.1075,-165.13
7648,739371,-1.123376,-0.966728,-1.764364,-37.1175,153.6325,-159.32
7649,739467,1.569408,-0.8893801,-2.85968,-59.255,120.8375,-82.635
7650,739564,-0.594872,-0.618784,-1.544276,-59.9375,7.7875,-60.375
7651,739660,-0.428464,-0.562176,-1.233908,-45.15,-23.835,-58.6775
7652,739757,0.27328,-0.595604,-1.463268,-38.3075,-22.6275,-57.435
7653,739854,0.048556,-0.716384,-1.236836,-31.9725,-64.9775,-47.775
7654,739950,0.09882,-0.9103641,-1.131428,-33.8975,-95.76,-36.2425
7655,740047,0.217648,-1.03334,-1.056276,-49.7175,-120.3125,-22.5925
7656,740143,0.199348,-1.064816,-0.959652,-74.06,-147.2975,-4.795
7657,740240,0.259372,-0.980636,-0.880352,-95.7425,-170.1525,17.3775
7658,740337,0.20496,-0.866932,-0.7449321,-108.5175,-191.66,42.63
7659,740433,0.15128,-0.7622561,-0.6124401,-111.125,-206.9375,68.5475
7660,740530,0.178364,-0.690764,-0.559248,-106.2775,-213.57,91.7525
7661,740626,0.244488,-0.682956,-0.540704,-98.3325,-217.1225,110.9675
7662,740723,0.3172,-0.724924,-0.527528,-94.0625,-221.1475,124.4425
7663,740820,0.399428,-0.734196,-0.56852,-98.2975,-224.14,131.0225
7664,740916,0.44408,-0.633668,-0.638792,-109.095,-228.8125,131.53
7665,741013,0.539972,-0.43432,-0.68808,-115.01,-232.6275,127.505
7666,741110,0.610976,-0.327204,-0.69174,-102.9175,-236.0575,119.8225
7667,741206,0.696376,-0.397476,-0.690764,-82.4425,-238.2625,108.85
7668,741303,0.796172,-0.519476,-0.793976,-63.035,-237.3175,99.715
7669,741399,0.9464761,-0.652212,-0.8493641,-48.79,-240.9925,97.5625
7670,741496,1.0553,-0.794952,-0.861808,-35.805,-248.2375,104.0025
7671,741593,1.074332,-0.878888,-0.818376,-26.985,-256.375,116.165
7672,741689,1.202432,-0.956968,-0.834236,-19.1975,-254.7125,131.0575
7673,741786,1.300764,-1.053836,-0.8188641,-12.5825,-252.1925,147.0525
7674,741882,1.403,-1.156072,-0.7812881,-11.34,-248.8325,162.47
7675,741979,1.542324,-1.223904,-0.731268,-19.4075,-242.9525,175.735
7676,742076,1.760704,-1.233664,-0.653432,-32.515,-231.8925,187.46
7677,742172,1.976888,-1.04188,-0.5206961,-46.5675,-219.3625,198.52
7678,742269,2.189168,-0.524356,-0.519476,-53.41,-200.41,209.8775
7679,742365,2.705472,-0.2562,-0.62708,-40.53,-181.7725,211.19
7680,742462,3.26472,-0.059536,-0.587308,-27.5275,-181.4225,198.4675
7681,742559,3.232024,-0.631716,-0.014152,-24.2375,-210.7875,176.6975
7682,742655,3.101972,0.36356,1.037732,-92.48751,-203.4025,122.4125
7683,742752,3.564352,0.884988,1.310768,-120.925,-173.565,62.79
7684,742848,3.351584,0.011712,2.162328,-51.03,-132.055,53.5325
7685,742945,3.29278,-0.321104,2.901404,-3.0975,-85.1375,58.7125
7686,743042,2.77794,0.101992,3.291804,-15.26,27.615,77.5075
7687,743138,2.358992,0.544364,1.615036,3.9025,182.665,112.84
7688,743235,1.677256,0.515572,-3.7088,30.45,296.45,113.365
7689,743331,0.8996281,1.924428,-2.460252,-23.6425,225.6275,35.385
7690,743428,1.150704,0.959652,-0.865468,12.705,161.525,-47.425
7691,743525,0.960384,-0.826428,-1.007476,72.31,163.7475,-58.205
7692,743621,0.247416,-0.860344,-0.546804,50.1025,150.08,-35.0525
7693,743718,0.8759601,-0.373076,-0.790072,24.43,168.805,-26.8975
7694,743814,1.259528,-0.105652,-1.171688,7.49,161.2975,-39.9525
7695,743911,1.604788,-1.287832,-1.601372,-12.635,108.7975,-73.16751
7696,744008,0.909144,-0.8845,-0.79422,-65.29251,37.45,-67.0775
7697,744104,1.18828,0.317932,-1.18828,-80.29,6.4575,-47.1625
7698,744201,0.752496,-0.429684,-0.766892,-51.065,-21.105,-39.0425
7699,744297,0.6158561,-0.170312,-0.842288,-35.8925,-21.84,-25.0775
7700,744394,0.580232,-0.236192,-0.8235001,-32.83,-19.1625,-17.955
7701,744491,0.53436,-0.219356,-0.820328,-26.915,-18.7425,-14.8225
7702,744587,0.520452,-0.152012,-0.8317961,-23.9575,-15.82,-12.775
7703,744684,0.504104,-0.173728,-0.840336,-19.075,-14.315,-10.3075
7704,744780,0.491904,-0.164456,-0.846924,-14.91,-13.7025,-9.03
7705,744877,0.490684,-0.160064,-0.846924,-11.1125,-10.43,-7.9625
7706,744974,0.513376,-0.135908,-0.8383841,-7.805,-7.7,-6.265
7707,745070,0.504348,-0.164944,-0.826428,-4.445,-6.44,-4.375
7708,745167,0.50996,-0.162504,-0.82228,-2.6075,-5.3375,-2.7825
7709,745263,0.49898,-0.163236,-0.813496,-1.19,-4.2175,-1.05
7710,745360,0.533628,-0.166408,-0.8195961,-4.9,-3.9025,-0.385
7711,745457,0.492636,-0.16226,-0.798368,-1.5925,-5.53,0.0175
7712,745553,0.483852,-0.181048,-0.8044681,0.14,-5.95,-0.5775
7713,745650,0.48434,-0.187636,-0.8113001,0.98,-6.6675,-2.4325
7714,745746,0.469212,-0.199348,-0.794952,1.8025,-7.2975,-4.025
7715,745843,0.477752,-0.234728,-0.798368,1.4,-8.4,-6.475
7716,745940,0.495076,-0.20374,-0.80886,0.525,-9.2225,-8.68
7717,746036,0.500932,-0.15128,-0.8108121,0.315,-9.3625,-9.9925
7718,746133,0.476044,-0.116876,-0.820816,2.1,-8.365,-9.1525
7719,746229,0.477508,-0.110776,-0.847412,5.39,-5.3375,-7.315
7720,746326,0.482388,-0.126148,-0.843996,8.4875,-1.505,-5.355
7721,746423,0.497028,-0.16714,-0.830088,11.445,2.5025,-3.7275
7722,746519,0.50264,-0.18056,-0.818376,12.075,4.515,-3.5525
7723,746616,0.486536,-0.207888,-0.816668,12.11,6.615,-4.025
7724,746712,0.477752,-0.204716,-0.8230121,11.865,9.66,-4.935
7725,746809,0.484096,-0.202032,-0.8256961,11.165,14.49,-6.0375
7726,746906,0.480924,-0.22204,-0.8317961,10.3775,20.2125,-6.7375
7727,747002,0.484584,-0.243024,-0.826916,10.185,26.46,-7.8925
7728,747099,0.498248,-0.219356,-0.8261841,9.1875,32.4975,-9.66
7729,747195,0.488976,-0.189832,-0.846924,9.905,38.8675,-10.92
7730,747292,0.424316,-0.181048,-0.879376,12.985,47.53,-11.8475
7731,747388,0.49654,-0.160796,-0.903044,17.64,60.3225,-12.0925
7732,747485,0.519476,-0.16226,-0.896944,25.3575,75.5125,-10.64
7733,747582,0.52216,-0.082228,-0.9298841,27.7725,90.3175,-8.12
7734,747678,0.5206961,-0.142252,-0.921344,32.48,106.5925,-3.255
7735,747775,0.489464,-0.177876,-0.931836,34.685,125.0725,0.945
7736,747871,0.508008,-0.183732,-0.9489161,32.9175,147.56,0.8925
7737,747968,0.47458,-0.210816,-0.957456,35.9625,173.11,-0.9975
7738,748065,0.49532,-0.188368,-1.00772,40.8625,199.71,-4.4275
7739,748161,0.519476,-0.226676,-1.019188,47.8975,228.3575,-7.5075
7740,748258,0.483852,-0.238144,-1.006988,56.315,259.98,-11.7425
7741,748354,0.512888,-0.292556,-1.068476,62.93,304.5525,-23.5725
7742,748451,0.546072,-0.477996,-1.284904,77.28,353.0625,-38.92
7743,748548,1.069208,-0.53924,-1.411296,85.26,396.655,-55.58
7744,748644,1.208776,-0.528504,-1.500844,94.2725,428.015,-73.22
7745,748741,0.805688,-0.681004,-1.50914,111.125,446.3025,-97.9825
7746,748838,1.672376,-0.769332,-1.935652,134.3125,471.0825,-113.6275
7747,748934,2.163548,-0.8049561,-1.986892,160.93,458.9375,-115.115
7748,749031,2.161352,-0.821792,-2.192584,182.9275,404.985,-118.5275
7749,749127,1.91662,-0.97966,-2.448784,196.875,310.8,-135.2925
7750,749224,-0.327204,-0.130296,-1.833416,178.255,164.5,-161.9975
7751,749321,1.07238,-0.632936,-3.03658,155.9075,61.285,-151.9
7752,749417,0.476532,-1.052372,-2.352648,136.0275,-11.8125,-148.89
7753,749514,-1.323212,-0.990884,-0.885476,85.75,-142.87,-152.8275
7754,749610,0.146888,-0.84424,-1.51402,44.6075,-60.025,-139.6325
7755,749707,0.35502,-0.779336,-1.453508,39.41,-83.1075,-88.48001
7756,749804,-0.259616,-0.875472,-1.03822,47.39,-140.1225,-33.9325
7757,749900,-0.000244,-0.767868,-1.018456,36.8375,-152.53,0.07
7758,749997,0.168116,-0.568764,-1.033828,20.055,-168.77,24.395
7759,750093,0.201056,-0.34526,-0.9867361,11.2875,-196.9975,48.8775
7760,750190,0.227164,-0.180804,-0.8852321,11.4975,-222.8975,68.53
7761,750287,0.19642,-0.100772,-0.774212,13.0025,-245.3325,77.945
7762,750383,0.257664,-0.040016,-0.7027201,11.2525,-260.575,77.5775
7763,750480,0.321348,-0.01586,-0.645868,5.495,-270.4625,69.58
7764,750576,0.433588,-0.060512,-0.63196,-3.255,-277.585,56.9625
7765,750673,0.532652,-0.096624,-0.690764,-13.0725,-281.96,45.325
7766,750770,0.485072,-0.047824,-0.713944,-17.675,-283.6575,43.8725
7767,750866,0.548512,-0.07027201,-0.693692,-9.7125,-278.11,52.9375
7768,750963,0.745908,-0.191052,-0.763476,5.355,-264.5825,65.6075
7769,751059,0.981612,-0.374784,-0.8679081,15.54,-257.46,81.165
7770,751156,1.035048,-0.479216,-0.90158,13.7725,-262.29,96.4075
7771,751253,1.034316,-0.445056,-0.898652,6.3525,-266.8925,108.8675
7772,751349,1.112396,-0.466772,-0.959408,5.8275,-268.0825,119.35
7773,751446,1.215364,-0.58316,-0.99308,10.9025,-267.225,130.9875
7774,751542,1.301252,-0.724924,-1.016748,13.79,-265.44,145.845
7775,751639,1.409344,-0.8620521,-0.989908,8.2075,-260.8025,164.815
7776,751736,1.553304,-0.947452,-0.9381801,-6.3525,-252.0525,185.22
7777,751832,1.7202,-0.8625401,-0.8725441,-28.175,-239.0325,204.225
7778,751929,2.002508,-0.599264,-0.851804,-48.265,-221.69,219.485
7779,752025,2.348256,-0.404552,-0.764452,-60.2,-205.31,224.56
7780,752122,2.747684,-0.192028,-0.568276,-69.51,-192.3425,215.39
7781,752219,3.060736,-0.108336,-0.332328,-77.42,-187.9325,192.0275
7782,752315,3.206892,-0.118096,-0.12566,-88.9,-194.3375,159.3725
7783,752412,3.04756,-0.013664,0.591212,-111.2475,-205.45,118.265
7784,752508,3.0073,0.536556,0.9535521,-140.28,-196.9275,62.3875
7785,752605,3.240076,0.691008,1.396412,-93.5025,-170.0825,23.5725
7786,752702,2.99998,-0.019276,2.110112,2.485,-157.1675,1.9775
7787,752798,3.152724,-0.07027201,2.651792,25.025,-91.035,-8.8025
7788,752895,2.824056,0.335256,3.208356,12.705,7.98,-1.4525
7789,752991,1.03944,0.366732,0.047824,33.6875,147.42,20.9825
7790,753088,1.309548,-0.445544,-3.67586,65.73,255.4125,25.48
7791,753185,1.037,1.0919,-1.187792,-8.05,179.3225,-18.1125
7792,753281,1.425936,0.156648,-1.286856,33.7925,181.02,-43.6975
7793,753378,0.772504,-0.323788,-1.264408,65.6425,161.0,-32.7775
7794,753474,0.58194,-0.195444,-0.796172,51.2925,135.6775,-35.1925
7795,753571,0.9396441,-0.421876,-0.931348,63.735,144.6025,-28.875
7796,753668,0.771528,-0.6348881,-0.8703481,58.555,123.7075,-33.53
7797,753764,0.869128,-0.639036,-0.76982,42.2625,111.16,-37.45
7798,753861,1.095072,-0.8322841,-0.942816,21.7875,105.945,-39.8825
7799,753957,1.12606,-0.8195961,-1.018456,-12.565,78.82,-43.295
7800,754054,0.864492,-0.35868,-0.8810841,-42.945,48.7375,-39.0075
7801,754151,0.6405,-0.374052,-0.83814,-47.39,25.41,-36.4875
7802,754247,0.770308,-0.2806,-0.888404,-48.125,22.26,-28.875
7803,754344,0.579988,-0.221308,-0.87108,-44.31,8.1375,-25.865
7804,754440,0.608536,-0.191296,-0.892796,-36.6625,6.86,-20.615
7805,754537,0.558272,-0.191052,-0.8620521,-29.5575,4.5675,-17.01
7806,754634,0.569252,-0.18788,-0.874252,-22.9075,3.15,-13.4575
7807,754730,0.531676,-0.234728,-0.8230121,-16.7125,2.5375,-10.3425
7808,754827,0.525332,-0.244488,-0.8132521,-12.39,2.9575,-8.1725
7809,754923,0.51362,-0.201788,-0.81984,-9.7475,3.4475,-6.195
7810,755020,0.50386,-0.221796,-0.81984,-6.51,4.515,-4.4625
7811,755117,0.4941,-0.22936,-0.805688,-3.99,4.795,-3.08
7812,755213,0.513132,-0.249368,-0.779824,-2.205,4.8825,-2.905
7813,755310,0.53192,-0.253028,-0.771772,-2.17,4.1125,-2.9575
7814,755406,0.516792,-0.233752,-0.778116,-2.2575,2.0825,-3.5875
7815,755503,0.507276,-0.26352,-0.781776,-2.2925,-0.3675,-4.2525
7816,755600,0.495076,-0.263764,-0.78812,-1.8725,-2.2925,-5.985
7817,755696,0.500444,-0.253028,-0.805688,0.175,-1.89,-8.0325
7818,755793,0.504592,-0.25864,-0.782752,3.3775,-0.245,-10.0975
7819,755889,0.469944,-0.271328,-0.7617681,2.9925,-0.77,-12.9325
7820,755986,0.50996,-0.258396,-0.771772,0.2625,-1.05,-14.7525
7821,756083,0.50508,-0.23058,-0.790072,-1.5925,-1.155,-15.4175
7822,756179,0.522648,-0.17324,-0.81618,-0.9625,-0.9275,-14.2975
7823,756276,0.54534,-0.193492,-0.79666,2.4325,1.575,-12.2325
7824,756372,0.537532,-0.228384,-0.791048,4.97,3.78,-10.5875
7825,756469,0.54168,-0.18788,-0.79666,5.075,5.425,-9.275
7826,756566,0.539972,-0.220088,-0.788608,6.44,6.825,-8.1375
7827,756662,0.52216,-0.2257,-0.787388,6.5625,8.715,-7.665
7828,756759,0.49288,-0.24766,-0.7998321,6.7725,11.3925,-7.63
7829,756855,0.484584,-0.292556,-0.790072,6.9125,15.645,-8.54
7830,756952,0.500444,-0.312076,-0.784216,4.97,22.785,-11.235
7831,757049,0.513864,-0.267424,-0.8030041,3.71,30.5725,-13.72
7832,757145,0.544364,-0.160064,-0.839116,5.915,36.7675,-14.8225
7833,757242,0.466284,-0.272548,-0.8569281,17.2725,42.105,-15.75
7834,757339,0.5309441,-0.127612,-0.889868,18.1825,56.3675,-13.3
7835,757435,0.520208,-0.214964,-0.869372,21.735,72.695,-10.43
7836,757532,0.535336,-0.115168,-0.916952,25.62,88.8825,-7.14
7837,757628,0.52948,-0.154208,-0.9242721,29.19,107.835,-1.1025
7838,757725,0.5165481,-0.137616,-0.942816,33.915,128.4675,4.83
7839,757821,0.519964,-0.142008,-0.96868,42.035,151.62,9.345
7840,757918,0.513132,-0.168116,-0.9906401,52.605,175.6475,12.04
7841,758015,0.489464,-0.15982,-1.032852,64.34751,200.935,14.2275
7842,758111,0.445056,-0.20984,-1.07116,80.1675,233.485,13.9125
7843,758208,0.397476,-0.277428,-1.082872,94.92,276.185,9.4675
7844,758304,0.422608,-0.269864,-1.133624,111.02,329.07,1.1375
7845,758401,0.5795,-0.372832,-1.318332,135.3975,386.365,-13.0725
7846,758498,1.357616,-0.578036,-1.54696,162.0675,435.61,-24.57
7847,758594,1.474736,-0.7468841,-1.701412,178.1325,462.455,-35.28
7848,758691,1.674816,-0.89182,-1.926136,195.755,473.62,-52.395
7849,758787,2.002996,-0.9293961,-2.14476,216.9125,461.125,-62.16
7850,758884,2.042524,-0.92964,-2.10816,228.795,406.98,-73.7975
7851,758981,1.685796,-0.637084,-2.307508,229.0925,325.3425,-96.2325
7852,759077,0.538264,-0.216916,-1.975668,223.8425,215.845,-115.3775
7853,759174,-0.559248,0.04514,-2.49124,215.4775,112.0175,-136.4825
7854,759270,2.184288,-1.720932,-3.109536,207.27,53.41,-165.095
7855,759367,-0.73078,-1.308084,-1.481812,94.97251,-138.915,-215.04
7856,759464,-0.488732,-1.161196,-1.252452,19.1275,-161.245,-217.315
7857,759560,0.25986,-1.145092,-1.313696,-7.9975,-136.9025,-179.48
7858,759657,-0.008540001,-1.194136,-1.037976,-18.095,-170.1,-118.3875
7859,759753,-0.071492,-1.117764,-0.91012,-28.2625,-190.96,-61.705
7860,759850,0.038064,-0.9059721,-0.8569281,-45.4125,-204.365,-20.93
7861,759947,0.106384,-0.62342,-0.790072,-56.9625,-222.005,7.1575
7862,760043,0.166896,-0.4087,-0.715652,-54.67,-239.855,27.265
7863,760140,0.142496,-0.28792,-0.620736,-43.575,-256.4275,39.5325
7864,760237,0.112484,-0.194956,-0.52216,-33.845,-269.5525,43.365
7865,760333,0.249124,-0.20496,-0.523136,-30.5025,-273.6125,38.64
7866,760430,0.4148,-0.23668,-0.5546121,-33.2325,-277.1825,28.0175
7867,760526,0.520208,-0.266936,-0.585356,-34.4925,-283.955,21.1575
7868,760623,0.493856,-0.293288,-0.537044,-28.595,-288.855,25.2525
7869,760720,0.451644,-0.37454,-0.515572,-18.585,-282.135,37.975
7870,760816,0.649528,-0.451156,-0.6566041,-11.515,-264.46,51.555
7871,760913,1.018944,-0.539972,-0.853756,-5.425,-252.98,66.0625
7872,761009,1.154852,-0.604388,-0.8718121,-3.15,-263.1825,83.125
7873,761106,1.060668,-0.55266,-0.7998321,-4.2525,-276.3425,96.9675
7874,761203,1.094584,-0.51362,-0.799588,-0.6475,-276.9375,105.28
7875,761299,1.207556,-0.568032,-0.8532681,11.9175,-271.95,111.475
7876,761396,1.241228,-0.7705521,-0.870104,25.3925,-269.395,119.665
7877,761493,1.306132,-1.00162,-0.8596121,27.37,-263.9875,132.2825
7878,761589,1.403488,-1.097024,-0.83204,13.72,-252.3675,151.7075
7879,761686,1.574044,-1.046516,-0.7895841,-6.2475,-235.62,175.7175
7880,761782,1.781688,-0.7951961,-0.783972,-24.1325,-216.0375,198.905
7881,761879,2.080588,-0.606584,-0.754692,-33.04,-196.8225,213.36
7882,761976,2.427556,-0.405528,-0.650992,-41.9125,-180.3025,213.85
7883,762072,2.798924,-0.180072,-0.5016641,-51.24,-169.05,201.1625
7884,762169,3.29766,-0.099796,-0.419192,-54.285,-168.56,179.62
7885,762265,3.388184,-0.266448,0.162504,-70.035,-189.9975,152.53
7886,762362,2.98534,0.12078,0.6980841,-137.5675,-205.765,96.72251
7887,762459,3.228608,0.964044,1.026996,-160.9125,-199.5875,41.195
7888,762555,2.805512,0.753472,1.809016,-87.88501,-190.295,7.56
7889,762652,2.52906,0.005124001,2.542236,2.45,-144.6725,-7.805
7890,762748,3.204452,-0.029524,2.900184,9.5375,-35.0175,-7.1925
7891,762845,2.938736,0.340868,3.34524,-7.735,95.2525,21.0
7892,762942,0.9864921,0.2928,-2.083516,15.5925,245.3675,53.4275
7893,763038,1.271972,0.7766521,-3.139304,20.755,283.045,26.7225
7894,763135,1.542812,1.14558,-0.993812,-18.4975,202.195,-35.9975
7895,763231,1.427156,-0.212768,-1.43838,44.765,195.4575,-50.2425
7896,763328,0.475556,-0.406748,-0.957456,46.4625,166.9325,-38.395
7897,763425,0.65514,-0.288652,-0.724924,36.75,162.47,-32.7075
7898,763521,0.927932,-0.282796,-0.893284,39.725,166.1625,-35.455
7899,763618,1.270264,-0.728828,-1.075308,31.1675,145.215,-52.045
7900,763714,1.691164,-1.767536,-1.127524,-6.4225,102.06,-68.5825
7901,763811,0.7944641,-0.460916,-0.8954801,-80.2375,44.0475,-60.48
7902,763908,1.02236,0.170068,-1.16266,-81.95251,22.75,-49.91
7903,764004,0.8281361,-0.242292,-0.881328,-53.6025,1.085,-34.65
7904,764101,0.616588,-0.16958,-0.877424,-33.425,-9.6775,-20.02
7905,764197,0.614392,-0.20008,-0.858392,-25.69,-5.39,-12.2325
7906,764294,0.561932,-0.149816,-0.8862081,-14.5775,-8.5575,-8.1725
7907,764391,0.541192,-0.122244,-0.8466801,-5.145,-6.475,-3.8325
7908,764487,0.530456,-0.146888,-0.8493641,3.325,-5.3025,-0.4025
7909,764584,0.5248441,-0.140056,-0.846924,8.5925,-4.375,2.45
7910,764680,0.51972,-0.18056,-0.8291121,14.2975,-1.505,4.655
7911,764777,0.56608,-0.209596,-0.8142281,17.78,3.815,5.285
7912,764874,0.508252,-0.241804,-0.793,19.565,1.26,5.7225
7913,764970,0.511668,-0.235216,-0.799344,19.3725,2.7475,5.915
7914,765067,0.494832,-0.212768,-0.8039801,20.0375,1.9075,6.02
7915,765163,0.504104,-0.243268,-0.795928,20.965,2.6425,5.8975
7916,765260,0.477508,-0.284748,-0.75518,21.735,2.625,4.76
7917,765357,0.500688,-0.293288,-0.746396,19.7225,2.5025,2.345
7918,765453,0.488732,-0.299388,-0.724192,16.6075,2.3975,-0.175
7919,765550,0.460916,-0.3416,-0.71614,12.18,1.96,-3.4475
7920,765646,0.436028,-0.329644,-0.733464,5.7925,1.5925,-7.56
7921,765743,0.446764,-0.326472,-0.724436,-1.26,2.2925,-12.32
7922,765840,0.467016,-0.307196,-0.743468,-7.0875,2.765,-16.345
7923,765936,0.500444,-0.28182,-0.771772,-11.2875,2.6075,-19.4075
7924,766033,0.51972,-0.184464,-0.8149601,-14.455,2.345,-20.965
7925,766129,0.548756,-0.15494,-0.824232,-13.2825,1.8025,-19.4425
7926,766226,0.561932,-0.199836,-0.806176,-7.63,2.7125,-15.68
7927,766323,0.5363121,-0.184952,-0.803492,-4.83,3.8675,-13.4225
7928,766419,0.521672,-0.23302,-0.797148,-1.0325,5.04,-12.18
7929,766516,0.520452,-0.23302,-0.791292,1.12,7.7175,-12.4425
7930,766612,0.500688,-0.239852,-0.793488,1.8025,11.34,-13.4225
7931,766709,0.494832,-0.252296,-0.801296,1.54,14.875,-14.49
7932,766806,0.482144,-0.310124,-0.7808001,0.945,20.7025,-16.0125
7933,766902,0.582184,-0.244244,-0.80276,-1.295,28.035,-17.3075
7934,766999,0.557052,-0.229116,-0.808372,1.0675,30.555,-19.7225
7935,767095,0.588772,-0.212036,-0.821792,9.065,33.32,-20.685
7936,767192,0.533872,-0.22448,-0.855708,12.495,38.2725,-18.7425
7937,767288,0.5587601,-0.08881599,-0.8976761,12.7225,51.17,-13.4225
7938,767385,0.526552,-0.155428,-0.8874281,22.0325,65.555,-7.945
7939,767482,0.528504,-0.11224,-0.927932,24.36,84.0525,-1.995
7940,767578,0.502884,-0.152256,-0.9398881,28.9625,105.5425,4.48
7941,767675,0.496784,-0.131516,-0.9623361,33.39,129.5,9.1875
7942,767771,0.5016641,-0.146888,-0.9840521,43.2075,154.0525,12.1275
7943,767868,0.500444,-0.204472,-0.998692,54.5475,179.4275,14.2275
7944,767965,0.490928,-0.191296,-1.067256,63.245,205.66,14.2625
7945,768061,0.384056,-0.288652,-1.065304,76.825,239.925,11.27
7946,768158,0.4023561,-0.28304,-1.047248,87.1325,284.2525,2.03
7947,768254,0.51118,-0.305488,-1.069696,104.6325,334.39,-10.395
7948,768351,0.624396,-0.360632,-1.338828,126.665,387.1175,-23.345
7949,768447,1.508408,-0.6456241,-1.49206,149.5375,430.29,-36.96
7950,768544,1.492548,-0.6756361,-1.655296,154.5075,448.63,-54.355
7951,768641,1.629188,-0.84424,-1.893196,173.0925,454.6675,-66.64
7952,768737,1.968348,-0.848632,-1.9398,204.7675,438.8475,-68.5125
7953,768834,1.927356,-0.744444,-2.082296,217.5425,382.0425,-79.6425
7954,768930,1.57258,-0.574132,-2.272372,226.4675,303.9575,-100.59
7955,769027,0.477752,-0.10248,-2.07766,220.43,196.56,-120.155
7956,769124,-0.125904,-0.130784,-2.650816,216.5625,93.8,-139.1075
7957,769220,1.96908,-1.57014,-3.04146,189.6125,27.2475,-174.9475
7958,769317,-0.903532,-1.151436,-1.34566,79.555,-169.8725,-219.03
7959,769413,-0.5458281,-0.967704,-1.168272,15.0675,-154.63,-214.515
7960,769510,0.225456,-0.9440361,-1.244888,0.98,-121.38,-171.85
7961,769607,-0.011224,-1.112152,-1.00894,6.2125,-145.6875,-108.045
7962,769703,0.006832001,-1.21878,-0.9289081,-0.9625,-161.0525,-49.035
7963,769800,0.099796,-1.014796,-0.9093881,-30.8175,-174.3525,-6.405
7964,769896,0.133224,-0.625616,-0.8967,-58.7125,-193.0775,24.8675
7965,769993,0.16104,-0.316956,-0.831552,-64.12,-213.3775,49.6825
7966,770090,0.136396,-0.212036,-0.739076,-53.9875,-233.625,64.575
7967,770186,0.162992,-0.140544,-0.676612,-47.6,-249.48,66.885
7968,770283,0.2684,-0.151036,-0.657092,-50.5925,-262.8675,56.385
7969,770379,0.367464,-0.10736,-0.652456,-59.7625,-274.33,38.605
7970,770476,0.407724,-0.146644,-0.673684,-60.69,-284.515,23.345
7971,770573,0.36356,-0.20618,-0.599996,-52.3425,-290.1325,19.8625
7972,770669,0.465552,-0.28548,-0.589016,-40.7925,-282.625,26.74
7973,770766,0.611952,-0.384544,-0.629764,-29.5575,-269.5875,38.99
7974,770862,0.8527801,-0.528504,-0.8095921,-16.3975,-257.4425,53.9525
7975,770959,1.029436,-0.565836,-0.9052401,-10.15,-257.11,71.2075
7976,771056,1.002108,-0.497516,-0.8805961,-8.82,-265.8425,86.6425
7977,771152,1.011624,-0.469212,-0.8657121,-1.085,-269.8675,95.655
7978,771249,1.132648,-0.51118,-0.954528,13.125,-268.345,99.34751
7979,771345,1.270508,-0.6405,-0.998204,29.015,-268.1875,102.865
7980,771442,1.378844,-0.81862,-0.967216,39.9875,-268.03,111.0025
7981,771539,1.49572,-0.9994241,-0.8740081,40.32,-264.3375,124.11
7982,771635,1.67872,-1.195356,-0.7605481,28.35,-254.065,141.4875
7983,771732,1.925892,-1.279536,-0.648308,5.7925,-237.895,162.295
7984,771828,2.144516,-0.889136,-0.595116,-20.1075,-217.5775,186.97
7985,771925,2.454396,-0.418704,-0.5355801,-30.3625,-192.605,211.19
7986,772022,2.859436,-0.031232,-0.347456,-27.3875,-171.57,219.8525
7987,772118,3.188592,0.05172801,-0.124928,-28.77,-162.785,209.5275
7988,772215,3.451868,-0.103944,-0.000488,-48.545,-168.0175,181.79
7989,772311,3.347192,-0.09516001,0.745664,-103.88,-184.8175,135.94
7990,772408,3.169072,0.617076,1.330044,-178.3425,-185.4125,67.5325
7991,772505,3.008032,1.016748,1.969812,-149.7125,-152.005,22.68
7992,772601,2.912384,-0.09516001,2.75232,-14.7525,-103.7225,18.48
7993,772698,3.549224,-0.194468,3.193716,22.0675,7.875,31.15
7994,772794,1.704828,0.345748,2.123288,2.4325,127.8375,55.02
7995,772891,1.34566,-0.0244,-3.51848,53.9875,256.1475,73.605
7996,772988,1.157292,1.220488,-2.34118,9.695,238.2275,27.055
7997,773084,1.3908,0.9701441,-0.951844,3.99,177.2575,-34.8075
7998,773181,1.11386,-0.5214281,-1.384212,70.735,178.2725,-42.385
7999,773277,0.32818,-0.440176,-0.68076,49.35,146.5975,-34.7375
8000,773374,0.775676,-0.347944,-0.777872,45.22,161.035,-27.4925
8001,773471,0.9272,-0.274744,-0.898896,42.665,158.8825,-31.71
8002,773567,1.313696,-0.9023121,-1.158512,28.49,140.6475,-53.9525
8003,773664,1.632116,-1.431304,-0.9779521,-14.0175,91.4375,-63.21
8004,773760,0.663436,-0.356972,-0.911584,-77.21,29.2425,-55.055
8005,773857,0.999668,0.1159,-1.087752,-71.295,26.88,-43.61
8006,773954,0.777628,-0.418948,-0.85034,-47.7575,0.91,-33.775
8007,774050,0.577548,-0.137372,-0.897188,-44.065,-4.13,-23.905
8008,774147,0.6222,-0.266448,-0.843752,-33.215,-9.66,-20.1425
8009,774243,0.541436,-0.211548,-0.833016,-29.015,-11.1825,-17.6225
8010,774340,0.5368,-0.193248,-0.826672,-25.585,-10.01,-15.12
8011,774436,0.526308,-0.189344,-0.8410681,-20.685,-9.625,-12.3025
8012,774533,0.498248,-0.241804,-0.892552,-15.4,-6.93,-10.3425
8013,774630,0.5206961,-0.195444,-0.81618,-9.205,-2.7825,-7.8925
8014,774726,0.509228,-0.18544,-0.8127641,-8.995,-4.4625,-5.95
8015,774823,0.50752,-0.21106,-0.8142281,-6.5625,-3.5525,-4.2875
8016,774919,0.515328,-0.201788,-0.805932,-5.25,-3.2725,-3.605
8017,775016,0.499224,-0.24766,-0.7854361,-4.515,-3.8675,-4.1475
8018,775113,0.519232,-0.213012,-0.7956841,-5.7925,-5.075,-5.145
8019,775209,0.494588,-0.208864,-0.791536,-4.7075,-7.98,-5.9325
8020,775306,0.481656,-0.240096,-0.80276,-3.185,-10.01,-6.615
8021,775402,0.504836,-0.197884,-0.79544,-1.4525,-10.3775,-7.1575
8022,775499,0.487024,-0.158112,-0.8210601,1.68,-9.695,-7.14
8023,775596,0.497516,-0.224724,-0.79178,4.7775,-7.2975,-6.86
8024,775692,0.4933681,-0.232288,-0.774944,4.6025,-6.5625,-7.8225
8025,775789,0.489952,-0.18544,-0.809836,3.5,-7.805,-8.785
8026,775886,0.487024,-0.150792,-0.834968,3.7275,-7.21,-8.1725
8027,775982,0.51118,-0.150548,-0.8332601,5.95,-3.325,-7.0525
8028,776079,0.509716,-0.170068,-0.81374,8.3825,0.28,-5.4775
8029,776175,0.502152,-0.197396,-0.81374,10.2375,3.29,-4.095
8030,776272,0.48678,-0.21594,-0.806908,10.885,5.775,-4.06
8031,776369,0.502884,-0.220332,-0.793488,10.4125,8.8725,-4.69
8032,776465,0.472384,-0.224724,-0.810568,9.9575,13.265,-5.95
8033,776562,0.476776,-0.260348,-0.81374,9.66,18.48,-7.0875
8034,776658,0.467016,-0.28426,-0.8113001,8.6625,26.3025,-8.8025
8035,776755,0.496052,-0.263276,-0.817644,7.245,34.0725,-11.76
8036,776852,0.496052,-0.22936,-0.833992,8.4525,40.7575,-14.84
8037,776948,0.43066,-0.204716,-0.864736,12.1625,48.1075,-17.5875
8038,777045,0.541924,-0.112972,-0.8996281,14.595,60.06,-17.5
8039,777141,0.53314,-0.151768,-0.882548,23.0475,73.5,-14.1225
8040,777238,0.53924,-0.06588,-0.913292,25.725,88.32251,-9.2225
8041,777334,0.529236,-0.114192,-0.91622,30.975,106.085,-2.485
8042,777431,0.508252,-0.133956,-0.926468,34.965,126.2975,3.4475
8043,777528,0.5267961,-0.150304,-0.949404,38.36,148.96,7.175
8044,777624,0.480924,-0.195444,-0.9906401,46.2525,175.0,8.6275
8045,777721,0.514596,-0.179096,-1.02846,55.475,201.81,8.68
8046,777817,0.434076,-0.266204,-1.107272,71.12,228.795,8.6275
8047,777914,0.38186,-0.280356,-1.089704,81.27,267.0675,1.995
8048,778011,0.4213881,-0.296216,-1.121912,94.22,318.815,-9.0825
8049,778107,0.53314,-0.370148,-1.274656,113.47,374.535,-22.68
8050,778204,0.980636,-0.574132,-1.559404,137.025,424.06,-38.3425
8051,778300,1.574044,-0.600484,-1.644316,148.9775,453.3725,-56.2975
8052,778397,1.429352,-0.759084,-1.801696,160.265,462.5775,-73.08
8053,778493,1.97152,-0.898896,-2.030568,184.31,455.805,-77.315
8054,778590,1.874408,-0.745176,-1.882704,200.83,414.2425,-80.8325
8055,778687,1.877092,-0.814472,-2.23382,207.41,349.335,-101.045
8056,778783,1.144116,-0.51972,-2.131828,219.275,244.72,-118.5275
8057,778880,-1.156804,-0.304756,-2.399496,210.6825,125.9825,-124.8625
8058,778976,2.172088,-1.394704,-3.21104,191.345,44.5375,-124.25
8059,779073,-0.392108,-1.253184,-1.902468,104.545,-88.0775,-163.5725
8060,779170,-1.006256,-0.814472,-1.159488,24.5875,-166.3375,-182.49
8061,779266,0.183488,-0.7046721,-1.497184,3.22,-109.2175,-165.795
8062,779363,0.236192,-0.907436,-1.301984,16.065,-138.74,-115.7975
8063,779459,-0.079544,-1.074088,-1.037976,17.6575,-181.7375,-65.3275
8064,779556,0.030744,-0.9906401,-0.966484,-5.285,-200.095,-28.7875
8065,779653,0.107604,-0.6753921,-0.8866961,-34.5625,-217.595,-3.7275
8066,779749,0.10126,-0.399184,-0.807396,-44.975,-237.055,18.375
8067,779846,0.0854,-0.221796,-0.71736,-36.19,-251.335,36.61
8068,779942,0.071736,-0.130052,-0.637816,-22.1025,-261.3275,48.2475
8069,780039,0.123708,-0.149328,-0.59902,-12.67,-266.175,51.1175
8070,780136,0.273036,-0.170556,-0.606828,-15.26,-267.225,43.085
8071,780232,0.439444,-0.186172,-0.688812,-23.835,-268.625,31.2725
8072,780329,0.400892,-0.122488,-0.6893,-29.3125,-273.9275,25.1475
8073,780425,0.42212,-0.107604,-0.7068681,-26.2325,-271.18,26.2675
8074,780522,0.64172,-0.177632,-0.892064,-11.2525,-258.23,33.705
8075,780618,0.8842561,-0.355508,-0.9916161,6.7375,-256.55,48.125
8076,780715,1.004304,-0.479704,-0.968192,13.7375,-264.95,67.5325
8077,780812,0.955504,-0.43554,-0.8676641,9.52,-272.2825,84.21
8078,780908,0.989176,-0.3782,-0.90768,10.2025,-267.6275,95.48
8079,781005,1.129476,-0.443348,-1.024068,23.695,-259.9975,104.5275
8080,781101,1.336144,-0.674416,-1.075796,42.8575,-255.99,118.615
8081,781198,1.473028,-0.949648,-1.024556,49.525,-255.3425,139.125
8082,781295,1.600152,-1.153388,-0.9084121,35.0,-250.6,163.6075
8083,781391,1.8117,-1.277828,-0.820084,4.41,-239.82,187.7925
8084,781488,2.074244,-1.164856,-0.725656,-33.04,-225.3825,210.595
8085,781585,2.325564,-0.6993041,-0.666608,-63.4375,-208.915,231.98
8086,781681,2.66326,-0.416508,-0.5246,-72.52,-192.8325,244.5975
8087,781778,3.041948,-0.267912,-0.309148,-77.77,-182.14,239.47
8088,781874,3.362564,-0.206668,-0.1098,-93.205,-182.4375,216.9475
8089,781971,3.24886,-0.305732,0.303536,-123.235,-199.675,182.0
8090,782068,2.886276,0.204472,0.935496,-162.785,-205.8525,126.2625
8091,782164,3.10734,0.7476161,1.16388,-150.815,-184.205,72.24
8092,782261,2.989976,0.21716,1.824388,-57.89,-161.2975,48.9825
8093,782357,3.072448,-0.379664,2.390712,11.76,-117.775,38.2725
8094,782454,3.586556,0.03172,2.837476,-1.2775,-30.5025,35.21
8095,782550,1.806088,0.550708,2.82308,-5.6875,70.42,48.16
8096,782647,1.125572,0.038064,-3.026576,49.7,221.6025,62.93
8097,782744,0.7088201,1.104588,-2.631784,26.635,233.7825,28.315
8098,782840,1.417884,1.293932,-1.018944,11.3925,176.085,-32.0425
8099,782937,1.348832,-0.22204,-1.570384,87.88501,182.1575,-48.9125
8100,783033,0.51362,-0.46238,-0.844484,78.575,140.8575,-46.2175
8101,783130,0.7956841,-0.624152,-0.7808001,75.2325,142.205,-38.815
8102,783227,0.7986121,-0.6082921,-0.839116,67.6025,140.56,-30.73
8103,783323,0.644404,-0.470188,-0.800076,49.6475,123.725,-37.555
8104,783420,0.930128,-0.607316,-0.8195961,39.3925,120.155,-42.665
8105,783516,1.148752,-1.054812,-0.996496,19.0225,109.76,-50.645
8106,783613,1.113372,-0.9779521,-0.9108521,-27.475,70.2625,-46.8825
8107,783710,0.748104,-0.230092,-0.918416,-65.2575,43.155,-43.085
8108,783806,0.8049561,-0.267668,-0.9418401,-56.1925,29.9425,-37.905
8109,783903,0.678076,-0.275964,-0.888404,-50.7325,18.69,-30.03
8110,783999,0.5941401,-0.171532,-0.909144,-44.24,7.9275,-24.71
8111,784096,0.638304,-0.181048,-0.894504,-35.07,7.3325,-20.0025
8112,784193,0.5673,-0.178852,-0.877912,-26.005,3.0275,-15.5925
8113,784289,0.552416,-0.173728,-0.846924,-19.11,2.6425,-11.41
8114,784386,0.538508,-0.251808,-0.8100801,-12.3725,1.3125,-8.2425
8115,784482,0.515816,-0.223016,-0.814472,-10.5175,2.2575,-6.2125
8116,784579,0.542168,-0.21472,-0.80642,-8.2075,2.24,-4.41
8117,784676,0.504104,-0.236192,-0.799344,-5.8975,1.155,-3.2025
8118,784772,0.495564,-0.233996,-0.787876,-5.215,0.42,-3.0975
8119,784869,0.5023961,-0.222284,-0.793244,-5.0925,0.21,-3.6575
8120,784965,0.490196,-0.240584,-0.790072,-4.445,-0.14,-4.3925
8121,785062,0.504836,-0.252784,-0.774456,-5.46,0.245,-6.4925
8122,785158,0.488976,-0.270596,-0.777628,-2.45,-1.3825,-9.2925
8123,785255,0.51484,-0.2318,-0.7761641,-2.275,0.5775,-10.955
8124,785352,0.468724,-0.26718,-0.775676,-0.4375,-0.8225,-12.11
8125,785448,0.47824,-0.26108,-0.7869,-1.19,0.98,-13.5275
8126,785545,0.49776,-0.255224,-0.7951961,-1.855,2.0475,-15.2425
8127,785641,0.490928,-0.263032,-0.787388,-2.1875,0.5775,-16.1175
8128,785738,0.525576,-0.21228,-0.800808,-2.7125,0.175,-16.135
8129,785835,0.567056,-0.156404,-0.800808,-1.7675,0.0175,-14.8575
8130,785931,0.545584,-0.158844,-0.815936,2.1525,0.0525,-12.0925
8131,786028,0.5309441,-0.215452,-0.7937321,5.46,2.1,-9.73
8132,786124,0.525576,-0.21106,-0.796416,6.685,4.865,-9.0475
8133,786221,0.500688,-0.232776,-0.796904,6.265,6.615,-9.835
8134,786317,0.4941,-0.253516,-0.800076,6.02,10.605,-10.1675
8135,786414,0.485072,-0.251808,-0.793,4.8825,16.1525,-10.85
8136,786511,0.5368,-0.24888,-0.809348,4.1825,23.275,-11.6375
8137,786607,0.519476,-0.239364,-0.81618,5.2675,28.7875,-12.915
8138,786704,0.5363121,-0.231312,-0.826428,8.0675,34.825,-13.965
8139,786800,0.50874,-0.186904,-0.8610761,13.5625,41.5625,-15.505
8140,786897,0.447984,-0.265472,-0.8786441,18.8825,51.2575,-16.1875
8141,786993,0.538996,-0.184952,-0.902556,16.975,69.72,-13.7375
8142,787090,0.503128,-0.143472,-0.9335441,26.215,87.1325,-10.955
8143,787187,0.518012,-0.120536,-0.9525761,26.215,109.7075,-5.6525
8144,787283,0.49044,-0.12322,-0.9906401,34.0025,134.995,0.8925
8145,787380,0.503372,-0.112972,-1.017968,41.685,163.6075,5.6175
8146,787476,0.501908,-0.192272,-1.018944,54.9325,193.865,7.42
8147,787573,0.472872,-0.16714,-1.076528,65.1175,222.9325,7.5425
8148,787670,0.457988,-0.175436,-1.071404,78.365,259.56,6.4225
8149,787766,0.415288,-0.273768,-1.077992,94.16751,307.86,1.2425
8150,787863,0.5702281,-0.357216,-1.223416,112.805,364.56,-9.3275
8151,787959,0.7700641,-0.470188,-1.614304,134.61,418.5475,-23.8
8152,788056,1.244644,-0.56974,-1.585024,155.75,456.8725,-37.6775
8153,788153,1.383236,-0.8113001,-1.728984,160.7375,477.89,-67.27
8154,788249,1.841224,-0.854488,-2.082296,176.3125,492.24,-85.78501
8155,788346,2.233332,-0.909632,-2.267248,213.745,470.4875,-81.2175
8156,788442,2.199416,-0.7978801,-2.373876,237.9475,398.9475,-90.86
8157,788539,1.55184,-0.581696,-2.307508,251.195,285.8275,-112.9275
8158,788636,-0.727608,0.155428,-1.8483,231.3675,152.2325,-135.17
8159,788732,1.695068,-1.033096,-3.20006,231.5075,71.085,-146.2825
8160,788829,0.511668,-1.496452,-2.407548,164.6575,-32.2,-175.7525
8161,788925,-1.28588,-1.009916,-1.031144,56.4725,-184.765,-198.4675
8162,789022,-0.016836,-0.809348,-1.423984,16.0125,-105.6475,-181.3
8163,789119,0.20862,-0.905484,-1.286368,22.435,-120.4875,-120.365
8164,789215,-0.237168,-1.07482,-0.970632,26.5125,-163.415,-58.3275
8165,789312,-0.039772,-0.9562361,-0.952332,4.1475,-174.7025,-17.9375
8166,789408,0.13298,-0.632204,-0.954284,-24.9025,-187.775,7.875
8167,789505,0.197396,-0.379176,-0.9042641,-37.1525,-211.575,32.27
8168,789602,0.190808,-0.241072,-0.814472,-36.295,-236.1625,50.9425
8169,789698,0.22936,-0.142008,-0.738832,-34.4925,-255.57,58.975
8170,789795,0.263276,-0.102724,-0.6836881,-35.7525,-272.615,57.61
8171,789891,0.362828,-0.120292,-0.678564,-40.285,-287.6475,49.28
8172,789988,0.413092,-0.16714,-0.649528,-47.32,-299.81,38.465
8173,790084,0.470676,-0.208132,-0.6314721,-52.78,-306.145,31.2025
8174,790181,0.504836,-0.243756,-0.654408,-50.8375,-304.64,29.6625
8175,790278,0.599508,-0.291824,-0.688812,-43.26,-298.5325,33.4075
8176,790374,0.889136,-0.393816,-0.752008,-26.88,-288.61,41.895
8177,790471,1.05896,-0.528992,-0.8215481,-6.335,-287.63,58.73
8178,790567,1.095072,-0.643672,-0.825208,7.8575,-292.11,79.17
8179,790664,1.1041,-0.736392,-0.81984,12.565,-293.685,97.02
8180,790761,1.198772,-0.755912,-0.938424,12.145,-289.6775,111.2825
8181,790857,1.364448,-0.79178,-1.065792,15.1375,-287.14,124.6
8182,790954,1.540616,-0.9372041,-1.126304,20.93,-289.975,139.86
8183,791051,1.657004,-1.083604,-1.13704,19.8625,-294.14,157.8675
8184,791147,1.846836,-1.210972,-1.069208,8.3475,-293.2475,177.66
8185,791244,2.021784,-1.253184,-0.915976,-13.8425,-287.28,196.07
8186,791340,2.18258,-0.811056,-0.77348,-40.9675,-274.855,210.35
8187,791437,2.396812,-0.310368,-0.627812,-51.415,-253.0675,219.1
8188,791534,2.686684,-0.07564,-0.392596,-40.7925,-229.7925,211.5575
8189,791630,2.866268,-0.343552,0.2745,-39.6025,-208.8625,187.145
8190,791727,3.08294,-0.024644,0.448716,-95.445,-170.9575,140.5425
8191,791823,3.319864,0.186416,0.6470881,-107.1525,-153.86,111.5625
8192,791920,2.954108,0.300852,1.285636,-81.4975,-153.7025,88.795
8193,792016,2.995588,0.020252,1.763876,-38.2375,-120.995,62.6325
8194,792113,3.03414,-0.130296,2.211372,-17.43,-75.1975,37.835
8195,792210,3.440644,-0.047824,2.642032,-21.665,1.015,34.9825
8196,792306,2.454884,0.283528,3.055368,-30.8875,98.91001,58.5725
8197,792403,0.9437921,0.648064,-1.644804,-20.8775,241.5,90.195
8198,792499,1.281244,0.9394,-3.460896,-7.4725,306.46,52.2025
8199,792596,1.465952,1.646024,-1.177544,-43.1025,217.91,-16.9925
8200,792693,1.499136,0.599264,-1.453996,27.37,206.99,-44.8175
8201,792789,0.816424,0.054168,-1.380552,58.94,185.3775,-48.195
8202,792886,0.63806,-0.4148,-0.667584,61.1625,164.8675,-47.95
8203,792982,0.8615641,-0.677588,-0.74054,64.0325,172.935,-41.2125
8204,793079,0.980148,-0.639768,-0.8427761,49.1925,161.9975,-39.4975
8205,793176,1.379088,-1.146556,-1.452044,21.595,143.0275,-54.5125
8206,793272,1.544276,-0.959164,-0.949404,-44.5025,83.80751,-64.47
8207,793369,1.06384,-0.309392,-1.124352,-83.0725,17.0625,-54.67
8208,793465,0.839848,0.040992,-0.943548,-68.1625,12.88,-38.045
8209,793562,0.643672,-0.156648,-0.885476,-33.0925,-13.7725,-26.1975
8210,793659,0.5785241,-0.244488,-0.813496,-33.5825,-6.9475,-15.505
8211,793755,0.5673,-0.26718,-0.8461921,-23.9575,-8.8025,-12.355
8212,793852,0.488976,-0.176168,-0.8230121,-18.76,-9.7825,-11.095
8213,793948,0.52826,-0.172508,-0.847412,-13.125,-7.28,-8.61
8214,794045,0.538264,-0.152012,-0.8532681,-6.0725,-6.335,-5.67
8215,794142,0.49776,-0.160552,-0.845948,-0.595,-5.2675,-3.1325
8216,794238,0.516304,-0.166652,-0.9154881,5.5125,-0.1925,-0.7875
8217,794335,0.482144,-0.242536,-0.797392,9.59,2.45,-0.35
8218,794431,0.5165481,-0.22936,-0.776408,6.965,2.03,-2.205
8219,794528,0.548024,-0.207888,-0.776896,3.9725,0.595,-4.445
8220,794625,0.532408,-0.23302,-0.792756,3.22,-1.68,-4.1825
8221,794721,0.52094,-0.23302,-0.796416,3.605,-2.345,-3.185
8222,794818,0.502152,-0.227896,-0.7978801,3.4825,-2.31,-3.4125
8223,794914,0.494588,-0.292312,-0.783728,4.4975,-2.8525,-4.69
8224,795011,0.500688,-0.269864,-0.774944,3.5175,-4.76,-7.6825
8225,795108,0.51484,-0.214476,-0.787388,1.6975,-6.3525,-9.66
8226,795204,0.516304,-0.171776,-0.806176,1.82,-7.07,-9.275
8227,795301,0.495808,-0.173484,-0.808372,3.535,-5.8275,-7.42
8228,795397,0.516304,-0.177876,-0.8091041,5.7925,-3.2025,-5.845
8229,795494,0.4984921,-0.201056,-0.826916,7.1225,-1.435,-5.39
8230,795591,0.495808,-0.226676,-0.7944641,7.455,0.1575,-5.9325
8231,795687,0.5058121,-0.2379,-0.78812,6.2825,2.695,-7.28
8232,795784,0.510204,-0.22082,-0.791536,5.11,4.69,-8.155
8233,795880,0.500444,-0.21838,-0.78446,4.6025,6.0725,-8.6975
8234,795977,0.5063,-0.236436,-0.796904,4.97,8.855,-9.0125
8235,796074,0.475068,-0.239364,-0.810324,5.32,11.375,-9.9225
8236,796170,0.465796,-0.244976,-0.8188641,4.8475,16.94,-11.5325
8237,796267,0.458964,-0.26962,-0.808372,5.6525,24.99,-14.2625
8238,796364,0.467016,-0.274988,-0.8261841,6.23,34.0375,-17.8675
8239,796460,0.498736,-0.114436,-0.872056,5.985,42.7,-19.845
8240,796557,0.535092,-0.175436,-0.8479,11.3925,52.7975,-19.215
8241,796653,0.5546121,-0.130052,-0.8676641,15.715,62.125,-16.555
8242,796750,0.569252,-0.110532,-0.8708361,19.075,72.835,-12.74
8243,796847,0.5553441,-0.129808,-0.879864,23.0475,86.03,-7.0525
8244,796943,0.53924,-0.138104,-0.8847441,26.7225,100.87,-1.6625
8245,797040,0.544852,-0.121512,-0.9093881,29.8375,118.7375,3.185
8246,797136,0.536068,-0.138836,-0.9391561,36.3475,139.3175,6.965
8247,797233,0.509472,-0.147376,-0.964044,45.15,161.1575,10.045
8248,797330,0.540948,-0.167628,-0.99552,56.91,185.115,12.0575
8249,797426,0.476288,-0.168116,-1.098732,71.295,211.4875,13.4575
8250,797523,0.381128,-0.255468,-1.063352,85.89,249.095,11.2525
8251,797619,0.446764,-0.278648,-1.117764,98.9275,298.8475,4.13
8252,797716,0.5165481,-0.35502,-1.188524,119.9625,352.2925,-7.245
8253,797813,0.816668,-0.451888,-1.532808,146.58,403.76,-18.9525
8254,797909,1.368596,-0.5511961,-1.552328,165.7075,440.2125,-32.795
8255,798006,1.36762,-0.6756361,-1.617232,174.65,456.575,-53.725
8256,798102,1.68116,-0.892064,-1.894904,196.2275,464.6425,-65.975
8257,798199,2.175992,-0.8810841,-1.962492,223.265,445.6375,-68.79251
8258,798296,2.170624,-0.793244,-2.142076,231.84,386.9075,-86.24
8259,798392,1.61894,-0.72956,-2.309216,242.34,291.0775,-110.6525
8260,798489,0.037576,-0.185196,-2.022028,236.39,163.485,-127.2775
8261,798585,0.8642481,-0.798856,-2.66448,226.485,57.085,-128.31
8262,798682,1.300032,-1.616012,-2.639836,174.3875,-3.395,-156.4675
8263,798779,-1.098488,-0.90646,-1.086776,65.22251,-179.9525,-189.6475
8264,798875,-0.19886,-0.681248,-1.233664,21.4375,-125.2475,-186.655
8265,798972,0.588772,-0.792512,-1.345416,26.32,-118.0725,-150.255
8266,799068,0.163724,-1.032608,-1.025288,28.0875,-169.4525,-99.24251
8267,799165,-0.00122,-1.01748,-0.8549761,4.515,-200.375,-58.38
8268,799262,0.138104,-0.71736,-0.815936,-34.09,-212.275,-32.795
8269,799358,0.154208,-0.404064,-0.76616,-55.0725,-228.3575,-10.3775
8270,799455,0.1281,-0.208376,-0.683932,-52.045,-244.72,12.18
8271,799551,0.020496,-0.197152,-0.562664,-38.6925,-257.215,29.505
8272,799648,0.043676,-0.181292,-0.48434,-33.6525,-260.3125,39.5325
8273,799745,0.209352,-0.216916,-0.525332,-37.205,-255.9375,41.65
8274,799841,0.343064,-0.212524,-0.607072,-46.4975,-256.34,38.255
8275,799938,0.351116,-0.183244,-0.620004,-52.1675,-263.7075,37.2575
8276,800034,0.326472,-0.17324,-0.598288,-48.5275,-266.1575,41.3525
8277,800131,0.404308,-0.142252,-0.612928,-40.1975,-257.8275,49.245
8278,800228,0.630252,-0.201544,-0.74786,-25.34,-245.5425,57.8375
8279,800324,0.9120721,-0.308416,-0.878156,-8.33,-243.32,69.405
8280,800421,1.017236,-0.420412,-0.888404,1.6975,-253.9075,82.565
8281,800517,0.909632,-0.401136,-0.806908,0.735,-267.12,92.71501
8282,800614,0.9181721,-0.298656,-0.82228,2.8875,-266.63,99.1375
8283,800710,1.008696,-0.3172,-0.896944,19.04,-259.8925,103.5125
8284,800807,1.077016,-0.537288,-0.9386681,39.655,-255.5875,108.465
8285,800904,1.19194,-0.7761641,-0.9103641,46.445,-248.5,116.5675
8286,801000,1.413248,-0.9516,-0.845704,38.85,-235.27,130.7775
8287,801097,1.697996,-1.13338,-0.7849481,22.75,-219.765,150.6575
8288,801193,2.048624,-1.033096,-0.753716,-0.665,-204.3825,172.97
8289,801290,2.427068,-0.730536,-0.679784,-20.265,-190.085,194.6875
8290,801387,2.8548,-0.504592,-0.60024,-29.715,-180.04,207.9175
8291,801483,3.468948,-0.231556,-0.456768,-38.3775,-178.605,207.0425
8292,801580,3.658048,-0.085156,-0.133224,-56.455,-203.455,193.41
8293,801676,3.403312,-0.535824,0.817156,-92.1025,-240.2225,160.7725
8294,801773,3.141012,0.6707561,1.44936,-193.9,-213.4125,77.8575
8295,801870,3.57216,1.392508,1.840248,-179.55,-189.2275,13.755
8296,801966,2.8365,-0.014884,3.16956,-23.625,-155.1025,14.7175
8297,802063,2.677412,-0.381372,3.907172,29.925,-47.9675,29.26
8298,802159,3.273748,0.537288,3.392332,-11.8125,147.4025,50.4175
8299,802256,1.703852,-0.274744,-2.994124,40.6875,289.3275,65.7475
8300,802352,1.783396,1.098244,-3.128568,-11.305,266.1225,15.33
8301,802449,1.27978,1.265872,-0.816424,-38.78,151.7425,-55.3175
8302,802546,1.165832,-0.5172801,-1.408856,46.2875,166.285,-55.685
8303,802642,0.278648,-0.4392,-0.7937321,37.17,139.615,-30.94
8304,802739,0.9181721,-0.10858,-0.853512,28.6125,147.4025,-22.785
8305,802835,1.238544,-0.512888,-1.192428,34.1775,141.2775,-33.565
8306,802932,1.837564,-1.61284,-1.168272,3.9725,85.085,-57.3475
8307,803029,0.494832,-0.621712,-0.6612401,-54.88,20.5275,-45.395
8308,803125,1.056276,0.084912,-1.186572,-60.445,20.7025,-36.9425
8309,803222,0.700768,-0.125416,-0.8569281,-40.5825,-4.76,-29.9775
8310,803318,0.5856,-0.226676,-0.827892,-21.315,-7.7875,-16.3275
8311,803415,0.614636,-0.277672,-0.791536,-20.3875,-7.5075,-11.83
8312,803512,0.540704,-0.234728,-0.81618,-19.6525,-10.395,-10.9725
8313,803608,0.509228,-0.208864,-0.826428,-16.6425,-10.0975,-10.0625
8314,803705,0.498248,-0.221552,-0.823744,-11.8825,-8.6625,-8.4525
8315,803801,0.502152,-0.262544,-0.807152,-7.6825,-6.545,-6.9475
8316,803898,0.52582,-0.142008,-0.833992,-6.7725,-6.23,-6.4925
8317,803995,0.517036,-0.155672,-0.837652,-2.3275,-4.3575,-3.8325
8318,804091,0.50142,-0.185928,-0.8271601,2.66,-2.73,-0.98
8319,804188,0.496052,-0.212768,-0.7986121,5.5125,-1.0675,-0.0875
8320,804285,0.5119121,-0.223016,-0.793,10.15,4.8825,-0.7175
8321,804381,0.530456,-0.225456,-0.781776,7.385,-0.8400001,-0.7525
8322,804478,0.515816,-0.185196,-0.809348,6.93,-3.4825,-0.9625
8323,804574,0.492636,-0.223504,-0.812032,8.6975,-5.215,-0.7875
8324,804671,0.498004,-0.236924,-0.803248,9.345,-3.0975,-1.2775
8325,804768,0.501908,-0.263032,-0.7869,8.995,-2.6075,-2.555
8326,804864,0.510448,-0.272792,-0.769088,7.56,-2.2225,-4.2875
8327,804961,0.5077641,-0.24278,-0.777628,5.53,-3.5175,-5.9325
8328,805057,0.516304,-0.196176,-0.787632,4.2,-4.2175,-6.65
8329,805154,0.497516,-0.198372,-0.80154,4.935,-3.7625,-6.195
8330,805251,0.49654,-0.20862,-0.798856,5.4075,-2.555,-6.2475
8331,805347,0.498248,-0.210816,-0.796172,5.0225,-0.875,-7.0525
8332,805444,0.492636,-0.232776,-0.793,4.2875,1.5225,-7.91
8333,805540,0.508252,-0.224236,-0.79544,3.78,3.7975,-8.8025
8334,805637,0.5058121,-0.224968,-0.8047121,4.095,6.51,-9.6775
8335,805733,0.466772,-0.232532,-0.80764,4.8825,9.065,-9.9575
8336,805830,0.523868,-0.22326,-0.820084,5.74,14.245,-9.6075
8337,805927,0.467992,-0.25742,-0.797636,6.615,19.1975,-10.675
8338,806023,0.481656,-0.252784,-0.8044681,6.125,27.16,-12.075
8339,806120,0.48678,-0.26108,-0.828624,7.665,35.7875,-14.245
8340,806216,0.4026,-0.303048,-0.840824,10.8325,42.175,-18.585
8341,806313,0.531676,-0.138348,-0.878888,9.1,52.5525,-21.63
8342,806410,0.522404,-0.21594,-0.852536,14.5775,64.8375,-21.5425
8343,806506,0.5694961,-0.103944,-0.874984,16.87,76.1775,-18.97
8344,806603,0.568032,-0.099308,-0.884988,20.51,89.6875,-13.9125
8345,806699,0.545096,-0.128588,-0.877668,23.9925,104.6675,-7.4025
8346,806796,0.559248,-0.12932,-0.8949921,26.2675,122.57,-1.645
8347,806893,0.539484,-0.165188,-0.904508,31.6225,141.26,2.765
8348,806989,0.561688,-0.157136,-0.924516,38.2025,161.1225,5.5475
8349,807086,0.540948,-0.186172,-0.946232,48.335,182.175,7.1225
8350,807182,0.5002,-0.22692,-0.994056,61.39,204.4,7.0875
8351,807279,0.45018,-0.242048,-0.99186,72.625,235.095,1.82
8352,807375,0.475556,-0.247172,-1.02358,85.47,278.1275,-5.4775
8353,807472,0.592188,-0.37454,-1.084824,102.0425,327.8275,-15.54
8354,807569,0.735172,-0.435784,-1.362008,118.1425,378.385,-27.58
8355,807665,1.188036,-0.532164,-1.456192,136.0625,417.3575,-42.9975
8356,807762,1.391776,-0.7422481,-1.579656,145.04,441.7525,-69.545
8357,807858,1.46644,-0.792512,-1.833172,156.5025,460.5125,-84.01751
8358,807955,2.205272,-0.898164,-2.035448,191.835,457.8,-79.625
8359,808052,2.015684,-0.742492,-1.959564,213.325,406.7175,-81.25251
8360,808148,1.842444,-0.7217521,-2.378268,225.015,329.2975,-100.905
8361,808245,0.734928,-0.334036,-1.8422,225.4875,209.23,-121.415
8362,808341,-0.8906,0.016348,-1.957856,213.5875,111.16,-132.8775
8363,808438,2.520032,-1.721664,-3.045608,212.975,78.75,-151.7775
8364,808535,-0.510692,-1.407148,-1.481324,105.28,-110.3375,-177.9575
8365,808631,-0.6695361,-1.059448,-1.051396,21.6125,-145.4075,-175.245
8366,808728,0.396744,-0.851804,-1.315404,-9.1,-96.49501,-140.0175
8367,808824,0.243512,-0.9437921,-1.109712,-7.2975,-132.16,-80.185
8368,808921,0.031232,-0.979172,-0.9386681,-15.2075,-170.065,-29.05
8369,809018,0.134688,-0.734684,-0.8930401,-45.8675,-192.3775,-0.9625
8370,809114,0.126392,-0.346724,-0.797636,-72.555,-217.0,13.5275
8371,809211,0.144692,-0.08100801,-0.700036,-75.0225,-239.6625,25.2525
8372,809307,0.094672,0.029524,-0.572912,-59.955,-257.705,31.8675
8373,809404,0.10736,-0.002684,-0.46726,-41.1775,-268.9925,32.1825
8374,809501,0.160796,-0.13786,-0.39528,-33.145,-272.86,27.1775
8375,809597,0.277428,-0.2501,-0.4023561,-40.285,-272.7375,17.9725
8376,809694,0.461648,-0.275476,-0.462868,-54.95,-268.9925,10.7625
8377,809790,0.483852,-0.323056,-0.515816,-59.7625,-267.5225,15.6975
8378,809887,0.503128,-0.395768,-0.57828,-54.985,-261.555,31.6225
8379,809983,0.682468,-0.45262,-0.670268,-45.6575,-250.11,51.695
8380,810080,0.9001161,-0.520452,-0.757864,-35.105,-245.3325,70.63
8381,810177,1.028948,-0.563152,-0.767624,-27.72,-250.11,84.56
8382,810273,1.048224,-0.5309441,-0.744688,-22.75,-259.6825,92.015
8383,810370,1.069208,-0.528016,-0.758596,-12.46,-265.2825,95.00751
8384,810466,1.091412,-0.562176,-0.8049561,2.8,-267.96,98.35
8385,810563,1.154608,-0.653676,-0.847412,17.0975,-268.59,104.825
8386,810660,1.222196,-0.76616,-0.8718121,27.265,-267.645,114.8525
8387,810756,1.280268,-0.841312,-0.893772,29.6625,-263.8475,127.8375
8388,810853,1.407392,-0.938912,-0.8888921,26.8625,-255.6575,142.695
8389,810949,1.591856,-1.036024,-0.8559521,17.955,-244.1775,157.2375
8390,811046,1.825364,-0.9330561,-0.793488,3.4825,-230.4225,172.375
8391,811143,2.082784,-0.606096,-0.7517641,-8.155,-212.94,187.0225
8392,811239,2.385832,-0.274744,-0.636352,-7.735,-195.9475,192.815
8393,811336,2.640568,0.001708,-0.37942,-2.1875,-183.19,185.5
8394,811432,2.791116,0.036844,-0.098088,-1.4,-176.505,164.9725
8395,811529,3.007544,-0.025864,0.116144,-18.235,-170.5725,135.45
8396,811626,3.055124,-0.356728,0.455792,-47.9325,-172.0775,101.64
8397,811722,3.245688,0.105164,0.9042641,-105.0,-163.7125,53.095
8398,811819,2.972896,0.450668,1.599176,-127.0675,-161.35,4.9875
8399,811915,2.279448,0.456768,2.404132,-88.9,-129.675,-19.6
8400,812012,2.602016,-0.09784401,2.870416,-20.09,-30.4325,-2.24
8401,812108,2.74256,-0.01464,2.975092,-12.0225,103.39,42.49
8402,812205,0.768356,0.642696,-0.964044,-28.9975,228.2,87.60501
8403,812302,1.361276,0.752496,-3.478464,2.66,302.61,65.7825
8404,812398,1.393728,1.647,-1.35908,-22.5925,211.715,2.3625
8405,812495,1.28466,0.811788,-1.077992,24.675,186.8475,-45.185
8406,812591,1.196332,-0.253272,-1.497428,73.97251,186.795,-53.025
8407,812688,0.597312,-0.587064,-0.637816,64.9775,154.9625,-45.7625
8408,812785,1.06628,-0.620492,-0.812032,59.9725,162.12,-36.7325
8409,812881,1.334924,-0.9052401,-1.270264,45.85,154.6475,-35.385
8410,812978,1.946144,-1.405196,-1.09922,-9.275,95.375,-55.3875
8411,813074,0.7361481,-0.5777921,-0.783972,-68.0925,17.9375,-48.755
8412,813171,1.138016,0.230336,-1.14924,-68.5475,20.44,-37.03
8413,813267,0.606828,-0.439932,-0.738832,-35.3325,-15.5225,-28.385
8414,813364,0.665632,-0.103212,-0.872788,-35.7175,-6.79,-15.75
8415,813461,0.5785241,-0.275964,-0.801784,-23.065,-12.3025,-11.3925
8416,813557,0.5504641,-0.226676,-0.827404,-20.475,-11.585,-8.6275
8417,813654,0.537288,-0.183976,-0.829356,-15.925,-11.6725,-7.42
8418,813750,0.532896,-0.195932,-0.817644,-11.1125,-9.7825,-5.3725
8419,813847,0.522404,-0.196908,-0.8230121,-8.435,-8.7675,-4.06
8420,813944,0.5206961,-0.20374,-0.820572,-5.3025,-7.1575,-3.01
8421,814040,0.526552,-0.2135,-0.811544,-3.045,-5.0225,-2.765
8422,814137,0.503616,-0.197396,-0.8049561,-1.2425,-4.06,-1.995
8423,814233,0.501176,-0.21594,-0.8044681,1.2075,-3.3075,-1.715
8424,814330,0.506056,-0.198372,-0.8066641,1.715,-2.7125,-1.785
8425,814426,0.51118,-0.239852,-0.781776,2.6775,-2.1875,-1.715
8426,814523,0.51606,-0.251076,-0.76372,2.3625,-3.01,-2.8
8427,814620,0.509228,-0.248636,-0.768112,-0.2275,-5.7925,-4.655
8428,814716,0.494344,-0.240584,-0.779336,-2.1175,-8.2425,-6.3175
8429,814813,0.485072,-0.257664,-0.809348,-2.485,-9.975,-7.77
8430,814909,0.490928,-0.255468,-0.8081281,-0.875,-9.1875,-8.8025
8431,815006,0.505568,-0.232044,-0.792756,0.21,-8.785,-10.6925
8432,815102,0.508008,-0.2135,-0.7849481,0.525,-9.345,-12.4075
8433,815199,0.519476,-0.167628,-0.8142281,0.805,-8.26,-12.0925
8434,815296,0.5016641,-0.153232,-0.8127641,2.135,-7.5775,-10.5
8435,815392,0.494832,-0.16958,-0.8195961,4.6025,-5.5825,-8.8025
8436,815489,0.5077641,-0.232776,-0.793488,5.9325,-2.135,-8.4525
8437,815585,0.490196,-0.249612,-0.7944641,4.8125,1.47,-9.555
8438,815682,0.494832,-0.227408,-0.8066641,3.4125,4.3225,-10.955
8439,815779,0.498248,-0.21716,-0.8091041,3.08,7.7,-11.5675
8440,815875,0.498004,-0.218136,-0.811788,3.7975,12.8975,-11.55
8441,815972,0.467504,-0.242048,-0.81252,4.76,18.165,-11.62
8442,816068,0.512644,-0.243512,-0.791536,4.585,23.485,-12.25
8443,816165,0.5214281,-0.2379,-0.791048,4.4625,29.47,-14.385
8444,816261,0.510448,-0.254492,-0.806176,6.055,34.16,-16.94
8445,816358,0.470432,-0.179584,-0.8359441,6.72,38.395,-19.32
8446,816455,0.547048,-0.17324,-0.8513161,8.575,47.215,-19.6875
8447,816551,0.532164,-0.144692,-0.864004,13.9125,56.0,-18.2
8448,816648,0.564372,-0.116876,-0.8662001,16.31,67.375,-15.085
8449,816744,0.549,-0.11224,-0.878888,19.6,80.325,-10.15
8450,816841,0.54412,-0.13176,-0.875228,22.9075,95.1125,-4.34
8451,816938,0.539484,-0.136884,-0.8940161,24.78,112.49,0.14
8452,817034,0.535336,-0.139324,-0.922076,29.435,132.0025,3.045
8453,817131,0.5185,-0.173972,-0.9489161,37.87,153.8775,5.145
8454,817227,0.526064,-0.171044,-0.966484,47.74,177.625,6.195
8455,817324,0.530212,-0.20252,-1.040416,59.8675,202.8075,6.9475
8456,817420,0.410652,-0.237656,-1.044564,70.245,234.885,5.39
8457,817517,0.464576,-0.222528,-1.067744,81.2,278.985,-0.6125
8458,817614,0.512644,-0.287432,-1.10044,101.255,328.1075,-9.8525
8459,817710,0.720288,-0.407724,-1.358836,128.5725,377.9125,-19.46
8460,817807,1.281732,-0.482388,-1.471564,147.945,418.3025,-29.8375
8461,817903,1.4396,-0.563396,-1.552816,164.92,434.84,-46.375
8462,818000,1.497916,-0.70638,-1.773392,190.2775,444.85,-53.0775
8463,818097,2.019832,-0.69784,-1.88612,222.075,435.7675,-50.015
8464,818193,2.107916,-0.868152,-1.989332,239.0325,389.69,-63.84
8465,818290,1.776076,-0.9357401,-2.240896,239.5925,311.99,-93.835
8466,818386,0.762988,-0.528504,-2.063752,223.615,199.8325,-118.65
8467,818483,-0.630496,-0.589992,-2.0923,205.4675,87.4125,-124.0575
8468,818579,1.949072,-1.575264,-2.883104,166.495,48.23,-133.175
8469,818676,-0.8235001,-0.951844,-1.442528,73.16751,-116.2875,-168.84
8470,818773,-0.567056,-0.633912,-1.166808,16.6425,-119.28,-178.325
8471,818869,0.415532,-0.630008,-1.404952,13.475,-88.51501,-162.0675
8472,818966,0.15494,-0.869128,-1.115324,26.8625,-132.0025,-119.98
8473,819062,0.01952,-1.10654,-0.9479401,24.15,-162.82,-80.0625
8474,819159,0.243268,-1.06994,-0.9577,-8.33,-179.7425,-49.2625
8475,819256,0.265472,-0.769576,-0.9028,-46.6025,-206.01,-21.91
8476,819352,0.204228,-0.44774,-0.8052,-65.695,-233.45,4.9
8477,819449,0.111508,-0.226188,-0.66368,-61.4075,-253.82,27.02
8478,819545,0.061488,-0.146888,-0.538996,-45.885,-264.2675,42.735
8479,819642,0.051972,-0.187636,-0.46482,-32.9175,-266.42,50.855
8480,819739,0.162748,-0.178364,-0.453108,-32.6375,-262.2375,48.44
8481,819835,0.37332,-0.2318,-0.55754,-40.0925,-258.265,39.34
8482,819932,0.477752,-0.178852,-0.676856,-47.8625,-261.1,31.7625
8483,820028,0.452376,-0.086864,-0.66734,-47.3375,-267.9775,31.395
8484,820125,0.494832,-0.1342,-0.72712,-32.55,-265.09,35.98
8485,820221,0.62708,-0.228384,-0.811788,-13.86,-259.8575,44.5025
8486,820318,0.866932,-0.371368,-0.8957241,3.43,-259.28,57.82
8487,820415,0.976976,-0.490684,-0.9057281,13.02,-266.0525,74.6725
8488,820511,0.919392,-0.484096,-0.884988,10.4825,-275.45,87.3075
8489,820608,0.9613601,-0.41236,-0.9201241,7.7,-276.955,93.9925
8490,820704,1.04066,-0.43188,-0.982588,15.82,-275.6075,98.735
8491,820801,1.135088,-0.64538,-0.970876,29.96,-273.5075,105.07
8492,820898,1.224148,-0.855708,-0.9108521,34.825,-266.1925,115.5
8493,820994,1.417152,-1.049444,-0.8842561,29.1375,-250.5825,129.955
8494,821091,1.779736,-1.24074,-0.8591241,17.8325,-231.21,147.0
8495,821187,2.16184,-1.202432,-0.796172,1.645,-214.1825,166.7575
8496,821284,2.695956,-0.765672,-0.8866961,-9.0475,-196.42,191.1875
8497,821380,3.332552,-0.525332,-0.836676,-4.725,-189.385,212.905
8498,821477,3.4709,-0.138592,-0.38186,-18.585,-210.5775,214.3575
8499,821574,3.451868,-0.498736,0.42944,-44.3625,-231.105,192.6575
8500,821670,3.193716,0.310124,0.994056,-128.6425,-210.63,134.61
8501,821767,3.469192,0.8637601,1.197064,-162.05,-181.825,75.5475
8502,821863,2.994368,0.601704,1.984208,-98.75251,-158.865,57.4175
8503,821960,2.936296,-0.263276,2.580056,-6.86,-104.7025,57.05
8504,822057,3.47334,0.022448,2.81088,-12.075,-7.0175,56.14
8505,822153,2.578592,0.366,2.591036,-29.19,101.955,75.6875
8506,822250,0.9506241,0.54656,-1.757776,-3.7275,214.9525,99.5575
8507,822346,0.860832,1.040904,-3.034628,-11.5325,267.785,63.21
8508,822443,1.212192,1.725324,-1.180716,-24.4825,196.0875,1.96
8509,822539,1.202432,0.57828,-1.276608,46.2525,189.7175,-27.3525
8510,822636,0.731756,-0.23668,-1.162172,75.4425,171.395,-41.8775
8511,822733,0.60512,-0.606828,-0.5751081,67.165,152.67,-47.0575
8512,822829,0.99552,-0.7224841,-0.7812881,61.1625,163.905,-38.7275
8513,822926,1.250012,-0.723948,-1.05286,40.915,150.9375,-39.7425
8514,823022,1.523292,-1.429108,-1.2566,1.26,113.4175,-59.815
8515,823119,0.9757561,-0.576816,-0.780312,-66.2725,54.8625,-58.695
8516,823215,0.9711201,-0.015128,-1.110688,-76.615,21.9625,-51.2925
8517,823312,0.84424,-0.1403,-0.9572121,-62.72,8.015,-38.045
8518,823409,0.652456,-0.24156,-0.843264,-41.4225,-8.995,-25.76
8519,823505,0.618052,-0.16226,-0.879864,-34.8075,-8.2075,-18.8125
8520,823602,0.5594921,-0.185196,-0.842288,-27.3875,-9.1175,-15.015
8521,823698,0.5511961,-0.136152,-0.854244,-21.1925,-7.245,-10.9375
8522,823795,0.536556,-0.171776,-0.83692,-13.2475,-6.4925,-6.8075
8523,823892,0.525576,-0.162992,-0.838628,-8.085,-4.7075,-3.7275
8524,823988,0.51118,-0.205692,-0.820084,-2.9225,-2.3275,-1.365
8525,824085,0.513864,-0.207156,-0.8100801,-0.0875,-0.595,-0.245
8526,824181,0.518744,-0.198616,-0.814472,1.785,0.07,0.455
8527,824278,0.506544,-0.21838,-0.8047121,4.025,0.4025,1.2775
8528,824375,0.509472,-0.218136,-0.7944641,5.1275,0.735,1.3825
8529,824471,0.513132,-0.237168,-0.786412,5.5825,0.6475,1.1725
8530,824568,0.51484,-0.265228,-0.767136,5.355,-1.225,0.4025
8531,824664,0.517768,-0.244976,-0.773724,4.13,-3.15,-0.805
8532,824761,0.527772,-0.231068,-0.78202,3.99,-4.5325,-1.8725
8533,824857,0.513864,-0.219844,-0.790072,4.6725,-7.1575,-2.7125
8534,824954,0.49776,-0.230092,-0.783972,5.145,-8.75,-3.7275
8535,825051,0.4933681,-0.232776,-0.787144,5.32,-9.345,-5.495
8536,825147,0.494832,-0.235948,-0.7829961,4.5675,-9.1525,-7.735
8537,825244,0.5058121,-0.238388,-0.778604,3.395,-9.52,-9.275
8538,825340,0.497028,-0.187636,-0.8086161,2.205,-9.065,-9.6775
8539,825437,0.500688,-0.177388,-0.813496,2.7825,-7.14,-8.82
8540,825534,0.513376,-0.165432,-0.812032,4.62,-3.78,-6.7725
8541,825630,0.512888,-0.216184,-0.800564,6.895,0.1925,-5.1625
8542,825727,0.490684,-0.234728,-0.794708,7.91,2.6075,-5.425
8543,825823,0.477264,-0.260104,-0.797636,7.7,4.97,-7.1925
8544,825920,0.50874,-0.220576,-0.8025161,6.195,7.98,-8.75
8545,826016,0.476044,-0.247904,-0.803248,6.265,12.5125,-9.66
8546,826113,0.481656,-0.254492,-0.800076,5.9325,18.795,-10.99
8547,826210,0.499224,-0.25132,-0.803736,5.1275,27.6325,-13.265
8548,826306,0.52582,-0.227652,-0.814472,5.5125,35.42,-15.5925
8549,826403,0.51118,-0.2196,-0.8344801,10.2725,41.0025,-18.165
8550,826499,0.415044,-0.212524,-0.868884,14.4025,47.1975,-20.1775
8551,826596,0.552416,-0.09150001,-0.9059721,14.2625,60.1825,-18.55
8552,826693,0.510692,-0.187636,-0.8810841,23.1175,74.76,-14.805
8553,826789,0.535092,-0.1098,-0.925736,24.7625,90.93,-10.29
8554,826886,0.509472,-0.1464,-0.942816,29.575,110.565,-4.62
8555,826982,0.5016641,-0.132004,-0.9757561,33.635,134.5225,0.28
8556,827079,0.519964,-0.132492,-0.998204,42.42,162.505,4.27
8557,827176,0.50996,-0.128832,-1.025044,54.46,191.2575,7.2275
8558,827272,0.494588,-0.174948,-1.092632,68.3025,219.8525,12.005
8559,827369,0.425048,-0.240584,-1.1102,83.51001,254.9575,12.95
8560,827466,0.357216,-0.246684,-1.137528,99.085,302.9075,6.3875
8561,827562,0.5673,-0.299876,-1.1712,121.24,358.9075,-3.325
8562,827659,0.7285841,-0.342576,-1.507432,149.4325,415.0125,-13.825
8563,827755,1.253428,-0.44286,-1.508896,179.27,452.935,-21.5775
8564,827852,1.347612,-0.6980841,-1.565992,198.6075,467.7225,-40.0575
8565,827949,1.732156,-0.852048,-1.871236,218.75,477.61,-54.6525
8566,828045,2.344352,-0.86742,-2.051308,248.745,455.735,-54.985
8567,828142,2.357772,-0.735904,-2.078636,260.47,385.9625,-66.6575
8568,828238,1.70312,-0.640256,-2.259196,260.5575,277.095,-90.2475
8569,828335,0.072712,-0.006832001,-1.730936,246.925,141.8025,-109.6725
8570,828432,0.61488,-0.65148,-2.4949,227.22,46.55,-120.5925
8571,828528,1.087996,-1.455216,-2.505636,163.3275,-2.7825,-153.09
8572,828625,-1.08946,-0.823256,-0.9547721,49.9625,-166.46,-193.305
8573,828721,0.022692,-0.786656,-1.259284,7.035,-108.3425,-190.89
8574,828818,0.293532,-0.911096,-1.14558,6.125,-118.8775,-143.745
8575,828915,-0.200568,-1.065304,-0.837164,3.92,-158.655,-85.76751
8576,829011,-0.006588,-0.9699,-0.828868,-14.0525,-165.62,-37.03
8577,829108,0.165188,-0.759572,-0.849852,-38.9725,-175.875,0.8225
8578,829204,0.182024,-0.498248,-0.817156,-57.7675,-199.08,31.3775
8579,829301,0.177388,-0.274744,-0.758352,-65.555,-221.4275,51.66
8580,829398,0.191052,-0.080276,-0.7171161,-63.945,-239.5575,59.1675
8581,829494,0.211304,0.05246,-0.683932,-55.0375,-256.1825,55.79
8582,829591,0.237412,0.06124401,-0.653432,-45.9725,-271.075,43.2775
8583,829687,0.349408,0.026352,-0.6470881,-42.245,-282.45,21.665
8584,829784,0.465064,0.004392,-0.664168,-41.545,-291.76,-2.1525
8585,829881,0.417972,-0.038064,-0.628056,-33.1625,-299.39,-16.2925
8586,829977,0.351848,-0.11102,-0.549488,-19.39,-298.6375,-20.4925
8587,830074,0.574864,-0.187636,-0.690032,-2.695,-280.105,-19.1625
8588,830170,0.967216,-0.255712,-0.88328,21.595,-267.6625,-7.5075
8589,830267,1.034804,-0.432612,-0.879864,48.5275,-276.6925,14.2975
8590,830364,0.96868,-0.537532,-0.79178,58.5725,-285.95,34.755
8591,830460,1.021384,-0.55266,-0.7808001,55.685,-281.3825,49.28
8592,830557,1.1041,-0.590968,-0.81862,54.74,-272.545,62.0025
8593,830653,1.1651,-0.813008,-0.833992,60.375,-264.0575,78.925
8594,830750,1.248304,-1.018944,-0.8113001,58.1175,-250.18,104.0375
8595,830847,1.434232,-1.15412,-0.764208,44.0125,-229.7225,137.0425
8596,830943,1.690432,-1.268312,-0.7285841,19.2675,-207.6375,173.9675
8597,831040,1.998116,-1.172908,-0.69662,-15.295,-186.76,209.16
8598,831136,2.273592,-0.6368401,-0.691252,-50.8025,-166.6525,238.49
8599,831233,2.67058,-0.330864,-0.61854,-65.3975,-151.165,255.0275
8600,831330,3.242516,-0.187148,-0.455792,-73.71,-145.845,250.8275
8601,831426,3.4892,-0.285236,-0.152988,-96.5825,-164.3775,228.55
8602,831523,3.426736,-0.25254,0.182268,-143.7625,-200.8475,192.815
8603,831619,3.024624,-0.284016,0.920368,-195.265,-230.3175,142.59
8604,831716,2.576396,1.212924,1.586,-239.575,-208.8275,68.6175
8605,831812,2.582984,0.637816,2.063508,-110.2325,-160.895,40.775
8606,831909,2.806976,-0.691496,2.700836,32.725,-95.07751,52.85
8607,832006,2.884812,-0.323544,3.080988,13.195,9.24,63.3325
8608,832102,2.048868,0.366244,1.755824,-0.875,153.02,91.875
8609,832199,1.459608,-0.057584,-3.388428,45.71,258.79,93.4675
8610,832295,0.987224,1.416908,-2.268224,-6.3875,217.7875,42.175
8611,832392,1.223172,1.314428,-0.952332,8.0325,161.2975,-16.6075
8612,832489,1.113372,-0.09418401,-1.44692,80.92,165.34,-36.89
8613,832585,0.365756,-0.406992,-0.707356,76.02,132.4925,-40.32
8614,832682,0.847412,-0.65514,-0.711504,74.04251,143.9725,-32.48
8615,832778,0.988932,-0.697108,-0.8740081,65.17,145.4425,-25.1475
8616,832875,1.209752,-0.964044,-1.043832,36.61,123.9,-37.7475
8617,832972,1.19072,-1.168272,-0.97234,-3.1675,84.77,-46.0775
8618,833068,0.8357,-0.422364,-0.848388,-52.71,46.0775,-42.0175
8619,833165,0.746152,-0.129564,-0.945012,-59.185,24.465,-40.4775
8620,833261,0.7788481,-0.33062,-0.834236,-48.825,17.675,-30.9575
8621,833358,0.582672,-0.311588,-0.817644,-42.875,-0.5075,-25.55
8622,833455,0.710284,-0.169824,-0.931836,-41.02,3.115,-20.615
8623,833551,0.559248,-0.157624,-0.869616,-29.1725,-6.7375,-16.625
8624,833648,0.515084,-0.167384,-0.8481441,-20.545,-7.5425,-11.9525
8625,833744,0.505568,-0.209108,-0.833992,-14.3675,-5.635,-8.8725
8626,833841,0.518256,-0.244732,-0.80642,-10.4825,-5.3725,-8.0325
8627,833938,0.5309441,-0.190808,-0.816424,-9.415,-4.2175,-7.28
8628,834034,0.4984921,-0.192272,-0.828624,-5.8975,-3.5525,-4.9875
8629,834131,0.510448,-0.216184,-0.8322841,-2.6425,-1.4525,-2.835
8630,834227,0.51606,-0.269132,-0.793,0.455,-0.1575,-1.7675
8631,834324,0.521184,-0.244732,-0.7861681,0.63,0.105,-2.31
8632,834421,0.529236,-0.225456,-0.790072,1.0325,-1.6625,-2.415
8633,834517,0.515816,-0.22448,-0.78812,1.6625,-3.395,-2.625
8634,834614,0.498004,-0.235216,-0.797636,2.1,-4.69,-3.2725
8635,834710,0.497028,-0.258396,-0.791292,2.73,-5.0225,-4.2175
8636,834807,0.498248,-0.279868,-0.782508,2.45,-5.6175,-6.0375
8637,834904,0.498248,-0.259616,-0.7854361,1.4175,-6.4925,-8.26
8638,835000,0.517768,-0.2257,-0.791536,0.5775,-6.9475,-9.8
8639,835097,0.529968,-0.192272,-0.793,1.2425,-8.19,-10.325
8640,835193,0.510936,-0.192028,-0.806908,2.9225,-7.8925,-9.0825
8641,835290,0.504836,-0.19398,-0.806908,4.7425,-5.145,-7.4375
8642,835387,0.5023961,-0.22204,-0.8039801,6.2825,-2.1875,-6.755
8643,835483,0.495808,-0.244244,-0.792756,7.4375,0.0875,-6.79
8644,835580,0.512156,-0.23302,-0.7861681,6.8075,1.8375,-7.6475
8645,835676,0.519964,-0.223504,-0.79056,6.23,3.5175,-8.435
8646,835773,0.506056,-0.231312,-0.792024,6.6675,4.865,-8.435
8647,835869,0.487268,-0.24278,-0.7998321,6.93,7.595,-8.365
8648,835966,0.483608,-0.262544,-0.800564,6.79,10.745,-9.1175
8649,836063,0.471896,-0.279624,-0.8081281,6.51,15.435,-10.7625
8650,836159,0.458232,-0.2928,-0.7937321,5.4775,21.315,-13.7025
8651,836256,0.488732,-0.235216,-0.820084,3.78,32.69,-17.1325
8652,836353,0.49044,-0.235216,-0.8344801,8.7675,40.145,-21.0525
8653,836449,0.479216,-0.227652,-0.8493641,12.705,47.2325,-22.4525
8654,836546,0.5607121,-0.14396,-0.8610761,11.9175,59.185,-19.3025
8655,836642,0.55266,-0.142984,-0.852048,21.4375,69.3875,-15.9775
8656,836739,0.581208,-0.123464,-0.872788,22.54,83.0725,-10.01
8657,836836,0.543632,-0.166164,-0.875228,26.88,96.56501,-3.6575
8658,836932,0.537532,-0.162748,-0.886452,29.2425,112.1225,0.875
8659,837029,0.537044,-0.150548,-0.902068,35.245,129.78,4.55
8660,837125,0.5546121,-0.18422,-0.924516,44.205,149.66,8.715
8661,837222,0.527528,-0.164212,-0.9540401,53.1475,169.3475,10.9025
8662,837319,0.503128,-0.173484,-1.024068,64.995,190.505,13.37
8663,837415,0.426756,-0.25132,-1.049688,79.1,221.795,14.0875
8664,837512,0.387716,-0.29646,-1.048956,90.66751,263.7425,8.9075
8665,837608,0.506788,-0.306464,-1.043588,108.3075,312.305,-1.855
8666,837705,0.522892,-0.310368,-1.195112,130.0075,363.7025,-14.035
8667,837801,1.227564,-0.586088,-1.416176,157.7275,407.085,-26.04
8668,837898,1.637728,-0.688324,-1.509872,169.0675,429.6425,-40.075
8669,837995,1.504992,-0.784704,-1.662372,179.41,434.595,-53.1825
8670,838091,1.95078,-0.8703481,-1.924184,203.4725,428.645,-57.6275
8671,838188,1.927356,-0.7795801,-1.77998,221.9,384.65,-60.9875
8672,838284,1.757044,-0.562908,-2.071804,225.6975,321.125,-79.1
8673,838381,1.007476,-0.207156,-1.824876,233.94,223.405,-95.8825
8674,838478,-0.602192,0.120292,-2.050088,232.9425,126.77,-114.0825
8675,838574,2.072292,-1.1895,-2.946544,221.865,48.195,-145.845
8676,838671,0.266936,-1.263188,-1.978596,126.175,-74.025,-198.2575
8677,838767,-0.698816,-0.8357,-1.060424,26.11,-183.155,-225.1725
8678,838864,0.07564,-0.7612801,-1.184132,-1.47,-137.69,-203.5775
8679,838961,0.196664,-0.91744,-1.006988,3.465,-148.7325,-152.425
8680,839057,0.039772,-1.073356,-0.8476561,2.6775,-170.9225,-98.8575
8681,839154,0.099552,-1.026508,-0.8052,-17.3075,-185.815,-54.705
8682,839250,0.07222401,-0.755912,-0.7183361,-47.3375,-201.775,-22.89
8683,839347,0.091256,-0.467016,-0.671244,-64.54,-216.0725,1.8725
8684,839444,0.132492,-0.255468,-0.610976,-62.685,-227.43,20.8775
8685,839540,0.1037,-0.17324,-0.528016,-49.98,-239.1025,33.145
8686,839637,0.124196,-0.1891,-0.478972,-40.005,-244.8775,37.2225
8687,839733,0.264008,-0.260104,-0.491904,-41.475,-246.505,31.395
8688,839830,0.455792,-0.294996,-0.568276,-50.645,-247.8875,21.945
8689,839927,0.496052,-0.311832,-0.60268,-55.37,-255.1325,19.8275
8690,840023,0.38918,-0.324276,-0.520452,-50.96,-259.9975,29.225
8691,840120,0.447496,-0.380152,-0.5553441,-40.845,-247.8175,44.4675
8692,840216,0.630252,-0.47214,-0.714676,-31.045,-232.54,57.995
8693,840313,0.9018241,-0.491172,-0.834968,-25.6375,-228.4625,70.3325
8694,840410,0.964776,-0.501176,-0.780068,-22.9425,-238.56,81.1475
8695,840506,0.921832,-0.476776,-0.727364,-20.2125,-246.54,86.8175
8696,840603,0.8842561,-0.446276,-0.71736,-15.9075,-245.7525,87.99
8697,840700,0.8388721,-0.467504,-0.720288,-6.0375,-240.45,88.1475
8698,840796,0.85522,-0.568032,-0.731024,5.985,-229.67,89.6
8699,840893,0.9779521,-0.696864,-0.7761641,14.315,-213.045,94.02751
8700,840990,1.202188,-0.873764,-0.8425321,20.055,-196.1925,103.9325
8701,841086,1.518656,-1.108492,-0.849852,21.0875,-182.4025,119.91
8702,841182,1.826584,-1.356152,-0.774212,12.6175,-172.865,142.485
8703,841279,2.191852,-1.450092,-0.6558721,-10.1325,-163.5375,169.2775
8704,841376,2.639592,-1.095804,-0.701256,-41.79,-152.7575,196.8225
8705,841472,3.360856,-0.777872,-0.777872,-54.46,-152.0925,223.1425
8706,841569,3.729296,-0.54534,-0.5206961,-64.785,-184.765,241.0975
8707,841666,3.581188,-0.4392,-0.076616,-91.8925,-241.0625,241.5875
8708,841762,3.061224,-0.214232,0.502884,-143.3775,-281.05,216.7725
8709,841859,2.412672,0.002928,1.419348,-178.465,-289.24,173.53
8710,841955,2.0679,1.076284,2.029592,-179.06,-214.165,114.7475
8711,842052,3.243248,0.089304,1.949072,-39.9875,-141.5925,98.3325
8712,842148,3.40136,-0.424072,2.445856,22.68,-67.2525,110.8975
8713,842245,1.9947,0.63318,3.31718,-19.215,-16.94,110.1975
8714,842342,0.5206961,0.99552,0.534116,1.82,157.4125,112.84
8715,842438,1.225368,0.583404,-3.74052,62.9825,297.9375,85.82
8716,842535,0.844484,1.91906,-1.62748,5.285,213.4475,16.31
8717,842631,1.431548,0.9340321,-1.210972,58.695,194.81,-45.675
8718,842728,1.224148,-0.280844,-1.487912,116.1475,183.3825,-65.275
8719,842825,0.508496,-0.70028,-0.609756,105.2275,145.705,-58.695
8720,842921,0.7856801,-0.851072,-0.710528,99.575,162.7675,-45.8325
8721,843018,0.822036,-0.676368,-0.759328,81.88251,159.88,-35.9625
8722,843114,1.56892,-1.51646,-1.315404,44.065,153.615,-54.0225
8723,843211,1.377136,-1.280268,-0.5648601,-31.395,90.23001,-57.1725
8724,843308,0.512644,-0.245708,-0.9189041,-92.8025,28.5775,-59.1325
8725,843404,1.23586,-0.105408,-1.126304,-81.48001,42.21,-47.18
8726,843501,0.55022,-0.33672,-0.7598161,-59.815,-2.7125,-42.6825
8727,843598,0.738344,-0.158844,-0.946232,-55.0025,2.4675,-31.2725
8728,843694,0.621712,-0.22204,-0.87962,-42.28,-7.56,-26.74
8729,843791,0.5968241,-0.162504,-0.850096,-34.2125,-7.8575,-20.615
8730,843887,0.5648601,-0.156648,-0.8554641,-25.3575,-8.89,-15.855
8731,843984,0.51972,-0.203496,-0.827892,-17.9375,-8.1375,-11.305
8732,844081,0.50996,-0.25376,-0.8142281,-13.6325,-7.21,-9.0475
8733,844177,0.5165481,-0.204228,-0.8081281,-11.1825,-5.3375,-8.3125
8734,844274,0.529724,-0.15982,-0.835456,-7.5775,-2.555,-5.7575
8735,844370,0.510936,-0.193004,-0.820328,-1.6975,-0.98,-2.415
8736,844467,0.511668,-0.201544,-0.813008,2.485,-0.2975,-0.2625
8737,844564,0.532896,-0.221064,-0.788852,5.88,0.35,0.105
8738,844660,0.514352,-0.240584,-0.780312,7.945,-0.7175,-0.4725
8739,844757,0.511424,-0.226432,-0.793488,8.9775,-1.1025,-1.3125
8740,844853,0.5002,-0.235948,-0.80276,10.71,-0.56,-2.135
8741,844950,0.505568,-0.244976,-0.785192,11.34,1.715,-3.36
8742,845047,0.4984921,-0.27328,-0.76494,10.92,2.94,-4.83
8743,845143,0.508252,-0.276452,-0.75396,8.4525,1.995,-7.07
8744,845240,0.493124,-0.268156,-0.860588,5.0575,0.7875,-9.205
8745,845336,0.5023961,-0.233996,-0.7754321,4.4275,-3.01,-9.73
8746,845433,0.535092,-0.233752,-0.787388,3.85,-2.66,-9.8875
8747,845530,0.530456,-0.239608,-0.786412,4.6725,-1.89,-9.31
8748,845626,0.52216,-0.2135,-0.79178,4.2875,-1.1375,-9.2225
8749,845723,0.53314,-0.237168,-0.7890961,4.9,0.4725,-8.995
8750,845819,0.527772,-0.24278,-0.7754321,4.6375,2.065,-9.3275
8751,845916,0.529724,-0.235948,-0.7849481,4.095,3.7625,-9.975
8752,846013,0.494832,-0.255468,-0.79422,4.0775,5.11,-10.78
8753,846109,0.512644,-0.249368,-0.773236,3.0275,6.65,-11.8125
8754,846206,0.50996,-0.259616,-0.777628,1.365,11.3925,-13.5275
8755,846303,0.52582,-0.239364,-0.78934,0.7525,16.17,-14.42
8756,846399,0.5368,-0.198616,-0.787388,1.0325,19.0225,-14.91
8757,846496,0.536068,-0.19764,-0.8049561,4.5325,23.2575,-14.3675
8758,846592,0.5246,-0.212768,-0.822768,10.1325,27.3525,-15.2425
8759,846689,0.488244,-0.227164,-0.844972,13.895,34.3,-14.945
8760,846786,0.534848,-0.1159,-0.877668,14.1575,45.605,-13.195
8761,846882,0.501176,-0.202764,-0.8610761,20.2825,57.8725,-11.13
8762,846979,0.531676,-0.150792,-0.899384,24.5875,72.975,-8.855
8763,847075,0.513864,-0.160308,-0.928176,29.47,90.8775,-5.705
8764,847172,0.498004,-0.130296,-0.965996,35.245,113.4,-0.7875
8765,847269,0.5124001,-0.08442401,-1.003572,45.1325,138.3375,5.5125
8766,847365,0.519964,-0.09320801,-1.079456,60.83,162.855,14.3325
8767,847462,0.407968,-0.14884,-1.159976,75.6525,193.1475,22.5575
8768,847558,0.35868,-0.271816,-1.1895,87.4475,237.8775,25.515
8769,847655,0.342576,-0.244976,-1.159732,100.2925,288.4875,20.3525
8770,847752,0.416508,-0.221796,-1.21878,122.2025,340.795,11.445
8771,847848,0.6563601,-0.24644,-1.250012,142.905,392.8225,-0.945
8772,847945,1.638216,-0.532652,-1.51524,171.57,430.3775,-7.07
8773,848041,1.567944,-0.816668,-1.504748,185.745,437.1675,-10.0625
8774,848138,1.79706,-0.918416,-1.711172,182.175,423.8325,-29.4875
8775,848235,1.800476,-0.908168,-1.51646,165.4275,384.9475,-50.89
8776,848331,1.436428,-0.820084,-1.585512,138.7925,324.8175,-71.92501
8777,848428,1.055544,-0.407968,-1.659444,127.225,259.98,-82.005
8778,848525,-0.130052,0.546072,-2.052772,120.925,178.4825,-91.14
8779,848621,1.508896,0.1037,-2.9219,119.9625,81.48001,-128.975
8780,848718,0.778604,-0.699792,-2.287012,77.21,-33.3025,-205.3975
8781,848814,-0.639524,-0.538264,-1.047492,2.4675,-167.6675,-260.8725
8782,848911,0.08857201,-0.836676,-1.103124,-31.4825,-140.175,-268.9925
8783,849008,0.204228,-1.200968,-0.901336,-45.255,-148.9775,-239.26
8784,849104,0.008540001,-1.473028,-0.68808,-62.37,-165.3575,-184.5725
8785,849201,0.017812,-1.524756,-0.5743761,-89.145,-167.755,-120.715
8786,849297,0.032208,-1.404952,-0.482144,-117.53,-163.975,-59.6225
8787,849394,0.082716,-1.248792,-0.452376,-135.8875,-159.215,-3.885
8788,849491,0.111752,-1.112396,-0.437248,-143.3425,-157.08,43.9425
8789,849587,0.110776,-1.02724,-0.440176,-147.105,-158.655,80.57
8790,849684,0.170068,-0.923052,-0.429684,-153.65,-161.77,105.0
8791,849780,0.241804,-0.88328,-0.441396,-162.365,-167.0725,116.655
8792,849877,0.328668,-0.85888,-0.468968,-171.535,-174.3875,117.495
8793,849974,0.399916,-0.840824,-0.513132,-176.8725,-184.5375,114.065
8794,850070,0.4453,-0.815204,-0.540704,-175.3675,-196.8575,110.7575
8795,850167,0.49654,-0.774212,-0.5612,-164.15,-207.83,108.6225
8796,850264,0.555588,-0.813008,-0.59658,-143.675,-216.1775,108.6925
8797,850360,0.6265921,-0.885476,-0.571936,-121.87,-222.635,112.035
8798,850457,0.716384,-0.978928,-0.567788,-105.4725,-224.84,117.39
8799,850553,0.7700641,-1.021384,-0.5751081,-98.14,-226.3975,121.6075
8800,850650,0.8662001,-1.038708,-0.609756,-94.6225,-226.1175,123.9525
8801,850746,0.990396,-1.085068,-0.681492,-89.1275,-226.59,126.7525
8802,850843,1.113616,-1.23586,-0.684664,-84.01751,-232.4175,131.7225
8803,850940,1.200236,-1.415688,-0.6307401,-86.24,-239.89,141.715
8804,851036,1.210972,-1.530124,-0.518744,-98.49,-244.1075,156.87
8805,851133,1.216828,-1.58112,-0.421632,-114.065,-240.3625,178.6225
8806,851229,1.2871,-1.595028,-0.356972,-126.5775,-226.38,205.625
8807,851326,1.416176,-1.620892,-0.306952,-135.5725,-205.275,233.73
8808,851423,1.592344,-1.677256,-0.264252,-142.765,-181.5275,260.155
8809,851519,1.92394,-1.708,-0.285968,-150.955,-156.9925,283.92
8810,851616,2.249436,-1.43106,-0.327692,-161.28,-139.965,306.74
8811,851713,2.589328,-0.941108,-0.380396,-163.4675,-130.7775,330.2425
8812,851809,2.914336,0.482632,-0.016592,-159.6525,-137.4625,337.75
8813,851906,1.990308,-0.468968,1.444236,-87.8675,-109.62,326.69
8814,852002,3.022672,-1.087752,1.396168,-53.5675,-41.4225,294.315
8815,852099,3.632428,0.032208,1.207068,-119.56,41.9125,251.335
8816,852196,3.212016,0.152988,1.910764,-90.66751,40.81,226.205
8817,852292,2.517104,0.466528,2.643984,-26.32,77.0875,178.92
8818,852389,2.976312,0.682712,1.957124,33.0925,205.8525,113.785
8819,852485,2.380708,-0.465064,-3.156872,105.1925,275.3275,38.5525
8820,852582,1.317844,0.813008,-2.665212,26.5125,205.1875,-4.6025
8821,852679,0.705892,0.492636,-0.693448,57.085,91.4375,-45.0975
8822,852775,1.075552,-0.692472,-1.023336,98.5775,134.12,-56.525
8823,852872,0.502152,-0.37088,-0.76494,83.09001,106.26,-28.7875
8824,852968,1.188036,-0.658556,-1.1651,74.9875,115.5875,-22.715
8825,853065,1.465952,-1.451312,-0.987224,40.6525,82.46,-35.035
8826,853162,0.435296,-0.881572,-0.4148,-7.07,17.815,-24.29
8827,853258,0.811056,-0.198128,-1.065304,-27.3175,29.9075,-14.56
8828,853355,0.768844,-0.215452,-0.899384,-24.3775,19.985,-16.6075
8829,853451,0.593896,-0.39528,-0.7190681,-5.4075,-0.5425,-12.0225
8830,853548,0.595604,-0.29524,-0.8127641,-9.4325,1.47,-7.805
8831,853645,0.575352,-0.3416,-0.726388,-8.82,-4.585,-8.68
8832,853741,0.515816,-0.35014,-0.7754321,-10.15,-5.6,-8.6975
8833,853838,0.510936,-0.3355,-0.794708,-12.565,-8.435,-11.1825
8834,853934,0.471652,-0.352336,-0.758352,-14.7875,-11.305,-14.9275
8835,854031,0.515328,-0.27572,-0.788364,-18.865,-13.4925,-19.6525
8836,854128,0.55266,-0.214964,-0.798856,-20.0725,-13.1075,-21.14
8837,854224,0.552904,-0.181292,-0.8298441,-17.4475,-13.0025,-18.6375
8838,854321,0.528992,-0.150548,-0.805932,-12.11,-10.6925,-14.2975
8839,854417,0.5119121,-0.193492,-0.8100801,-4.3225,-6.79,-10.3425
8840,854514,0.521916,-0.20374,-0.816668,-1.645,-6.1075,-8.2775
8841,854611,0.507276,-0.21716,-0.806908,0.7175,-3.675,-7.3325
8842,854707,0.504104,-0.216184,-0.796172,2.5025,-2.1175,-7.035
8843,854804,0.506788,-0.212524,-0.793,3.4825,-1.12,-7.14
8844,854901,0.503128,-0.217648,-0.7978801,4.48,0.035,-6.7725
8845,854997,0.513864,-0.220088,-0.7956841,5.81,1.8025,-6.1775
8846,855094,0.527284,-0.213256,-0.791048,6.5975,3.01,-5.565
8847,855190,0.519476,-0.231556,-0.7861681,7.7875,3.5175,-4.9525
8848,855287,0.5119121,-0.21594,-0.795928,8.645,4.0075,-4.83
8849,855384,0.517524,-0.217404,-0.797148,9.6775,5.355,-4.6375
8850,855480,0.508984,-0.248636,-0.7766521,11.235,7.105,-4.2525
8851,855577,0.517524,-0.207644,-0.797392,10.745,8.75,-4.515
8852,855673,0.513376,-0.223504,-0.799344,11.4275,9.8875,-4.13
8853,855770,0.509228,-0.252052,-0.77836,11.9,11.375,-3.85
8854,855867,0.540704,-0.228384,-0.783972,10.115,12.5475,-4.27
8855,855963,0.540704,-0.236436,-0.782752,10.4475,12.8275,-4.0075
8856,856060,0.535336,-0.241072,-0.779824,10.3075,13.6325,-4.025
8857,856156,0.543144,-0.22692,-0.767868,9.2575,15.295,-4.41
8858,856253,0.525088,-0.202276,-0.7895841,8.9425,16.8875,-4.48
8859,856350,0.510692,-0.216428,-0.79178,9.8,20.44,-3.6575
8860,856446,0.532896,-0.23058,-0.804224,12.4075,26.81,-3.3775
8861,856543,0.5124001,-0.216184,-0.8127641,15.6275,33.4075,-3.71
8862,856640,0.50508,-0.251808,-0.829356,19.9325,41.7725,-3.325
8863,856736,0.497028,-0.259128,-0.827404,21.2275,51.625,-3.0975
8864,856833,0.510204,-0.183488,-0.8784,20.125,64.645,-2.0825
8865,856929,0.5063,-0.20374,-0.889136,26.53,79.8875,1.295
8866,857026,0.509472,-0.155428,-0.937936,31.6575,98.805,5.95
8867,857123,0.5165481,-0.163236,-0.9433041,38.22,117.8275,11.62
8868,857219,0.488488,-0.186416,-0.996008,47.4075,137.515,17.71
8869,857316,0.445544,-0.213744,-1.085556,56.035,163.275,21.3325
8870,857412,0.333792,-0.327204,-1.161928,66.4825,199.465,20.6675
8871,857509,0.280844,-0.360632,-1.16876,71.3125,247.5725,12.6525
8872,857606,0.3172,-0.382104,-1.136796,72.2575,302.19,-2.9575
8873,857702,0.580232,-0.35258,-1.159732,67.935,355.6175,-22.6975
8874,857799,1.155584,-0.711992,-1.371768,55.2475,399.6825,-43.33
8875,857895,1.880264,-0.929152,-1.313696,8.4525,421.1725,-67.725
8876,857992,1.448628,-0.868396,-1.413248,-59.045,408.7125,-95.4275
8877,858089,1.334436,-0.7232161,-1.519144,-102.515,394.7825,-96.18
8878,858185,1.099952,-0.585844,-1.331264,-113.0325,359.73,-78.2425
8879,858282,0.87352,-0.51362,-1.217316,-106.8725,319.2175,-60.375
8880,858378,0.607804,-0.390888,-1.071648,-103.775,270.8125,-50.4875
8881,858475,-0.45872,0.332084,-1.890512,-116.48,221.655,-43.12
8882,858572,1.583072,0.03538,-2.500756,-111.8425,151.585,-55.8425
8883,858668,0.512644,-0.408944,-1.9581,-106.4875,53.41,-104.79
8884,858765,-0.362828,-0.643428,-1.17242,-124.2325,-64.5925,-134.3125
8885,858861,0.131272,-1.002596,-1.15412,-146.93,-67.935,-152.985
8886,858958,0.201056,-1.26636,-0.961604,-172.025,-100.4675,-155.1375
8887,859055,0.139324,-1.47864,-0.773236,-193.1475,-133.8575,-136.5525
8888,859151,0.161284,-1.62138,-0.624152,-211.5225,-153.44,-106.4875
8889,859248,0.161284,-1.731912,-0.478484,-229.4775,-167.265,-72.1875
8890,859344,0.210816,-1.734352,-0.408944,-245.2275,-174.72,-35.6825
8891,859441,0.286212,-1.69092,-0.35258,-253.0675,-180.67,3.4125
8892,859538,0.288652,-1.645536,-0.269132,-249.655,-186.5325,44.3625
8893,859634,0.284016,-1.636996,-0.189344,-236.9675,-188.0375,86.13501
8894,859731,0.256932,-1.59088,-0.133712,-222.67,-183.26,124.4075
8895,859827,0.267424,-1.493036,-0.17324,-211.8725,-173.0925,155.3825
8896,859924,0.372832,-1.352736,-0.270596,-200.6375,-160.86,176.6275
8897,860021,0.497028,-1.2871,-0.39528,-188.615,-154.0,188.1425
8898,860117,0.665632,-1.299056,-0.487512,-178.465,-154.875,191.975
8899,860214,0.7664041,-1.3359,-0.500932,-176.0325,-164.045,191.45
8900,860310,0.8169121,-1.321992,-0.4743361,-178.605,-176.0675,187.705
8901,860407,0.844484,-1.274412,-0.468968,-177.7125,-186.0775,181.8775
8902,860504,0.840824,-1.284416,-0.44896,-168.1925,-193.5675,179.1125
8903,860600,0.8708361,-1.3847,-0.450424,-153.2475,-196.1925,182.3325
8904,860697,0.9799041,-1.511092,-0.477264,-140.2975,-194.2675,192.395
8905,860793,1.08092,-1.632848,-0.479948,-134.155,-192.115,209.3875
8906,860890,1.177544,-1.732888,-0.460428,-134.4875,-188.23,232.68
8907,860986,1.247816,-1.772172,-0.4209,-142.4325,-182.42,259.7
8908,861083,1.358348,-1.776564,-0.3965,-154.07,-172.62,288.155
8909,861180,1.495232,-1.74338,-0.36112,-166.5475,-159.285,314.0725
8910,861276,1.669204,-1.72142,-0.323788,-176.2425,-145.4775,334.3725
8911,861373,1.894904,-1.684088,-0.276208,-184.8875,-132.7375,348.46
8912,861470,2.160864,-1.182668,-0.253516,-196.84,-126.21,355.4775
8913,861566,2.300676,-0.634156,-0.252784,-193.1825,-124.53,358.5925
8914,861663,2.193804,-0.413092,-0.043432,-170.4325,-136.535,341.7575
8915,861759,2.366556,0.67466,0.035868,-156.765,-135.87,300.965
8916,861856,1.858304,-0.183488,1.286612,-83.0375,-99.64499,258.3875
8917,861952,2.721576,-0.549,1.314672,-35.3675,-53.725,211.89
8918,862049,3.27936,-0.15494,1.216828,-57.085,25.97,182.8925
8919,862146,2.771596,0.01586,1.9215,-33.1275,30.345,169.05
8920,862242,2.796484,0.453596,2.237724,10.71,101.71,151.5325
8921,862339,2.110112,-0.098576,-0.38064,78.96,199.64,112.315
8922,862436,1.65798,0.5702281,-3.392576,66.815,201.495,57.435
8923,862532,0.06539201,1.1956,-1.409588,29.225,86.7825,5.145
8924,862629,1.035536,-0.168604,-0.96624,80.325,81.5675,-51.0825
8925,862725,0.882548,-1.16388,-0.72712,102.8125,83.8425,-46.9875
8926,862822,0.499712,-1.061644,-0.547292,70.0175,63.7175,-13.5625
8927,862919,1.062376,-0.7283401,-1.062376,42.455,80.4125,-4.55
8928,863015,0.773968,-0.294752,-0.936228,9.9925,47.635,-17.3425
8929,863112,0.6505041,-0.478484,-0.880352,8.5575,20.2475,-23.17
8930,863208,0.720776,-0.529968,-0.754448,4.2,16.9575,-14.525
8931,863305,0.520452,-0.436028,-0.732244,-5.565,7.7175,-8.8375
8932,863402,0.5511961,-0.376248,-0.753472,-10.1675,9.2225,-5.81
8933,863498,0.494832,-0.410896,-0.746152,-14.875,2.9925,-7.84
8934,863595,0.490928,-0.353556,-0.810568,-20.475,0.3325,-9.4675
8935,863691,0.494344,-0.302804,-0.8296,-24.3075,-3.6575,-13.335
8936,863788,0.466528,-0.324764,-0.8066641,-24.15,-7.4025,-15.855
8937,863885,0.552172,-0.251076,-0.8481441,-21.7175,-4.445,-14.28
8938,863981,0.499224,-0.237656,-0.8388721,-18.3225,-4.9,-12.5475
8939,864078,0.499956,-0.2867,-0.8108121,-14.4375,-5.5825,-11.095
8940,864174,0.502152,-0.257176,-0.81862,-12.46,-3.64,-9.1525
8941,864271,0.497272,-0.271816,-0.811788,-10.5,-3.2375,-8.295
8942,864368,0.491172,-0.288164,-0.809836,-9.1875,-3.605,-8.2075
8943,864464,0.510936,-0.254248,-0.8100801,-8.155,-2.73,-7.9975
8944,864561,0.47458,-0.258396,-0.797392,-6.7725,-4.13,-7.945
8945,864657,0.507276,-0.257176,-0.803736,-6.125,-4.2,-8.3475
8946,864754,0.504836,-0.273524,-0.805688,-4.97,-4.795,-8.26
8947,864851,0.504836,-0.271328,-0.777872,-2.52,-5.4075,-7.175
8948,864947,0.430172,-0.274012,-0.779336,-0.1575,-3.92,-6.0025
8949,865044,0.49654,-0.281332,-0.8003201,0.665,-1.1375,-6.475
8950,865140,0.468724,-0.284992,-0.76982,0.98,-1.3475,-7.6825
8951,865237,0.5002,-0.269132,-0.790072,0.735,-1.1725,-8.12
8952,865334,0.52826,-0.276208,-0.79422,1.1375,-0.5425,-8.855
8953,865430,0.508252,-0.240828,-0.780068,2.275,-1.5575,-7.665
8954,865527,0.476044,-0.264984,-0.779824,3.01,-1.26,-6.7375
8955,865623,0.483852,-0.248148,-0.77592,2.0475,0.525,-6.4925
8956,865720,0.463356,-0.266936,-0.7659161,1.19,1.085,-7.525
8957,865817,0.447496,-0.261568,-0.782264,-0.3325,2.5375,-8.61
8958,865913,0.484828,-0.257664,-0.779824,-2.835,4.0775,-9.52
8959,866010,0.484096,-0.24888,-0.784704,-4.865,4.655,-10.115
8960,866106,0.444324,-0.244732,-0.792268,-6.195,5.425,-11.06
8961,866203,0.482632,-0.243024,-0.798368,-6.5975,6.335,-13.125
8962,866300,0.530212,-0.21594,-0.808372,-7.9275,7.9625,-14.105
8963,866396,0.492148,-0.249612,-0.796416,-7.0175,8.1375,-14.7
8964,866493,0.522648,-0.250344,-0.7829961,-7.49,10.2375,-15.155
8965,866589,0.554368,-0.22692,-0.789828,-7.49,11.69,-15.2075
8966,866686,0.542168,-0.22082,-0.809836,-6.3875,12.9675,-14.455
8967,866783,0.52338,-0.19276,-0.83204,-4.305,14.91,-12.1625
8968,866879,0.540948,-0.198372,-0.823744,-2.73,19.4075,-10.465
8969,866976,0.53802,-0.05929201,-0.889868,-3.0625,25.3225,-8.6275
8970,867073,0.527528,-0.22204,-0.807884,0.0525,33.3375,-4.55
8971,867169,0.533872,-0.190808,-0.8615641,1.96,43.61,-0.98
8972,867266,0.511424,-0.224724,-0.8637601,11.935,52.57,1.9775
8973,867362,0.475556,-0.249612,-0.878156,16.2575,61.915,3.745
8974,867459,0.457256,-0.363804,-0.861808,20.965,73.6225,3.3075
8975,867556,0.446764,-0.391376,-0.8596121,21.56,89.39,-0.56
8976,867652,0.494588,-0.31842,-0.907436,18.865,105.9625,-6.1425
8977,867749,0.5172801,-0.266448,-0.91134,22.9425,122.08,-9.3975
8978,867845,0.517036,-0.244,-0.9484281,28.1225,141.4875,-9.3625
8979,867942,0.4941,-0.270596,-0.9716081,37.1,162.2075,-8.6275
8980,868039,0.449448,-0.278648,-0.9947881,41.1775,189.525,-11.1125
8981,868135,0.43066,-0.277916,-0.996008,42.385,224.315,-19.075
8982,868232,0.380396,-0.32086,-1.032364,46.165,264.915,-31.08
8983,868328,0.545584,-0.263764,-1.07116,48.405,311.885,-48.615
8984,868425,0.71858,-0.61366,-1.271484,57.4875,359.9225,-68.775
8985,868522,1.484008,-0.951844,-1.42008,52.5875,399.5075,-90.44001
8986,868618,1.52744,-1.086532,-1.443992,39.6375,411.3025,-122.605
8987,868715,1.645292,-1.428376,-1.769488,28.21,410.13,-155.715
8988,868811,1.651392,-1.078236,-1.968104,16.0825,388.08,-157.3075
8989,868908,1.195112,-0.8906,-1.622844,21.7525,325.885,-152.635
8990,869005,1.49206,-0.892796,-1.753628,23.9575,268.38,-160.0725
8991,869101,0.213988,-0.9028,-1.440576,-14.49,195.965,-161.4025
8992,869198,-0.671244,-1.970788,-1.841712,-71.19,108.92,-118.475
8993,869294,0.582916,-0.9943001,-2.420724,-118.0725,108.4125,1.05
8994,869391,-1.013088,-0.410164,-1.354688,-128.1175,-22.5225,15.155
8995,869488,-0.049532,-0.358192,-1.648952,-94.5,-4.025,13.51
8996,869584,0.112728,-0.476044,-1.560136,-69.4225,-52.5,7.7525
8997,869681,-0.016836,-0.662948,-1.34322,-56.1575,-112.49,-0.385
8998,869778,0.069052,-0.767136,-1.208288,-62.1425,-154.8225,-6.5975
8999,869874,0.088328,-0.764696,-1.0431,-75.565,-192.2025,-8.2075
9000,869971,0.14762,-0.7449321,-0.89426,-85.645,-221.585,-1.75
9001,870067,0.14152,-0.719556,-0.73566,-90.42251,-244.3,10.465
9002,870164,0.147864,-0.671976,-0.621224,-91.56,-257.39,24.1675
9003,870261,0.162748,-0.616588,-0.529968,-90.65001,-262.36,37.6775
9004,870357,0.210084,-0.608536,-0.478728,-89.74,-262.3075,48.93
9005,870454,0.308172,-0.597068,-0.491416,-89.53,-256.725,56.5075
9006,870550,0.424316,-0.57828,-0.547048,-86.27501,-250.25,63.07
9007,870647,0.482632,-0.524112,-0.615124,-78.0675,-244.37,70.0875
9008,870744,0.581208,-0.550708,-0.71858,-64.4875,-239.89,73.8325
9009,870840,0.7705521,-0.624884,-0.827892,-51.2575,-238.175,74.025
9010,870937,0.903288,-0.734684,-0.8845,-40.0225,-243.81,76.7375
9011,871033,0.935984,-0.8091041,-0.83692,-35.2975,-252.2625,84.49
9012,871130,0.9272,-0.8532681,-0.833992,-32.8475,-254.345,96.6875
9013,871227,1.006256,-0.8420441,-0.8596121,-26.6175,-248.5,113.0675
9014,871323,1.176324,-0.935984,-0.8847441,-14.63,-238.875,133.8925
9015,871420,1.27612,-1.072868,-0.8964561,-5.0225,-233.3625,154.98
9016,871517,1.334924,-1.170712,-0.8601,-7.7875,-228.0775,175.1925
9017,871613,1.466196,-1.198528,-0.823256,-20.1775,-218.4525,193.27
9018,871710,1.575264,-1.161196,-0.743956,-36.6625,-206.8325,206.4475
9019,871806,1.691896,-1.062864,-0.626348,-51.5375,-193.515,215.4425
9020,871903,1.813164,-0.548024,-0.578768,-63.0175,-175.385,222.6
9021,872000,2.151592,-0.19764,-0.595848,-53.3225,-150.5175,225.96
9022,872096,2.460008,-0.044652,-0.475068,-36.54,-136.815,213.045
9023,872193,2.637884,-0.241072,0.083448,-36.75,-134.435,184.8875
9024,872289,2.958256,-0.004636001,0.20984,-87.22,-115.71,135.345
9025,872386,3.361344,0.2196,0.411872,-101.92,-117.565,102.2525
9026,872483,2.855776,0.398452,1.118252,-85.26,-140.5425,76.3525
9027,872579,2.49978,0.167628,1.871968,-40.2325,-118.5275,50.2425
9028,872676,2.706448,0.015616,2.27896,-7.0,-50.7675,28.63
9029,872773,3.0256,-0.01708,2.605188,8.1025,50.785,28.2975
9030,872869,2.118408,0.101504,2.528816,12.7225,150.2725,53.62
9031,872966,1.6775,-0.345016,-2.30214,22.3825,285.705,78.0325
9032,873062,1.555256,0.434076,-3.040972,-4.235,276.99,55.7025
9033,873159,1.086288,1.361032,-1.030412,-43.75,167.8425,-7.4025
9034,873256,1.249524,0.454572,-1.307596,12.8275,164.4475,-35.9975
9035,873352,0.512156,-0.161284,-1.046516,41.02,144.165,-32.725
9036,873449,0.391376,-0.387716,-0.557784,35.77,130.5675,-34.8425
9037,873545,1.07482,-0.479216,-0.8513161,32.69,146.195,-34.615
9038,873642,1.293932,-1.023824,-1.723616,9.135,117.5125,-51.2575
9039,873739,1.397632,-1.043832,-0.9211,-43.435,50.05,-63.28
9040,873835,0.9320801,-0.011224,-1.087752,-70.8925,-8.155,-47.285
9041,873932,0.7986121,-0.341844,-0.781044,-53.76,-14.6475,-39.3225
9042,874028,0.56974,-0.239608,-0.834236,-38.6575,-27.8775,-29.9775
9043,874125,0.585844,-0.198372,-0.8030041,-38.9025,-21.7875,-21.8575
9044,874222,0.548268,-0.274256,-0.8047121,-31.4825,-21.245,-18.06
9045,874318,0.52094,-0.15128,-0.8471681,-29.575,-20.8425,-15.8025
9046,874415,0.492392,-0.149084,-0.844972,-24.3775,-17.0625,-13.1075
9047,874511,0.476532,-0.172752,-0.83204,-18.97,-14.385,-10.3775
9048,874608,0.549488,-0.151524,-0.860832,-14.77,-13.6325,-9.73
9049,874705,0.482144,-0.129076,-0.840824,-11.27,-12.8625,-7.7175
9050,874801,0.48678,-0.133468,-0.8405801,-8.2075,-7.245,-4.8475
9051,874898,0.490196,-0.1647,-0.844484,-4.4625,-5.2325,-3.0625
9052,874995,0.501908,-0.163724,-0.830088,-2.9225,-3.92,-2.1175
9053,875091,0.50996,-0.171776,-0.818132,-1.575,-3.8675,-1.155
9054,875188,0.506544,-0.189832,-0.81618,-0.595,-4.515,0.1575
9055,875284,0.4941,-0.167872,-0.8271601,-0.56,-4.095,1.365
9056,875381,0.479216,-0.173972,-0.820328,1.3125,-4.9875,1.0325
9057,875478,0.483852,-0.207156,-0.808372,1.6975,-5.075,-0.35
9058,875574,0.445788,-0.1952,-0.816668,3.08,-6.5625,-1.89
9059,875671,0.46482,-0.197396,-0.813496,3.6575,-6.895,-4.2
9060,875767,0.4819,-0.182512,-0.817644,3.3775,-6.965,-6.7375
9061,875864,0.48556,-0.190808,-0.812276,4.0075,-8.155,-7.1925
9062,875961,0.49898,-0.151036,-0.83204,5.6175,-7.3675,-6.9825
9063,876057,0.486292,-0.152012,-0.837652,8.085,-5.8275,-5.39
9064,876154,0.484828,-0.169824,-0.836676,11.375,-2.555,-3.78
9065,876250,0.479704,-0.188368,-0.823744,13.5275,0.9625,-3.0625
9066,876347,0.488488,-0.178364,-0.8244761,13.825,3.22,-3.1675
9067,876444,0.501176,-0.173728,-0.827404,14.665,5.5825,-2.6075
9068,876540,0.46604,-0.176168,-0.835212,17.0275,8.61,-1.9075
9069,876637,0.494344,-0.183244,-0.831308,18.9525,13.2475,-0.8400001
9070,876733,0.47458,-0.219112,-0.8291121,20.79,18.235,-0.175
9071,876830,0.4758,-0.242292,-0.828868,20.615,23.1525,-1.12
9072,876927,0.47824,-0.270108,-0.8195961,19.04,29.575,-3.22
9073,877023,0.471896,-0.279868,-0.8108121,17.01,36.3825,-5.8975
9074,877120,0.49044,-0.203008,-0.8493641,14.4375,45.4125,-7.8225
9075,877216,0.406748,-0.235216,-0.9042641,18.0425,54.6175,-8.8375
9076,877313,0.482876,-0.13176,-0.924028,23.2925,66.6925,-10.2725
9077,877410,0.497516,-0.182268,-0.9093881,24.8325,83.86001,-9.1875
9078,877506,0.491172,-0.133712,-0.9345201,30.1,99.33001,-7.035
9079,877603,0.507032,-0.177632,-0.920612,33.67,118.2125,-3.185
9080,877699,0.513864,-0.15006,-0.932568,36.435,137.76,-0.07
9081,877796,0.525332,-0.161528,-0.9433041,40.355,158.27,0.8225
9082,877893,0.532652,-0.145668,-0.953796,47.04,179.795,2.3625
9083,877989,0.525332,-0.176412,-1.001132,58.3625,202.9825,4.27
9084,878086,0.478484,-0.186416,-1.040904,72.5025,229.1275,5.11
9085,878182,0.437492,-0.237168,-1.038952,85.085,268.8,1.6275
9086,878279,0.51118,-0.305,-1.076772,101.4475,318.9725,-7.6825
9087,878376,0.521916,-0.401136,-1.334924,125.3875,370.615,-21.2275
9088,878472,1.064328,-0.622932,-1.456436,150.045,414.505,-35.175
9089,878569,1.052372,-0.626348,-1.56404,162.05,444.5875,-55.545
9090,878663,1.391532,-0.8740081,-1.686528,167.9825,464.59,-87.43
9091,878760,1.990552,-0.91134,-2.052528,184.415,472.0625,-98.0525
9092,878856,2.132316,-0.9403761,-2.0313,213.955,437.08,-95.8475
9093,878953,1.96542,-0.758352,-2.243336,222.6,366.7825,-106.505
9094,879049,1.39812,-0.668316,-2.213324,239.8025,262.885,-123.41
9095,879146,-0.9684361,-0.076616,-1.967128,220.7275,130.2875,-138.705
9096,879243,1.654808,-1.317844,-3.1903,213.675,48.8775,-128.4325
9097,879339,0.05734,-1.43716,-2.178676,136.64,-53.97,-142.2575
9098,879436,-1.090924,-0.9921041,-1.080188,42.21,-177.66,-165.2175
9099,879532,0.127124,-0.815448,-1.480104,2.52,-109.865,-153.6325
9100,879629,0.162504,-0.782752,-1.270752,6.65,-137.515,-103.8975
9101,879726,-0.163968,-0.9479401,-1.00162,19.8625,-178.8675,-52.325
9102,879822,0.09613601,-0.9725841,-0.964532,12.1975,-193.2175,-14.7
9103,879919,0.178852,-0.783484,-0.892064,-12.005,-214.5325,13.125
9104,880015,0.196176,-0.51972,-0.815204,-30.765,-239.5925,37.3275
9105,880112,0.209352,-0.269376,-0.710772,-36.0675,-258.2475,55.7375
9106,880209,0.127368,-0.15372,-0.5968241,-31.3775,-272.2125,64.365
9107,880305,0.198372,-0.118828,-0.5702281,-28.105,-276.5525,62.055
9108,880402,0.331108,-0.12078,-0.623664,-31.78,-275.5375,50.715
9109,880498,0.469944,-0.123952,-0.658556,-38.8325,-278.8625,37.6075
9110,880595,0.5058121,-0.114436,-0.67588,-38.0275,-281.6625,33.215
9111,880692,0.53802,-0.13908,-0.6756361,-28.315,-279.335,39.6025
9112,880788,0.695156,-0.246928,-0.782752,-13.7025,-268.275,51.7475
9113,880885,0.930128,-0.34282,-0.92232,-2.5375,-264.005,66.0625
9114,880981,1.106784,-0.437492,-0.980636,0.8925,-271.25,79.065
9115,881078,1.1285,-0.39772,-0.965996,-4.7075,-285.145,88.7775
9116,881175,1.113616,-0.353312,-0.9699,-5.6,-295.33,95.3925
9117,881271,1.148752,-0.400648,-1.021872,3.9025,-299.6875,102.97
9118,881368,1.215608,-0.5553441,-1.064084,15.2775,-301.3675,113.3475
9119,881464,1.265628,-0.6749041,-1.037732,17.85,-299.8975,128.4325
9120,881561,1.341512,-0.748348,-1.001864,11.48,-291.62,147.3325
9121,881658,1.524024,-0.746152,-0.9777081,-1.1375,-275.38,168.0175
9122,881754,1.745332,-0.673196,-0.9423281,-16.38,-254.5375,187.9675
9123,881851,2.053748,-0.603168,-0.875472,-31.5175,-230.615,203.28
9124,881947,2.426092,-0.540216,-0.705892,-48.5975,-205.8,208.6
9125,882044,2.635932,-0.660752,-0.455548,-67.5325,-185.955,201.81
9126,882141,2.726456,-0.326472,0.324764,-103.95,-162.015,175.175
9127,882237,3.422588,-0.161772,0.143716,-135.0475,-129.15,134.96
9128,882334,3.735396,-0.144936,0.413092,-113.575,-134.1375,118.8775
9129,882430,3.290584,0.109556,1.059448,-78.155,-170.94,97.8775
9130,882527,2.483432,0.543388,1.908324,-57.6975,-168.0,62.44
9131,882624,3.155164,0.294264,2.155984,-11.27,-100.1875,28.35
9132,882720,3.61486,0.290848,2.8121,7.8925,-9.2925,17.885
9133,882817,1.706536,0.586088,2.938492,10.2375,73.01,26.7225
9134,882913,1.239276,-0.33916,-2.988756,52.675,238.105,41.0725
9135,883010,0.943548,0.538752,-2.559072,23.38,246.75,13.1775
9136,883107,1.356396,1.057008,-0.839848,-11.06,178.325,-38.7625
9137,883203,1.341756,-0.199348,-1.618696,57.2775,191.87,-41.9825
9138,883300,0.46238,-0.195932,-0.887672,53.0775,152.5825,-35.7525
9139,883396,0.72468,-0.35502,-0.736392,54.355,152.3025,-36.3475
9140,883493,0.7285841,-0.461404,-0.80642,55.2475,153.8775,-32.7075
9141,883590,0.733708,-0.50752,-0.82472,43.96,141.33,-41.2475
9142,883686,1.206336,-0.87108,-1.043832,28.7875,135.45,-49.8575
9143,883783,1.496696,-1.353712,-1.158024,-9.8,99.365,-59.255
9144,883879,0.75274,-0.315736,-0.8488761,-69.055,46.375,-56.8575
9145,883976,1.065304,-0.084912,-1.1163,-71.0675,28.7525,-47.005
9146,884073,0.741272,-0.373808,-0.8723001,-56.1925,5.4775,-37.52
9147,884169,0.611952,-0.12078,-0.932324,-47.9325,-4.2875,-27.51
9148,884266,0.58682,-0.213744,-0.8652241,-36.7325,-10.08,-23.4325
9149,884362,0.53924,-0.197884,-0.839848,-30.5725,-9.87,-19.0575
9150,884459,0.5363121,-0.15494,-0.8532681,-23.8875,-7.35,-14.2625
9151,884556,0.504836,-0.168848,-0.851804,-15.015,-4.41,-9.4675
9152,884652,0.5246,-0.165188,-0.8493641,-9.2225,-2.7475,-5.705
9153,884749,0.512644,-0.170556,-0.833504,-3.6575,0.175,-2.695
9154,884845,0.499956,-0.179828,-0.8169121,0.1225,1.5225,-0.735
9155,884942,0.491416,-0.219112,-0.8100801,2.8875,2.1525,0.665
9156,885039,0.497028,-0.169824,-0.827404,4.4625,2.73,1.1725
9157,885135,0.51118,-0.191784,-0.8147161,7.175,2.87,1.47
9158,885232,0.514108,-0.237168,-0.796904,10.0625,1.7325,2.1525
9159,885328,0.5124001,-0.255956,-0.779336,10.5875,1.085,1.505
9160,885425,0.489464,-0.2501,-0.7808001,10.15,-0.0175,-0.07
9161,885522,0.48068,-0.25376,-0.783728,9.7125,-0.035,-2.3975
9162,885618,0.475068,-0.27572,-0.773968,9.8175,0.315,-5.2325
9163,885715,0.45506,-0.28548,-0.776408,7.63,-1.19,-8.96
9164,885811,0.478484,-0.311588,-0.7766521,3.0625,-1.8725,-13.1425
9165,885908,0.516792,-0.23546,-0.7849481,-0.7525,-3.255,-15.435
9166,886005,0.548512,-0.15494,-0.80154,-1.82,-3.78,-14.4725
9167,886101,0.523136,-0.195444,-0.8081281,1.9425,-2.6075,-11.3925
9168,886198,0.53436,-0.193492,-0.798368,4.06,-0.7525,-9.03
9169,886294,0.521184,-0.202032,-0.8030041,5.845,0.5775,-7.42
9170,886391,0.495564,-0.205692,-0.817156,6.545,3.01,-6.125
9171,886488,0.493612,-0.233508,-0.805688,6.7725,6.8075,-6.1075
9172,886584,0.45994,-0.25864,-0.812032,7.0875,10.92,-7.1575
9173,886681,0.444812,-0.251808,-0.787388,6.0025,16.03,-8.6625
9174,886777,0.527772,-0.263764,-0.8003201,4.6025,24.9025,-9.59
9175,886874,0.509228,-0.257176,-0.8052,4.795,29.1025,-11.445
9176,886971,0.516304,-0.199104,-0.82472,6.3,33.005,-13.2475
9177,887067,0.4758,-0.227896,-0.85034,14.1575,37.87,-16.03
9178,887164,0.49166,-0.218136,-0.8579041,16.485,46.935,-16.1525
9179,887260,0.52582,-0.2013,-0.8662001,16.1,61.0575,-14.0525
9180,887357,0.53314,-0.14518,-0.890112,22.925,73.605,-12.4425
9181,887454,0.54168,-0.136152,-0.90768,23.3975,89.95,-7.5425
9182,887550,0.521184,-0.139812,-0.91744,27.195,107.7475,-1.4175
9183,887647,0.5246,-0.108092,-0.9433041,32.0775,128.03,3.535
9184,887743,0.532408,-0.116632,-0.974048,42.4025,150.29,8.19
9185,887840,0.513864,-0.159576,-0.9994241,55.6675,174.4225,13.16
9186,887937,0.478484,-0.167628,-1.057252,68.65251,199.955,16.345
9187,888033,0.421632,-0.19764,-1.07116,83.65001,232.4,16.59
9188,888130,0.393084,-0.251564,-1.062376,99.10251,276.78,13.2475
9189,888226,0.498004,-0.293776,-1.076284,118.65,329.805,5.4775
9190,888323,0.486536,-0.361608,-1.32126,141.5575,383.81,-6.7025
9191,888420,1.159,-0.532164,-1.442528,168.5775,427.945,-18.41
9192,888516,1.46522,-0.6980841,-1.542568,182.9975,452.5325,-31.815
9193,888613,1.55916,-0.892796,-1.70678,197.0325,466.13,-46.6375
9194,888709,1.995188,-1.017724,-1.944924,219.2225,458.5175,-57.9775
9195,888806,1.998116,-0.8427761,-1.896612,226.94,415.205,-71.4175
9196,888903,1.741916,-0.796172,-2.228208,229.425,350.385,-93.17
9197,888999,1.031632,-0.628056,-2.07644,233.695,246.715,-112.2275
9198,889096,-1.206336,-0.35624,-2.38266,223.8775,132.0025,-121.87
9199,889192,2.197464,-1.49938,-3.27082,206.5525,42.1225,-121.87
9200,889289,0.079056,-1.436184,-2.212592,115.64,-84.33249,-164.43
9201,889386,-0.924028,-0.875472,-1.242448,19.075,-209.8775,-196.2625
9202,889482,0.07027201,-0.8030041,-1.41032,-6.895,-163.3975,-188.3
9203,889579,0.249856,-0.9489161,-1.209752,-4.06,-186.5325,-152.1975
9204,889675,0.027572,-1.122156,-0.9818561,-7.5075,-222.985,-107.8875
9205,889772,0.090036,-1.089948,-0.889624,-28.7525,-243.705,-67.8475
9206,889869,0.089792,-0.8127641,-0.761036,-56.8925,-261.66,-37.485
9207,889965,0.013664,-0.535336,-0.645136,-70.14,-276.5875,-11.235
9208,890062,-0.039528,-0.338428,-0.522648,-65.45,-281.82,10.9025
9209,890158,-0.035624,-0.227652,-0.421876,-53.7425,-279.51,27.1425
9210,890255,0.119804,-0.22936,-0.417728,-41.825,-268.485,35.8225
9211,890352,0.330864,-0.339404,-0.525088,-37.3275,-259.9975,35.5775
9212,890448,0.397476,-0.345504,-0.575352,-42.9975,-261.065,33.915
9213,890545,0.40992,-0.325008,-0.58194,-48.965,-263.8475,35.14
9214,890641,0.522648,-0.298656,-0.7361481,-46.8125,-258.44,39.9875
9215,890738,0.7747001,-0.330376,-0.882548,-32.6375,-256.13,49.6475
9216,890835,0.8888921,-0.47092,-0.89182,-12.9675,-265.335,65.485
9217,890931,0.9108521,-0.589504,-0.856684,-3.6225,-273.8925,84.07001
9218,891028,0.906704,-0.540216,-0.8100801,-5.81,-275.8175,100.2925
9219,891124,0.99308,-0.484828,-0.866932,-3.22,-269.08,112.9625
9220,891221,1.040904,-0.537288,-0.95038,8.085,-263.4275,123.55
9221,891318,1.103612,-0.690032,-0.9650201,17.5525,-257.4775,132.8775
9222,891414,1.187304,-0.816424,-0.975512,18.6375,-247.2925,142.73
9223,891511,1.421544,-1.012112,-0.960628,12.9675,-231.875,153.5275
9224,891607,1.744844,-1.178276,-0.92598,-1.9075,-214.8475,164.955
9225,891704,2.096936,-1.158512,-0.849852,-21.9625,-200.305,178.4475
9226,891801,2.465864,-0.850096,-0.76372,-38.99,-186.2525,192.745
9227,891897,3.040728,-0.625372,-0.78324,-41.4225,-175.945,200.795
9228,891994,3.6356,-0.40382,-0.665144,-41.2125,-184.4325,198.4675
9229,892090,3.397944,-0.6505041,-0.154208,-55.0725,-230.5625,186.4625
9230,892187,3.171512,0.141764,0.9535521,-117.425,-240.0825,143.5525
9231,892284,3.238368,1.034072,1.231712,-168.42,-213.395,74.4975
9232,892380,3.051952,0.7795801,1.880264,-91.735,-179.585,54.46
9233,892477,3.178832,-0.284992,2.677656,17.1675,-141.89,55.335
9234,892573,3.038532,0.223016,3.254716,-1.6275,-42.98,51.555
9235,892670,3.120272,0.518988,3.859348,-16.485,90.965,67.69001
9236,892767,1.328824,0.8996281,-1.346392,10.6225,274.225,91.035
9237,892863,1.879776,1.00284,-3.92962,32.2175,320.8275,53.2175
9238,892960,1.405928,1.83,-1.114836,-22.5925,207.62,-30.87
9239,893056,1.499624,-0.022936,-1.37982,56.5425,195.7375,-68.355
9240,893153,0.587308,-0.743468,-0.9293961,75.46,176.3825,-52.9025
9241,893250,0.698816,-0.5504641,-0.603168,50.5225,167.4225,-37.4325
9242,893346,1.443992,-0.644404,-1.147288,40.6875,178.885,-38.465
9243,893443,2.212104,-1.844396,-1.336876,-2.9925,121.345,-66.395
9244,893539,0.671976,-0.726144,-0.671976,-82.74,30.87,-61.9325
9245,893636,1.235128,0.289872,-1.289784,-85.41751,19.74,-47.2675
9246,893733,0.631716,-0.267912,-0.812032,-57.3825,-9.6775,-39.5325
9247,893829,0.651236,-0.152256,-0.87352,-37.24,-13.4225,-25.06
9248,893926,0.58316,-0.29768,-0.7956841,-34.6675,-13.02,-19.635
9249,894022,0.547292,-0.24888,-0.830088,-31.36,-15.75,-17.78
9250,894119,0.510204,-0.201056,-0.83082,-27.86,-16.31,-17.2375
9251,894215,0.500444,-0.184464,-0.845704,-23.31,-15.3125,-15.61
9252,894312,0.501176,-0.213256,-0.843264,-17.3425,-14.0525,-14.105
9253,894409,0.526308,-0.142008,-0.840824,-13.6675,-13.3525,-12.7925
9254,894505,0.499956,-0.14518,-0.8479,-9.0125,-11.445,-9.7825
9255,894602,0.5016641,-0.170556,-0.83814,-4.935,-8.75,-6.8075
9256,894698,0.50142,-0.199592,-0.8132521,-2.31,-6.3875,-5.32
9257,894795,0.514108,-0.170068,-0.8039801,-1.68,-5.845,-4.5675
9258,894892,0.5172801,-0.172508,-0.805444,-0.525,-7.1575,-3.6575
9259,894988,0.487756,-0.16226,-0.831064,-0.0525,-8.015,-3.08
9260,895085,0.489708,-0.163968,-0.830576,1.505,-7.7,-2.59
9261,895181,0.483852,-0.217404,-0.8052,4.165,-7.0875,-3.0975
9262,895278,0.48556,-0.22814,-0.802272,5.145,-6.545,-4.5325
9263,895375,0.47092,-0.247904,-0.81862,3.7625,-5.6875,-5.81
9264,895471,0.482388,-0.1769,-0.806176,3.2375,-5.495,-6.335
9265,895568,0.478484,-0.12932,-0.8281361,4.515,-6.825,-6.475
9266,895664,0.477996,-0.137372,-0.83692,6.6325,-3.8325,-5.3725
9267,895761,0.484828,-0.141032,-0.83814,8.9775,-0.0525,-4.2
9268,895858,0.492148,-0.185928,-0.8271601,11.2,4.2,-3.045
9269,895954,0.484584,-0.210084,-0.8091041,12.145,8.3125,-3.2025
9270,896051,0.49776,-0.213744,-0.80642,11.5325,10.71,-4.4625
9271,896147,0.498736,-0.199592,-0.80764,11.2,13.16,-4.97
9272,896244,0.48556,-0.21594,-0.8086161,11.7075,15.5225,-5.0925
9273,896341,0.476776,-0.245464,-0.8091041,11.97,20.02,-5.8625
9274,896437,0.48068,-0.261568,-0.806176,11.69,25.0075,-7.5425
9275,896534,0.483608,-0.249124,-0.817644,11.2875,31.3425,-10.0625
9276,896630,0.468968,-0.268644,-0.835456,11.8475,37.9225,-13.5975
9277,896727,0.467748,-0.184708,-0.859368,11.235,44.975,-17.185
9278,896824,0.515084,-0.153476,-0.8723001,14.1575,55.37,-18.0775
9279,896920,0.52826,-0.121512,-0.887916,19.705,67.2,-16.1
9280,897017,0.54778,-0.092964,-0.9084121,23.555,80.4125,-12.2325
9281,897113,0.522648,-0.100772,-0.91134,28.315,96.8275,-6.23
9282,897210,0.5165481,-0.1281,-0.919636,31.2025,115.3775,-0.7
9283,897307,0.5363121,-0.136884,-0.928664,32.62,136.7275,3.57
9284,897403,0.514596,-0.139812,-0.9489161,37.94,159.7575,6.0375
9285,897500,0.49288,-0.161772,-0.974048,46.62,184.065,7.035
9286,897596,0.5463161,-0.151036,-1.006988,57.6275,209.2475,8.47
9287,897693,0.457256,-0.198128,-1.04554,71.645,235.34,8.645
9288,897790,0.427,-0.291092,-1.042124,85.0675,274.12,5.39
9289,897886,0.531676,-0.366244,-1.07726,97.5625,325.955,-6.7375
9290,897983,0.599996,-0.453108,-1.342244,115.78,376.565,-21.0175
9291,898079,1.170712,-0.51606,-1.486204,135.59,419.5625,-35.6125
9292,898176,1.116788,-0.582428,-1.515972,151.62,444.815,-55.5625
9293,898273,1.256844,-0.817156,-1.648464,166.285,465.255,-80.64
9294,898369,2.003484,-0.892796,-2.11182,189.91,474.0225,-82.425
9295,898466,2.245044,-0.869128,-2.029592,226.695,437.9025,-82.005
9296,898562,2.182092,-0.776408,-2.408768,240.17,360.605,-97.12501
9297,898659,1.3603,-0.622932,-2.210884,249.6375,230.685,-121.5375
9298,898756,-1.5494,-0.103944,-2.118652,222.46,95.235,-137.3925
9299,898852,2.153788,-1.410808,-3.315472,200.4275,33.6175,-137.7075
9300,898949,-0.666608,-1.125572,-1.779248,100.135,-97.7725,-175.8225
9301,899045,-0.915976,-0.83204,-1.16754,29.05,-159.4075,-191.555
9302,899142,0.440908,-0.8049561,-1.599176,12.67,-98.1925,-165.305
9303,899239,0.027816,-1.026996,-1.210728,23.8875,-148.8725,-104.1075
9304,899335,-0.215696,-1.1285,-0.95282,17.92,-182.14,-52.745
9305,899432,0.150792,-0.9269561,-1.010648,-12.8625,-186.4625,-17.01
9306,899529,0.213744,-0.568276,-0.97966,-40.1975,-207.83,12.985
9307,899625,0.216428,-0.316712,-0.90646,-46.55,-233.31,39.69
9308,899722,0.260104,-0.167628,-0.8400921,-40.2675,-253.2775,55.8075
9309,899818,0.22814,-0.123952,-0.7556681,-33.5475,-271.46,60.7775
9310,899915,0.304512,-0.103456,-0.682956,-35.9975,-284.41,56.735
9311,900012,0.421144,-0.106384,-0.643428,-44.3275,-291.06,43.435
9312,900108,0.531676,-0.119072,-0.652944,-50.6275,-295.5225,27.72
9313,900205,0.560224,-0.148596,-0.6605081,-47.9675,-297.745,20.5275
9314,900301,0.5968241,-0.207888,-0.608536,-36.4525,-294.245,26.2675
9315,900398,0.6954,-0.344528,-0.683444,-21.875,-281.4175,39.1125
9316,900495,0.8964561,-0.437004,-0.8113001,-10.7625,-269.3775,55.475
9317,900591,1.027728,-0.528504,-0.871568,-0.9975,-266.2625,74.13
9318,900688,1.077504,-0.558272,-0.882548,2.59,-268.9575,89.93251
9319,900784,1.118252,-0.543632,-0.8862081,4.2,-271.7575,100.5725
9320,900881,1.204384,-0.5551,-0.9562361,12.1275,-271.425,109.1125
9321,900978,1.280024,-0.6795401,-0.9860041,25.655,-272.825,118.79
9322,901074,1.381528,-0.833504,-0.961116,35.4725,-272.8075,131.11
9323,901171,1.483032,-0.921832,-0.912316,34.195,-268.135,146.055
9324,901268,1.679452,-1.02358,-0.842288,25.4625,-259.1225,161.42
9325,901364,1.878068,-1.06018,-0.758596,9.6075,-246.925,175.7
9326,901461,2.102304,-0.7041841,-0.700524,-9.45,-230.16,189.7
9327,901557,2.407792,-0.27328,-0.6314721,-15.2075,-208.88,200.27
9328,901654,2.774036,0.01464,-0.465552,-7.875,-191.31,196.2975
9329,901751,3.187372,-0.528016,-0.067344,-5.705,-184.5375,174.5625
9330,901847,3.205184,0.029768,0.412848,-68.495,-173.8275,127.715
9331,901944,3.610712,0.327692,0.551928,-127.295,-174.195,77.0
9332,902040,3.029504,0.68686,1.347368,-132.2125,-179.76,43.785
9333,902137,2.647156,0.456036,2.09108,-68.5125,-156.4325,25.3575
9334,902234,2.973384,-0.101016,2.610312,-3.85,-74.8125,20.895
9335,902330,3.348656,0.08296,3.059272,-5.985,26.565,28.6125
9336,902427,2.0252,0.469944,2.660576,-15.3825,147.56,61.7925
9337,902524,1.343708,0.391132,-3.172976,18.83,299.7925,86.66
9338,902620,1.637728,1.285636,-2.792336,1.6975,283.4825,33.81
9339,902717,1.399584,1.40788,-0.930128,-14.9625,194.74,-36.5575
9340,902813,1.473028,-0.153232,-1.602104,59.99,194.11,-56.525
9341,902910,0.574864,-0.509716,-0.902556,60.585,161.5075,-46.2175
9342,903007,0.734928,-0.53924,-0.667828,50.2075,157.535,-36.1725
9343,903103,1.220732,-0.46238,-0.99796,45.2025,163.3975,-31.71
9344,903200,1.502796,-1.40788,-1.461804,19.18,126.5075,-54.1275
9345,903296,0.9989361,-0.81862,-0.7137001,-52.5175,60.97,-59.4475
9346,903393,0.9630681,-0.2013,-1.090192,-80.71,15.1375,-52.01
9347,903490,0.83692,0.02562,-0.98576,-72.8875,12.9675,-41.44
9348,903586,0.6470881,-0.230824,-0.84546,-39.7775,-18.7425,-31.15
9349,903683,0.583404,-0.213256,-0.8193521,-41.02,-12.88,-22.12
9350,903779,0.563152,-0.272304,-0.834968,-33.2675,-17.255,-19.215
9351,903876,0.49288,-0.232776,-0.811544,-29.5575,-18.9525,-18.0075
9352,903973,0.503128,-0.182024,-0.8466801,-23.7475,-16.0125,-15.6275
9353,904069,0.508984,-0.182512,-0.8430201,-17.185,-13.825,-13.09
9354,904166,0.55144,-0.114924,-0.8615641,-12.6875,-13.1425,-10.7625
9355,904263,0.490684,-0.142496,-0.8615641,-6.3525,-11.76,-7.385
9356,904359,0.504104,-0.170068,-0.834236,-1.6275,-7.84,-4.795
9357,904456,0.510448,-0.221552,-0.810568,1.33,-4.55,-3.6225
9358,904552,0.53802,-0.20618,-0.800564,1.6625,-4.0075,-2.94
9359,904649,0.5165481,-0.18666,-0.809348,2.6075,-5.5125,-2.24
9360,904746,0.488976,-0.146644,-0.83692,2.485,-5.9675,-1.435
9361,904842,0.486536,-0.201788,-0.8049561,4.4975,-3.92,-0.8575
9362,904939,0.50996,-0.227896,-0.781776,1.8375,-2.3975,-1.4175
9363,905035,0.492636,-0.249856,-0.7956841,6.3175,-4.515,-2.8525
9364,905132,0.485072,-0.228872,-0.798856,6.44,-4.515,-4.2875
9365,905229,0.4984921,-0.183732,-0.8091041,6.0375,-4.0775,-5.11
9366,905325,0.506056,-0.161528,-0.815692,7.0525,-4.13,-5.0925
9367,905422,0.490684,-0.162748,-0.818376,9.1875,-3.1675,-4.0425
9368,905518,0.49166,-0.1769,-0.818132,10.6925,-0.8400001,-2.975
9369,905615,0.492148,-0.183488,-0.813008,11.9,1.6275,-2.3975
9370,905712,0.487512,-0.227408,-0.80154,13.2475,4.865,-2.0125
9371,905808,0.488732,-0.23424,-0.794952,12.4775,7.2975,-3.29
9372,905905,0.497516,-0.2135,-0.806908,10.675,9.2575,-4.9175
9373,906001,0.460428,-0.238388,-0.806908,10.71,12.145,-5.4775
9374,906098,0.475068,-0.24888,-0.8047121,10.325,17.08,-6.4575
9375,906195,0.468968,-0.282552,-0.812276,9.7825,23.4325,-8.33
9376,906291,0.482388,-0.258396,-0.805444,7.7175,30.135,-10.885
9377,906388,0.489708,-0.274012,-0.817644,7.6475,36.54,-13.86
9378,906484,0.432124,-0.279624,-0.837652,8.435,42.49,-17.045
9379,906581,0.525576,-0.180072,-0.8625401,8.0325,51.485,-19.425
9380,906678,0.530212,-0.19886,-0.8549761,13.195,61.3025,-19.5125
9381,906774,0.557052,-0.131516,-0.879864,15.6975,70.7525,-18.41
9382,906871,0.5612,-0.111508,-0.890112,18.55,82.6,-14.3325
9383,906968,0.543876,-0.120292,-0.8744961,22.365,96.2675,-8.68
9384,907064,0.5511961,-0.132736,-0.8874281,25.1125,112.7875,-3.605
9385,907161,0.538752,-0.157136,-0.917928,29.19,131.705,0.4375
9386,907257,0.495564,-0.183,-0.9486721,35.5775,153.335,2.625
9387,907354,0.52338,-0.182268,-0.9823441,44.4325,178.3075,3.0625
9388,907451,0.5214281,-0.183488,-1.023092,55.5275,204.575,2.31
9389,907547,0.445544,-0.181048,-1.050664,67.8125,233.94,2.38
9390,907644,0.487756,-0.233508,-1.064328,80.045,277.4275,-0.525
9391,907740,0.508252,-0.345016,-1.131428,97.12501,329.4375,-9.9225
9392,907837,0.750788,-0.464088,-1.379576,115.4475,379.365,-21.35
9393,907934,1.205116,-0.482388,-1.488888,129.255,418.4425,-34.65
9394,908030,1.15656,-0.621468,-1.477176,145.5475,436.73,-54.9675
9395,908127,1.413248,-0.7622561,-1.73118,161.0175,453.775,-73.745
9396,908223,1.97518,-0.756888,-1.98494,188.0025,455.07,-70.98001
9397,908320,2.056432,-0.8357,-1.896612,211.75,417.62,-78.27751
9398,908417,1.99958,-1.017724,-2.303604,210.6825,347.55,-102.2875
9399,908513,1.070916,-0.695156,-2.093276,196.98,227.29,-127.3825
9400,908610,-1.058228,-0.143716,-2.319464,169.68,107.4675,-136.3775
9401,908706,2.258708,-1.35664,-3.174196,158.1125,53.235,-137.445
9402,908803,-0.7171161,-0.967216,-1.588196,84.7875,-109.9525,-170.6425
9403,908900,-0.821792,-0.762012,-1.068964,33.145,-135.8175,-181.825
9404,908996,0.370636,-0.793,-1.462536,15.4525,-85.1025,-165.935
9405,909093,0.227652,-0.9418401,-1.248548,19.9325,-122.92,-115.955
9406,909190,-0.029768,-1.099464,-1.022116,16.4325,-163.0475,-67.27
9407,909286,0.1525,-0.998204,-1.0004,-9.87,-180.3025,-32.83
9408,909383,0.201788,-0.672708,-0.952332,-37.9925,-202.86,-5.355
9409,909479,0.165676,-0.386008,-0.863516,-46.48,-228.0075,20.86
9410,909576,0.103212,-0.223748,-0.745908,-37.6075,-247.6775,41.0375
9411,909673,0.104676,-0.15006,-0.6422081,-26.0575,-259.4725,52.4475
9412,909769,0.138348,-0.119316,-0.608048,-21.49,-265.16,53.235
9413,909866,0.277916,-0.089304,-0.628544,-27.02,-268.135,42.3325
9414,909962,0.446032,-0.051972,-0.708576,-33.5825,-270.725,25.48
9415,910059,0.494832,-0.039528,-0.716384,-32.7075,-278.005,13.405
9416,910156,0.475312,-0.09418401,-0.6985721,-21.2275,-281.8375,12.0575
9417,910252,0.564372,-0.222772,-0.746152,-5.53,-275.1875,18.795
9418,910349,0.8091041,-0.313052,-0.8786441,7.6825,-266.9275,31.4825
9419,910445,1.005524,-0.407236,-0.9572121,19.81,-269.08,49.5775
9420,910542,1.004792,-0.459696,-0.9201241,26.0225,-279.1775,66.60501
9421,910639,0.97966,-0.433832,-0.872056,26.0225,-284.8475,78.6975
9422,910735,1.016992,-0.463356,-0.9145121,30.555,-283.0275,86.9225
9423,910832,1.16632,-0.582184,-0.9691681,38.885,-278.985,95.7075
9424,910928,1.364692,-0.736392,-0.987712,44.24,-274.4525,110.32
9425,911025,1.508164,-0.901336,-0.932568,40.1275,-271.845,130.1125
9426,911122,1.670424,-1.05164,-0.8405801,26.285,-264.915,153.1775
9427,911218,1.925892,-1.118252,-0.754204,3.675,-251.2825,177.9925
9428,911315,2.199172,-0.811056,-0.671732,-22.5575,-232.085,202.02
9429,911411,2.520276,-0.3721,-0.5751081,-37.1875,-211.2425,219.87
9430,911508,3.098556,-0.064172,-0.5504641,-36.785,-193.0425,222.075
9431,911605,3.53922,0.067344,-0.355508,-37.5025,-194.2675,209.7025
9432,911701,3.272284,-0.283284,0.070028,-58.03,-221.165,180.495
9433,911798,2.750612,0.482144,1.41764,-124.145,-218.0675,121.5025
9434,911895,3.337188,0.8827921,1.52744,-144.655,-152.8275,59.29
9435,911991,3.317912,-0.115168,2.228452,-51.7475,-103.075,54.775
9436,912088,3.191764,-0.409676,2.842356,-0.35,-58.0825,68.32
9437,912184,3.621692,0.164944,3.242516,-15.2775,59.36,90.9125
9438,912281,1.79462,0.599752,1.811944,-7.665,176.5575,111.7025
9439,912378,1.63846,0.7571321,-3.92108,12.18,310.45,86.66
9440,912474,1.440332,1.7751,-2.34362,-21.0,248.99,4.7775
9441,912571,1.264896,0.945744,-0.848632,6.09,180.985,-54.2675
9442,912667,1.111176,-0.678564,-1.341024,75.5125,190.015,-53.6725
9443,912764,0.418216,-0.5846241,-0.628056,52.465,162.2075,-37.38
9444,912861,1.238056,-0.369416,-0.940864,42.315,172.76,-31.78
9445,912957,1.436184,-0.78934,-1.406416,32.445,151.795,-43.3125
9446,913054,1.767048,-1.31394,-1.039928,-19.0925,82.4075,-61.005
9447,913150,0.681248,-0.5397281,-0.9023121,-68.6175,14.315,-48.9125
9448,913247,1.025044,0.280844,-1.108248,-62.685,19.0225,-35.035
9449,913344,0.628544,-0.30378,-0.801784,-28.6125,-12.355,-25.48
9450,913440,0.600484,-0.263032,-0.8066641,-22.575,-4.9175,-12.0575
9451,913537,0.587796,-0.249612,-0.8174001,-18.4275,-6.51,-9.45
9452,913633,0.51362,-0.253516,-0.8420441,-14.455,-5.8275,-7.5075
9453,913730,0.49654,-0.196176,-0.830576,-10.115,-5.81,-6.8075
9454,913827,0.504348,-0.205448,-0.824232,-5.6525,-5.145,-6.055
9455,913923,0.52216,-0.200324,-0.830088,-1.855,-3.115,-5.005
9456,914020,0.494588,-0.19886,-0.840336,2.625,-1.6625,-3.2025
9457,914116,0.5214281,-0.220332,-0.817156,6.2475,1.05,-1.47
9458,914213,0.525332,-0.24522,-0.7788481,9.275,2.4325,-0.5775
9459,914310,0.536068,-0.214232,-0.775188,9.3975,2.17,-0.595
9460,914406,0.50386,-0.23546,-0.8049561,9.6425,-0.175,-0.7875
9461,914503,0.516304,-0.25376,-0.799344,10.15,-0.7875,-1.26
9462,914599,0.505324,-0.26596,-0.78202,9.24,-0.7175,-2.555
9463,914696,0.527772,-0.253516,-0.781044,7.2625,-1.0325,-4.445
9464,914793,0.508496,-0.280356,-0.77836,6.3525,-1.7325,-5.6
9465,914889,0.495564,-0.268644,-0.841556,4.2175,-1.8025,-6.8425
9466,914986,0.5063,-0.224236,-0.782752,4.9175,-3.43,-7.035
9467,915082,0.528016,-0.19764,-0.790072,5.32,-2.7825,-6.5275
9468,915179,0.507032,-0.199592,-0.791048,5.775,-1.505,-5.67
9469,915276,0.51118,-0.211548,-0.791048,6.51,0.21,-4.62
9470,915372,0.506056,-0.23058,-0.79178,7.105,2.24,-4.48
9471,915469,0.5124001,-0.25132,-0.787876,7.3675,3.43,-5.2675
9472,915566,0.507276,-0.25864,-0.779824,6.4925,4.445,-6.93
9473,915662,0.523136,-0.231068,-0.7856801,5.3375,5.95,-8.3125
9474,915759,0.514596,-0.238876,-0.773968,5.6175,7.14,-8.4525
9475,915855,0.511424,-0.23912,-0.7895841,5.9675,9.2925,-8.225
9476,915952,0.486048,-0.255956,-0.796172,6.51,11.9525,-9.31
9477,916049,0.453108,-0.263032,-0.80154,6.2825,17.115,-11.27
9478,916145,0.462868,-0.299632,-0.803248,7.315,26.3725,-14.7875
9479,916242,0.436516,-0.338916,-0.825208,9.8175,36.2425,-19.425
9480,916338,0.532408,-0.161284,-0.86498,6.9125,46.2,-21.5775
9481,916435,0.54656,-0.21472,-0.830088,12.0225,56.2975,-22.225
9482,916532,0.5856,-0.13054,-0.8532681,14.49,65.9925,-19.2675
9483,916628,0.576328,-0.127856,-0.866688,17.605,76.265,-14.1225
9484,916725,0.54778,-0.157868,-0.869372,19.8275,88.76,-8.295
9485,916821,0.557052,-0.15616,-0.870592,22.5575,103.7575,-3.5
9486,916918,0.5587601,-0.143716,-0.880352,27.475,120.575,0.5075
9487,917015,0.571204,-0.168604,-0.8957241,34.615,137.725,4.935
9488,917111,0.5499761,-0.170068,-0.913292,41.405,156.3625,7.6475
9489,917208,0.534848,-0.204472,-0.965752,51.0475,177.065,9.38
9490,917305,0.49532,-0.190564,-1.010648,63.455,202.405,9.4675
9491,917401,0.452864,-0.222772,-1.009184,77.54251,237.755,7.0
9492,917498,0.505324,-0.261324,-1.05408,93.695,283.885,0.805
9493,917594,0.53924,-0.356484,-1.143872,114.2925,335.125,-7.8925
9494,917691,0.734684,-0.443592,-1.50304,140.84,384.7025,-16.73
9495,917788,1.227564,-0.52704,-1.493036,167.825,421.0325,-28.56
9496,917884,1.45546,-0.692228,-1.592832,186.235,445.4975,-43.5225
9497,917981,1.7751,-0.8957241,-1.852204,207.2525,455.56,-53.2175
9498,918077,2.221376,-0.8903561,-1.989576,229.0575,435.435,-61.705
9499,918174,2.081564,-0.8906,-2.051552,225.015,375.935,-81.91751
9500,918270,1.581608,-0.7754321,-2.250412,218.0325,292.285,-108.745
9501,918367,0.2257,-0.03294,-1.861476,206.955,180.145,-124.39
9502,918464,0.57096,-0.244488,-2.55224,210.63,92.78501,-136.0625
9503,918560,1.716784,-1.573068,-2.782332,193.2525,34.055,-170.1
9504,918657,-0.7522521,-1.196332,-1.231956,91.0,-149.415,-201.3375
9505,918753,-0.274012,-0.9757561,-1.17974,29.2425,-128.135,-199.7975
9506,918850,0.352336,-0.91622,-1.228052,9.1,-117.74,-164.85
9507,918947,0.05246,-0.9345201,-0.9552601,7.0525,-150.6925,-111.545
9508,919043,-0.06466001,-0.973316,-0.818132,5.215,-170.6775,-60.4975
9509,919140,0.09784401,-0.8508281,-0.8003201,-9.3625,-179.2175,-22.0675
9510,919236,0.2013,-0.686372,-0.780556,-24.5175,-194.6525,8.4525
9511,919333,0.245464,-0.5119121,-0.731024,-34.4575,-216.475,32.62
9512,919430,0.17324,-0.347456,-0.63806,-40.81,-239.61,47.7225
9513,919526,0.085156,-0.186416,-0.519232,-45.92,-257.18,51.835
9514,919623,0.125172,-0.098576,-0.488488,-49.805,-264.4425,45.255
9515,919720,0.30256,-0.077836,-0.535336,-52.2375,-266.0175,29.19
9516,919816,0.408944,-0.127124,-0.610976,-49.7525,-272.405,12.46
9517,919913,0.388692,-0.190564,-0.572424,-45.0275,-282.7475,3.6925
9518,920009,0.393816,-0.206912,-0.528016,-36.225,-282.8175,5.3375
9519,920106,0.524356,-0.266448,-0.5587601,-18.97,-270.4625,16.485
9520,920202,0.70028,-0.409676,-0.7381001,5.67,-256.6375,32.5325
9521,920299,0.936228,-0.5607121,-0.831308,22.9775,-257.18,50.47
9522,920396,1.042612,-0.6307401,-0.8479,24.43,-266.9275,67.165
9523,920492,0.99796,-0.486292,-0.790072,17.85,-276.92,78.9775
9524,920589,1.052128,-0.381372,-0.8142281,25.585,-276.6225,85.645
9525,920685,1.155096,-0.431148,-0.858148,46.5675,-272.09,91.7525
9526,920782,1.23098,-0.6375721,-0.850096,66.3425,-269.2025,98.6475
9527,920879,1.321504,-0.813984,-0.793244,69.9125,-261.765,108.3775
9528,920975,1.447652,-0.9501361,-0.74054,60.0425,-248.2725,121.6425
9529,921072,1.663836,-1.147044,-0.7088201,44.0475,-229.88,140.385
9530,921168,1.966152,-1.297836,-0.660996,21.49,-208.9675,164.8325
9531,921265,2.267736,-1.185352,-0.5404601,-6.93,-189.525,192.6225
9532,921362,2.470744,-0.509716,-0.476288,-32.1475,-168.735,220.4825
9533,921458,2.782576,-0.034648,-0.349652,-30.905,-149.5375,237.545
9534,921555,3.195912,0.09320801,-0.216672,-21.2275,-139.93,233.17
9535,921651,3.377692,-0.432124,0.450424,-32.9175,-149.555,205.7125
9536,921748,3.385744,-0.06563601,0.7622561,-127.68,-145.53,139.0725
9537,921845,3.60876,0.522892,1.234152,-186.7075,-144.27,79.7125
9538,921941,2.442928,1.253184,2.275544,-175.1925,-140.1575,46.2
9539,922038,2.883836,0.140056,2.919216,-41.02,-63.6475,56.805
9540,922134,3.9589,0.020008,3.141988,3.2025,66.7625,76.65
9541,922231,1.451556,1.076284,0.833992,-50.05,165.515,88.11251
9542,922328,1.300764,1.071404,-3.954996,-20.16,254.5375,57.6975
9543,922424,1.378844,1.829268,-2.002508,-49.56,199.99,-34.545
9544,922521,1.06506,0.657336,-0.7808001,-5.7225,145.8275,-84.35
9545,922617,0.99796,-0.882548,-1.27978,60.0425,163.765,-63.0
9546,922714,0.448228,-0.624396,-0.6375721,35.35,143.2725,-36.365
9547,922811,0.9635561,-0.13664,-0.902068,22.435,152.53,-32.7075
9548,922907,1.136552,-0.396256,-1.144116,26.3725,138.5475,-40.2325
9549,923004,1.855864,-1.622844,-1.24806,1.4875,94.60501,-62.7725
9550,923100,0.629764,-0.506056,-0.735416,-58.0825,33.145,-52.29
9551,923197,1.199504,0.210328,-1.266848,-66.92,19.88,-40.0575
9552,923294,0.624884,-0.326228,-0.805932,-39.83,-8.085,-29.47
9553,923390,0.628788,-0.164212,-0.854244,-27.0025,-7.07,-16.2925
9554,923487,0.58682,-0.231068,-0.811788,-22.96,-7.77,-12.2325
9555,923583,0.528992,-0.273524,-0.823744,-19.32,-8.085,-10.605
9556,923680,0.514352,-0.235948,-0.8100801,-17.0625,-9.135,-10.9725
9557,923777,0.4933681,-0.26108,-0.8113001,-15.4525,-9.03,-11.76
9558,923873,0.514108,-0.230336,-0.8052,-14.0,-9.52,-12.285
9559,923970,0.515084,-0.192516,-0.818376,-12.88,-8.7675,-12.0575
9560,924066,0.499468,-0.183488,-0.834236,-10.01,-9.3625,-10.9025
9561,924163,0.51484,-0.21716,-0.820572,-6.7025,-6.5975,-8.89
9562,924260,0.532896,-0.209108,-0.8030041,-2.9575,-5.8275,-7.5075
9563,924356,0.54656,-0.207888,-0.786412,-1.26,-6.125,-6.58
9564,924453,0.523136,-0.165188,-0.82594,-0.175,-7.8925,-5.1975
9565,924549,0.513132,-0.1586,-0.83204,2.9225,-8.3125,-3.0625
9566,924646,0.496296,-0.201788,-0.815936,6.7025,-5.4425,-1.3825
9567,924743,0.491172,-0.22814,-0.8100801,8.6975,-3.3425,-1.54
9568,924839,0.510692,-0.23058,-0.792756,8.5225,-2.1525,-2.6775
9569,924936,0.518744,-0.20008,-0.792268,7.9625,-3.0625,-3.7275
9570,925033,0.519964,-0.171044,-0.795928,8.3475,-4.2875,-3.9025
9571,925129,0.5023961,-0.176656,-0.804224,9.1175,-3.8675,-3.2725
9572,925226,0.49166,-0.206668,-0.807884,9.8,-2.24,-2.695
9573,925322,0.49654,-0.210816,-0.8020281,9.66,0.5075,-3.01
9574,925419,0.499712,-0.231556,-0.792024,9.0825,2.555,-4.2875
9575,925516,0.498248,-0.228384,-0.797392,8.1725,4.025,-5.8275
9576,925612,0.467992,-0.219844,-0.8169121,8.0675,6.0725,-6.825
9577,925709,0.53314,-0.202764,-0.8169121,8.54,9.9225,-6.7025
9578,925805,0.46116,-0.252052,-0.815936,9.8,14.8225,-7.1575
9579,925902,0.468724,-0.278892,-0.8147161,9.3625,21.42,-8.19
9580,925999,0.45994,-0.274012,-0.8132521,8.4525,29.2075,-10.8325
9581,926095,0.483608,-0.262544,-0.8281361,9.2925,38.2025,-14.5075
9582,926192,0.41724,-0.23424,-0.854,10.815,46.2175,-18.235
9583,926288,0.547048,-0.13176,-0.879376,11.6725,56.7175,-19.3725
9584,926385,0.543632,-0.16836,-0.8554641,17.955,68.2325,-17.325
9585,926482,0.566568,-0.093696,-0.8827921,20.5275,79.625,-13.58
9586,926578,0.557052,-0.127612,-0.8847441,23.695,93.275,-7.665
9587,926675,0.53314,-0.148352,-0.892064,26.7925,108.7625,-1.8725
9588,926772,0.527528,-0.131272,-0.92598,30.6775,126.4725,2.1525
9589,926868,0.541924,-0.15616,-0.9315921,37.7475,146.16,6.0725
9590,926965,0.527284,-0.161772,-0.9738041,46.4975,168.84,8.7675
9591,927061,0.519476,-0.211548,-1.002108,58.5725,193.1125,10.29
9592,927158,0.459208,-0.17934,-1.081652,73.2025,221.655,10.3775
9593,927255,0.423828,-0.225944,-1.081408,90.7375,262.01,6.8425
9594,927351,0.487268,-0.301828,-1.127036,109.3575,316.3475,0.28
9595,927448,0.474092,-0.370148,-1.19682,128.3975,372.2075,-11.2525
9596,927544,1.062864,-0.494344,-1.507676,151.7775,424.235,-23.59
9597,927641,1.223904,-0.610244,-1.586,173.1975,453.6,-41.2475
9598,927738,1.560136,-0.924028,-1.70312,184.135,471.24,-66.185
9599,927834,2.017392,-0.945256,-2.071316,196.63,472.5,-77.2275
9600,927931,2.06424,-0.94916,-1.857816,213.8675,431.865,-84.2625
9601,928027,1.949804,-1.008208,-2.132072,214.305,364.21,-101.255
9602,928124,1.189988,-0.516304,-2.10328,218.75,256.41,-117.1625
9603,928221,-1.141432,-0.125904,-1.957612,207.4625,135.5375,-126.84
9604,928317,1.939068,-1.365424,-3.117588,205.905,63.105,-113.33
9605,928414,0.362584,-1.588196,-2.2631,133.105,-38.045,-131.845
9606,928511,-1.124108,-0.955992,-1.04554,25.7775,-183.82,-159.355
9607,928607,-0.071736,-0.684176,-1.32492,-13.755,-123.1475,-153.7375
9608,928704,0.274744,-0.735416,-1.256112,-3.71,-137.025,-115.955
9609,928800,0.08174001,-1.033584,-1.04676,11.1125,-178.535,-66.5875
9610,928897,0.191296,-1.17486,-1.016992,-4.13,-207.83,-25.7775
9611,928994,0.266448,-0.859856,-0.931348,-46.095,-238.9275,0.2275
9612,929090,0.202764,-0.451888,-0.800076,-76.475,-270.55,18.0425
9613,929187,0.099308,-0.09028,-0.64172,-77.28,-291.3225,29.295
9614,929283,-0.027572,0.066856,-0.452376,-55.7025,-300.3525,34.265
9615,929380,0.106872,0.001952,-0.417484,-28.2275,-293.44,32.9875
9616,929477,0.340624,-0.19276,-0.499224,-13.5975,-281.68,24.8675
9617,929573,0.447252,-0.33428,-0.5653481,-19.32,-281.295,14.945
9618,929670,0.393572,-0.273036,-0.5856,-36.155,-284.41,10.64
9619,929766,0.495808,-0.152744,-0.662948,-40.425,-275.8875,13.685
9620,929863,0.844972,-0.221552,-0.87474,-19.3375,-262.815,25.235
9621,929960,0.991372,-0.384056,-0.955016,8.5925,-268.31,44.1175
9622,930056,1.006744,-0.487512,-0.8764481,20.405,-280.91,63.8925
9623,930153,1.02114,-0.457988,-0.826916,17.115,-284.69,75.2675
9624,930249,1.097268,-0.34892,-0.843752,17.01,-281.715,79.38
9625,930346,1.16876,-0.437248,-0.8808401,31.4125,-277.62,81.9875
9626,930443,1.201944,-0.640744,-0.8652241,46.9,-273.385,87.64
9627,930539,1.242936,-0.846436,-0.828624,50.47,-263.1125,99.365
9628,930636,1.316136,-0.912804,-0.787144,42.6475,-245.56,119.245
9629,930732,1.5189,-0.9943001,-0.79056,32.2875,-222.2675,145.5125
9630,930829,1.753872,-1.050908,-0.775676,17.99,-199.3075,173.3375
9631,930926,2.013,-0.789828,-0.768356,-3.01,-178.64,199.0975
9632,931022,2.306776,-0.387472,-0.734684,-18.55,-158.1125,218.9425
9633,931119,2.632028,-0.101016,-0.560956,-22.26,-145.1625,222.075
9634,931216,2.878956,-0.08857201,-0.29646,-26.775,-142.59,206.85
9635,931312,3.189568,-0.199592,-0.077348,-47.18,-147.6475,178.4475
9636,931409,3.266672,-0.161528,0.00976,-88.795,-168.3325,145.9325
9637,931505,3.278628,0.101748,0.566324,-125.4575,-202.44,110.495
9638,931602,2.617144,0.701012,1.457412,-158.41,-214.8825,51.3975
9639,931699,2.656672,1.009672,2.05814,-127.925,-179.0075,-8.0675
9640,931795,2.750612,0.175924,2.622024,-33.425,-103.845,-25.1825
9641,931892,3.27814,-0.114436,3.100752,5.285,2.1,2.135
9642,931988,0.556564,0.496052,1.306376,-27.2825,122.01,43.575
9643,932085,1.10654,0.100284,-3.618764,8.575,264.2675,58.1875
9644,932182,1.2078,1.158512,-1.791204,-28.665,231.805,3.115
9645,932278,1.331508,0.9108521,-0.930372,-11.8475,194.6,-35.14
9646,932375,1.251232,0.116388,-1.75558,47.1275,196.9625,-32.5675
9647,932471,0.624396,-0.007808001,-0.9547721,45.745,158.27,-38.0625
9648,932568,0.7937321,-0.379176,-0.773724,54.74,153.79,-42.1575
9649,932665,0.78324,-0.534604,-0.85156,54.7575,151.55,-38.955
9650,932761,1.122156,-0.64538,-0.9228081,43.82,137.55,-41.93
9651,932858,1.398852,-1.372988,-1.338584,14.56,111.9825,-54.4775
9652,932954,1.063108,-0.609512,-0.81862,-51.94,57.575,-53.1825
9653,933051,0.938912,-0.108824,-1.092144,-70.245,18.0075,-48.3525
9654,933148,0.912804,-0.162504,-0.94306,-58.2575,9.45,-35.4375
9655,933244,0.59658,-0.240096,-0.8357,-36.7325,-13.23,-26.1625
9656,933341,0.605364,-0.22692,-0.851804,-33.3025,-11.165,-19.355
9657,933437,0.551684,-0.20496,-0.8430201,-27.8425,-13.79,-17.64
9658,933534,0.525332,-0.175436,-0.839848,-24.115,-13.0025,-15.05
9659,933631,0.52704,-0.18788,-0.8344801,-19.46,-12.1625,-12.3375
9660,933727,0.5214281,-0.172996,-0.8430201,-15.26,-10.6225,-9.3975
9661,933824,0.509472,-0.193004,-0.829356,-10.99,-8.26,-6.72
9662,933920,0.514352,-0.194956,-0.820816,-7.9275,-6.265,-4.8475
9663,934017,0.50386,-0.191052,-0.818376,-5.95,-4.585,-3.675
9664,934114,0.49166,-0.193248,-0.813008,-4.2875,-3.92,-2.7475
9665,934210,0.504348,-0.201056,-0.8086161,-3.045,-3.115,-1.9425
9666,934307,0.494344,-0.20618,-0.806908,-2.065,-2.9575,-1.4875
9667,934403,0.532652,-0.184708,-0.796416,0.0,-9.31,-0.735
9668,934500,0.488488,-0.234972,-0.801296,0.98,-7.07,-0.7875
9669,934597,0.504348,-0.220088,-0.797148,0.8925,-6.0025,-1.155
9670,934693,0.482144,-0.207156,-0.809836,2.975,-8.5225,-2.1
9671,934790,0.488244,-0.211548,-0.786412,5.2325,-8.8375,-2.8875
9672,934886,0.485804,-0.187392,-0.817156,7.7175,-9.275,-3.535
9673,934983,0.46604,-0.206424,-0.819108,10.325,-9.2925,-4.6725
9674,935080,0.477752,-0.222528,-0.798856,9.52,-7.8225,-6.2125
9675,935176,0.509472,-0.186416,-0.8044681,7.91,-6.7025,-7.0525
9676,935273,0.4941,-0.175924,-0.810568,7.49,-6.44,-6.44
9677,935369,0.491172,-0.169092,-0.8195961,8.155,-5.355,-5.7925
9678,935466,0.493612,-0.188124,-0.80886,9.31,-2.485,-5.3025
9679,935563,0.49654,-0.215452,-0.8149601,10.08,0.175,-5.04
9680,935659,0.459208,-0.22326,-0.822036,9.7475,2.6775,-5.67
9681,935756,0.450668,-0.250344,-0.8188641,9.3625,7.3325,-7.0
9682,935852,0.474824,-0.24522,-0.800808,7.77,12.5825,-8.7325
9683,935949,0.49288,-0.230336,-0.823744,5.8625,20.125,-10.675
9684,936046,0.491904,-0.220332,-0.829356,6.2125,26.18,-11.6375
9685,936142,0.52094,-0.213988,-0.831064,7.735,32.34,-12.0925
9686,936239,0.489464,-0.221308,-0.830332,9.7475,38.605,-13.1075
9687,936335,0.47336,-0.233264,-0.8569281,13.4225,47.0575,-14.9275
9688,936432,0.374784,-0.193736,-0.8996281,16.59,56.455,-17.3075
9689,936529,0.52216,-0.149328,-0.9191481,18.4975,72.03,-16.9225
9690,936625,0.483852,-0.21716,-0.916952,25.7775,88.0075,-15.3475
9691,936722,0.493124,-0.122976,-0.957944,25.2525,105.7875,-13.93
9692,936819,0.494832,-0.166408,-0.94062,29.26,126.91,-10.36
9693,936915,0.521184,-0.09784401,-0.9752681,32.27,151.5675,-7.2275
9694,937012,0.537288,-0.129808,-0.975512,40.5125,177.5375,-3.64
9695,937108,0.548756,-0.130296,-1.009428,51.485,204.015,0.77
9696,937205,0.49776,-0.203496,-1.0553,64.3825,230.93,4.025
9697,937302,0.433588,-0.264252,-1.030656,75.4075,266.4025,0.8225
9698,937398,0.48068,-0.328912,-1.1407,89.79251,316.085,-9.73
9699,937495,0.54656,-0.45384,-1.303448,108.535,368.3225,-24.3775
9700,937592,1.062376,-0.557784,-1.499868,124.8975,416.0275,-40.74
9701,937688,1.112884,-0.57706,-1.53964,140.0525,443.7125,-61.5475
9702,937785,1.294908,-0.8601,-1.654808,152.46,462.5425,-90.21251
9703,937881,1.891976,-0.80886,-1.994944,170.5375,471.31,-96.5825
9704,937978,2.115724,-0.91744,-1.961028,197.6975,439.04,-98.14
9705,938074,2.188924,-1.053592,-2.194048,201.7925,369.95,-113.7325
9706,938171,1.446188,-0.878156,-2.088396,195.9125,253.9075,-136.36
9707,938268,-1.444236,-0.436516,-1.705316,155.68,121.0125,-152.53
9708,938364,2.02276,-1.27612,-3.155896,124.2675,72.52,-130.7075
9709,938461,-0.122976,-1.007476,-1.946388,60.6025,-33.0225,-133.8575
9710,938558,-1.052372,-0.671,-0.951844,17.57,-134.7325,-143.08
9711,938654,0.284748,-0.69662,-1.41398,9.5725,-69.4575,-136.5875
9712,938751,0.305732,-0.816668,-1.222928,23.73,-106.785,-94.1325
9713,938847,-0.126636,-0.989908,-0.8976761,26.495,-157.535,-48.93
9714,938944,0.110288,-0.935252,-0.8906,3.6225,-173.1625,-18.13
9715,939041,0.25864,-0.692228,-0.884988,-27.055,-193.13,5.0575
9716,939137,0.24888,-0.4331,-0.820816,-44.87,-221.795,27.86
9717,939234,0.184952,-0.200324,-0.6919841,-46.865,-246.855,45.395
9718,939331,0.091988,-0.079544,-0.526308,-39.445,-262.885,53.0775
9719,939427,0.127124,-0.061732,-0.467016,-31.3775,-267.085,50.435
9720,939524,0.299388,-0.14396,-0.477752,-31.4825,-264.6175,39.4975
9721,939620,0.439932,-0.176656,-0.547536,-40.53,-265.055,25.06
9722,939717,0.457012,-0.165432,-0.5838921,-46.6025,-268.31,17.92
9723,939814,0.366244,-0.16104,-0.530456,-41.2825,-268.135,22.5575
9724,939910,0.517036,-0.2379,-0.600972,-28.455,-252.6825,33.1975
9725,940007,0.853756,-0.356728,-0.83082,-12.5475,-237.65,47.46
9726,940103,1.032852,-0.414312,-0.879864,-1.155,-243.0575,65.17
9727,940200,1.000888,-0.450912,-0.786656,1.015,-257.3375,79.625
9728,940297,0.962092,-0.388448,-0.7605481,-0.4025,-262.4125,86.13501
9729,940393,1.036512,-0.346724,-0.8188641,5.04,-259.63,86.32751
9730,940490,1.134844,-0.405772,-0.8559521,19.3375,-257.075,88.795
9731,940586,1.170468,-0.610244,-0.863028,38.1675,-254.2925,98.07
9732,940683,1.230004,-0.80154,-0.8235001,43.89,-245.9975,113.785
9733,940780,1.338096,-0.8874281,-0.8256961,36.0325,-231.245,134.1725
9734,940876,1.56404,-0.954528,-0.809348,22.5225,-214.13,156.0475
9735,940973,1.821948,-0.874984,-0.765184,4.4975,-198.38,176.7325
9736,941069,2.073024,-0.512644,-0.761036,-12.32,-184.0825,193.9175
9737,941166,2.400716,-0.22814,-0.702476,-16.3275,-172.06,200.69
9738,941263,2.732312,0.000976,-0.554124,-14.6125,-166.3375,192.955
9739,941359,3.21836,-0.10126,-0.436516,-12.845,-170.59,173.25
9740,941456,3.46602,-0.24156,-0.157624,-36.015,-195.6325,148.33
9741,941553,2.891156,-0.623664,0.7320001,-88.69,-238.91,118.2125
9742,941649,2.46074,0.41358,1.301984,-174.58,-215.495,58.3975
9743,941746,3.069764,1.068476,1.581852,-152.1625,-157.115,26.915
9744,941842,2.731336,-0.223504,2.480748,-18.3225,-123.165,40.565
9745,941939,3.19518,-0.2684,2.915068,10.78,-34.09,58.765
9746,942036,2.45708,0.42578,3.058784,-29.645,87.8325,79.94
9747,942132,1.112884,0.305976,-2.428776,-4.1475,225.33,92.12001
9748,942229,1.094828,1.037,-2.954352,-19.5125,242.6025,38.3425
9749,942325,1.050664,1.4945,-0.813984,-42.1225,165.3575,-28.105
9750,942422,1.133868,0.351848,-1.47376,33.8975,176.155,-41.37
9751,942519,0.57584,-0.098332,-1.081896,57.295,156.2225,-39.8125
9752,942615,0.646112,-0.445056,-0.65514,58.5725,145.355,-43.155
9753,942712,0.8852321,-0.576816,-0.863028,59.36,153.93,-37.835
9754,942808,0.984784,-0.529236,-0.877668,46.1125,137.13,-39.0425
9755,942905,1.178032,-0.9969841,-1.158268,24.6925,119.49,-51.415
9756,943002,1.478152,-1.171444,-0.95282,-26.32,74.6025,-59.465
9757,943098,0.936228,-0.315004,-1.031388,-73.5175,25.865,-51.8
9758,943195,0.9330561,-0.019764,-1.032852,-64.3125,15.225,-41.685
9759,943291,0.638548,-0.317688,-0.834724,-42.91,-13.5975,-32.41
9760,943388,0.594628,-0.203008,-0.860344,-43.085,-11.3925,-24.605
9761,943485,0.579988,-0.231312,-0.8488761,-35.455,-13.79,-21.3325
9762,943581,0.535824,-0.146888,-0.852048,-29.6275,-12.0925,-17.3425
9763,943678,0.534848,-0.158112,-0.8532681,-21.525,-9.625,-12.39
9764,943774,0.566568,-0.197152,-0.8601,-14.07,-7.2275,-8.6625
9765,943871,0.494832,-0.163968,-0.8332601,-7.63,-5.7575,-4.41
9766,943968,0.525576,-0.185684,-0.8239881,-3.2025,-1.75,-1.4175
9767,944064,0.5119121,-0.15616,-0.8256961,-0.105,-0.2275,-0.07
9768,944161,0.493856,-0.187148,-0.813984,2.8525,1.085,1.435
9769,944258,0.499468,-0.218624,-0.803492,4.2525,2.275,1.9775
9770,944354,0.498248,-0.22326,-0.7978801,3.6575,1.6625,0.8225
9771,944451,0.519476,-0.231556,-0.790072,2.7125,0.4375,0.175
9772,944547,0.506788,-0.234728,-0.7854361,2.135,-1.365,-0.63
9773,944644,0.500444,-0.265472,-0.780556,1.33,-4.7075,-2.0825
9774,944741,0.488732,-0.258152,-0.777384,1.2075,-8.7675,-3.955
9775,944837,0.491904,-0.26596,-0.7895841,1.365,-11.025,-5.6175
9776,944934,0.470676,-0.243024,-0.807152,2.0475,-11.795,-7.21
9777,945030,0.482632,-0.197152,-0.807152,2.6425,-10.395,-9.065
9778,945127,0.492148,-0.184708,-0.8147161,2.2575,-8.9425,-9.45
9779,945224,0.519476,-0.178364,-0.8091041,4.2525,-7.665,-8.155
9780,945320,0.509228,-0.157868,-0.827404,5.2325,-6.51,-6.9475
9781,945417,0.50874,-0.13664,-0.8271601,7.5075,-3.8325,-4.8475
9782,945514,0.491172,-0.19764,-0.8147161,11.2,0.21,-2.59
9783,945610,0.478484,-0.215696,-0.8127641,12.7925,3.885,-1.9425
9784,945707,0.480436,-0.24766,-0.802272,13.23,7.0,-2.87
9785,945803,0.4594521,-0.264008,-0.7991,11.4975,10.5525,-4.7425
9786,945900,0.47214,-0.2684,-0.799588,8.47,16.1875,-7.105
9787,945997,0.460672,-0.294752,-0.805932,5.985,22.89,-9.7475
9788,946093,0.550708,-0.242048,-0.822036,5.005,28.6475,-11.655
9789,946190,0.493124,-0.234484,-0.821304,6.265,33.3375,-13.335
9790,946286,0.486536,-0.204716,-0.85156,8.7675,40.565,-14.5425
9791,946383,0.46848,-0.227652,-0.8723001,14.14,48.895,-16.73
9792,946480,0.488732,-0.106384,-0.904508,16.3975,60.5675,-17.185
9793,946576,0.527284,-0.170556,-0.8935281,22.0325,76.8775,-13.545
9794,946673,0.499956,-0.11956,-0.941352,27.5275,91.5775,-9.59
9795,946769,0.491172,-0.136152,-0.95282,29.82,111.2475,-4.935
9796,946866,0.47824,-0.1708,-0.97966,36.3125,135.5725,-0.56
9797,946963,0.49288,-0.152988,-0.9916161,42.35,162.9075,1.9075
9798,947059,0.508252,-0.17324,-1.035536,53.935,190.8375,3.675
9799,947156,0.488488,-0.215696,-1.08702,66.1675,220.01,5.04
9800,947252,0.404552,-0.260348,-1.085556,80.255,255.5,3.9725
9801,947349,0.410652,-0.287188,-1.089704,94.7625,303.7475,-5.0575
9802,947446,0.516792,-0.383568,-1.207068,113.5225,359.905,-18.9525
9803,947542,0.753716,-0.491172,-1.531588,134.645,411.74,-34.335
9804,947639,1.227808,-0.557052,-1.538908,151.0775,447.1425,-52.255
9805,947735,1.380552,-0.788608,-1.579656,162.4525,462.91,-77.315
9806,947832,1.66042,-0.834236,-1.906372,178.2725,471.6775,-89.74
9807,947929,1.854888,-0.8271601,-1.896368,211.785,448.035,-86.59
9808,948025,1.936628,-0.701256,-2.015684,230.2475,393.7675,-97.79
9809,948122,1.637728,-0.765672,-2.134512,244.44,308.805,-119.0875
9810,948218,0.185196,-0.566812,-1.697996,239.1725,190.505,-135.1175
9811,948315,0.16226,-1.203408,-2.325808,217.5775,95.8125,-122.2725
9812,948412,1.754848,-1.99104,-2.691564,155.89,50.3475,-111.2825
9813,948508,-1.091168,-1.070916,-1.087264,20.965,-140.0,-129.5175
9814,948605,-0.44896,-0.562176,-1.170224,-29.19,-107.8875,-128.1175
9815,948702,0.3782,-0.47946,-1.323456,-18.1825,-91.49,-98.5775
9816,948798,0.090768,-0.734196,-1.07726,10.5525,-137.3575,-53.865
9817,948895,0.149084,-0.949404,-1.009184,14.77,-174.4575,-18.4975
9818,948991,0.276696,-0.818376,-0.941108,-17.5875,-207.6025,1.435
9819,949088,0.187148,-0.474092,-0.782508,-55.125,-244.685,13.3
9820,949185,0.142008,-0.117608,-0.626104,-69.4575,-269.08,20.09
9821,949281,0.078812,0.058072,-0.4758,-57.54,-282.835,21.8225
9822,949378,0.060024,-0.007320001,-0.363804,-34.23,-285.46,19.145
9823,949474,0.211304,-0.16104,-0.380884,-23.8175,-278.5825,11.4275
9824,949571,0.341356,-0.281332,-0.438956,-29.6975,-272.055,1.9425
9825,949668,0.366,-0.296948,-0.459696,-37.8525,-268.1525,0.7875
9826,949764,0.429196,-0.300852,-0.509228,-38.535,-258.0725,11.8475
9827,949861,0.677344,-0.331108,-0.675148,-26.53,-241.2375,30.7825
9828,949957,0.9052401,-0.4148,-0.7808001,-12.635,-237.5275,51.03
9829,950054,0.936472,-0.46726,-0.74786,-11.2525,-247.135,65.66
9830,950151,0.920368,-0.383568,-0.729316,-19.6,-253.5225,70.5075
9831,950247,0.970876,-0.272792,-0.739076,-17.99,-252.91,70.245
9832,950344,0.983076,-0.29524,-0.70516,0.0175,-252.1925,72.3275
9833,950440,0.964776,-0.413824,-0.676124,25.4975,-247.45,79.6075
9834,950537,0.998204,-0.571692,-0.668316,42.5425,-235.095,90.755
9835,950634,1.067988,-0.658068,-0.701256,47.74,-215.67,106.0675
9836,950730,1.097756,-0.71248,-0.700768,45.22,-192.3775,125.09
9837,950827,1.283196,-0.793244,-0.73932,39.585,-165.3925,144.9
9838,950923,1.623576,-0.716872,-0.772504,30.205,-139.37,163.87
9839,951020,2.054724,-0.56852,-0.8174001,21.7525,-120.8375,181.58
9840,951117,2.680584,-0.612196,-0.872788,14.9625,-115.955,192.255
9841,951213,3.32816,-0.485316,-0.8679081,-9.9925,-130.9,189.455
9842,951310,3.611688,-0.19764,-0.62098,-44.8175,-181.6675,176.0675
9843,951406,3.327672,-0.62342,-0.161284,-82.4775,-247.415,153.0025
9844,951503,2.752808,0.362584,1.219756,-176.7675,-275.135,88.69
9845,951600,2.904332,1.88124,1.675792,-242.445,-223.965,-2.5025
9846,951696,2.88042,0.864736,2.687416,-103.88,-164.78,-6.93
9847,951793,2.950936,-0.769088,3.748572,63.455,-86.9925,37.1525
9848,951889,3.548004,0.366976,3.904976,-27.125,84.2275,53.76
9849,951986,2.123044,0.818132,0.13786,-17.5525,242.585,76.9475
9850,952083,2.38876,0.608048,-4.321972,14.1575,285.74,32.0775
9851,952179,0.8574161,1.770952,-1.432524,-53.865,162.26,-48.7725
9852,952276,1.026752,0.048312,-0.67832,17.64,138.425,-76.125
9853,952372,1.034316,-0.927932,-1.147776,67.865,160.3175,-36.715
9854,952469,1.543544,-0.987956,-1.514508,18.13,123.9875,-36.68
9855,952566,1.414712,-0.759328,-0.8256961,-37.8,76.125,-49.8575
9856,952662,0.657336,-0.374296,-0.974536,-57.68,-6.23,-42.98
9857,952759,0.7998321,-0.072712,-0.9201241,-56.245,14.175,-29.8025
9858,952855,0.663192,-0.131516,-0.9272,-30.4675,-13.4575,-24.255
9859,952952,0.5206961,-0.122732,-0.83204,-25.8125,-6.16,-13.37
9860,953049,0.585112,-0.308172,-0.78934,-13.1775,-5.565,-8.015
9861,953145,0.524356,-0.26718,-0.782508,-14.0875,-7.14,-7.4375
9862,953242,0.476776,-0.300364,-0.787876,-13.5625,-10.185,-10.5175
9863,953338,0.499468,-0.233996,-0.799588,-15.7325,-10.815,-13.5975
9864,953435,0.531188,-0.177876,-0.821792,-14.8575,-11.165,-13.9125
9865,953532,0.50142,-0.2196,-0.845704,-8.8375,-10.3775,-10.78
9866,953628,0.492392,-0.191296,-0.845216,-4.6375,-9.6775,-8.575
9867,953725,0.547048,-0.13786,-0.826916,-2.065,-6.9475,-7.1225
9868,953822,0.531188,-0.182024,-0.810568,0.7525,-5.2675,-4.2525
9869,953918,0.5546121,-0.215452,-0.8174001,2.45,-4.935,-2.0825
9870,954015,0.504348,-0.229116,-0.803248,2.8875,-4.83,-2.765
9871,954111,0.52582,-0.254736,-0.778116,3.6575,-3.0975,-3.395
9872,954208,0.520452,-0.257908,-0.7747001,2.8875,-4.655,-4.445
9873,954305,0.50142,-0.224236,-0.79544,1.3475,-7.63,-6.055
9874,954401,0.507032,-0.20618,-0.798368,0.7175,-8.89,-6.7025
9875,954498,0.508984,-0.1952,-0.80642,1.1375,-7.875,-6.4225
9876,954594,0.506788,-0.18178,-0.803492,2.45,-6.79,-6.125
9877,954691,0.50874,-0.177876,-0.806908,3.675,-5.3375,-5.1975
9878,954788,0.505324,-0.197396,-0.805444,4.8125,-3.815,-4.2525
9879,954884,0.503128,-0.2196,-0.798124,5.39,-2.94,-4.2175
9880,954981,0.511424,-0.21716,-0.789828,4.9175,-2.03,-5.005
9881,955077,0.497028,-0.217892,-0.792756,4.4625,-1.2075,-5.5475
9882,955174,0.499468,-0.226188,-0.79422,3.5525,-0.2625,-6.44
9883,955271,0.503372,-0.218136,-0.796904,2.975,0.7,-7.3325
9884,955367,0.513376,-0.2074,-0.7951961,2.625,1.6975,-7.8575
9885,955464,0.511668,-0.205936,-0.800564,2.8525,3.0625,-7.91
9886,955561,0.497272,-0.218868,-0.8066641,3.535,4.935,-7.8225
9887,955657,0.491172,-0.22814,-0.799588,3.745,8.0675,-8.3125
9888,955754,0.480924,-0.233996,-0.80886,3.5875,12.425,-9.1875
9889,955850,0.491416,-0.232044,-0.8147161,3.8675,17.9025,-10.2725
9890,955947,0.484584,-0.248392,-0.8261841,5.425,24.3775,-12.04
9891,956043,0.445056,-0.259128,-0.8405801,7.7,31.1325,-14.9625
9892,956140,0.487512,-0.135908,-0.87474,8.5925,40.0925,-17.36
9893,956237,0.500932,-0.170312,-0.8676641,14.42,50.54,-16.8175
9894,956333,0.516304,-0.183976,-0.85644,17.605,62.2125,-14.595
9895,956430,0.546804,-0.134932,-0.8698601,19.2325,75.18,-11.55
9896,956527,0.527284,-0.15616,-0.8764481,21.0875,87.5,-7.595
9897,956623,0.534604,-0.159088,-0.8784,22.435,101.3775,-3.8325
9898,956720,0.54656,-0.143472,-0.894748,24.1325,116.9875,-0.91
9899,956816,0.5404601,-0.152256,-0.8976761,28.5425,134.9075,1.19
9900,956913,0.52826,-0.15738,-0.932812,35.0175,154.7,2.2575
9901,957010,0.528016,-0.206668,-0.97356,43.7675,177.45,2.9575
9902,957106,0.490196,-0.256932,-1.009428,52.08,203.77,0.8925
9903,957203,0.478972,-0.258396,-0.991372,60.27,236.355,-3.2375
9904,957299,0.5499761,-0.355508,-1.081896,71.435,281.9425,-12.985
9905,957396,0.508008,-0.414312,-1.187304,84.84,331.1875,-26.425
9906,957493,0.843508,-0.56608,-1.469612,101.01,378.245,-44.3275
9907,957589,1.336632,-0.5885281,-1.542812,108.5175,412.265,-65.9575
9908,957686,1.266848,-0.567544,-1.620648,121.6075,434.7175,-82.285
9909,957782,1.521828,-0.7217521,-1.932236,152.2675,446.39,-83.96501
9910,957879,1.768268,-0.658312,-1.88978,183.015,431.06,-81.25251
9911,957975,1.698484,-0.776896,-1.892464,205.52,384.7025,-91.07
9912,958072,1.588196,-0.847412,-2.118652,215.7925,320.845,-108.885
9913,958169,0.411628,-0.652456,-1.641632,194.46,215.9325,-129.675
9914,958265,-0.091988,-0.8471681,-1.887828,157.2025,134.75,-127.9075
9915,958362,1.963468,-1.8666,-2.814784,134.0675,110.005,-113.8725
9916,958459,-0.765672,-1.206092,-1.331508,30.135,-80.7625,-119.0175
9917,958555,-0.42212,-0.714676,-1.214876,-23.2575,-70.9275,-109.865
9918,958652,0.372588,-0.496296,-1.37616,-21.805,-55.3175,-85.505
9919,958748,0.15006,-0.61488,-1.120692,3.01,-99.03251,-44.8
9920,958845,0.071736,-0.833504,-0.961604,15.785,-136.64,-11.2875
9921,958941,0.249856,-0.8418,-0.9330561,-6.51,-164.5525,7.4025
9922,959038,0.223504,-0.580476,-0.833992,-43.0675,-198.1525,17.7975
9923,959135,0.17446,-0.219356,-0.713944,-65.0475,-228.515,25.7425
9924,959231,0.122488,0.000488,-0.5797441,-58.835,-247.6075,31.01
9925,959328,0.104676,0.001708,-0.452132,-35.8225,-256.655,34.3
9926,959424,0.183732,-0.152256,-0.403576,-18.9175,-255.6575,34.6325
9927,959521,0.33794,-0.279136,-0.454572,-21.6475,-252.1575,29.435
9928,959618,0.42578,-0.28426,-0.527528,-37.38,-252.2625,24.605
9929,959714,0.416752,-0.213256,-0.52704,-46.655,-254.0825,29.015
9930,959811,0.513376,-0.19886,-0.589992,-43.3825,-246.645,39.48
9931,959907,0.66246,-0.160796,-0.6851521,-32.5325,-238.735,50.8375
9932,960004,0.854732,-0.201544,-0.7978801,-16.4675,-237.895,58.3625
9933,960101,0.983564,-0.286212,-0.8461921,-3.3775,-247.625,60.13
9934,960197,0.9828321,-0.329888,-0.7937321,2.275,-264.355,57.6625
9935,960294,0.967216,-0.35746,-0.748836,7.945,-272.825,54.9325
9936,960390,0.923052,-0.39894,-0.70028,17.0625,-274.7325,54.1625
9937,960487,0.989176,-0.470188,-0.670024,24.605,-267.645,55.86
9938,960584,0.997472,-0.544608,-0.7068681,30.0475,-256.97,62.615
9939,960680,0.9928361,-0.632448,-0.684908,35.7875,-242.0775,74.305
9940,960777,1.136796,-0.755424,-0.721264,40.25,-219.03,91.8925
9941,960873,1.37006,-0.877424,-0.763476,40.32,-196.56,114.31
9942,960970,1.692384,-1.008452,-0.778116,34.265,-179.0425,139.37
9943,961067,1.99958,-0.8610761,-0.7612801,20.3175,-166.5125,163.5375
9944,961163,2.344108,-0.555588,-0.6985721,9.1,-155.8725,184.73
9945,961260,2.739632,-0.22204,-0.524356,5.0925,-149.0475,196.1925
9946,961356,3.078548,-0.08662001,-0.25376,3.0625,-151.48,195.055
9947,961453,3.363296,-0.123464,-0.005612,-15.8375,-165.3925,177.485
9948,961550,3.600464,-0.192272,0.183,-60.585,-190.0675,151.2875
9949,961646,3.188592,-0.71004,0.659776,-120.75,-232.365,122.7625
9950,961743,2.7145,0.479216,1.710928,-211.295,-234.045,61.25
9951,961839,2.805024,1.925892,2.306044,-229.3725,-175.91,-16.0825
9952,961936,2.4644,0.513376,3.50384,-55.5975,-107.87,-21.8925
9953,962033,2.552972,-0.226676,3.650972,51.4325,43.0325,21.1925
9954,962129,1.334192,0.426024,-2.019588,-8.6625,220.99,55.44
9955,962226,1.501332,0.432612,-3.402336,28.595,253.54,44.5725
9956,962323,1.341268,1.580388,-0.9547721,-42.7,163.7475,-26.845
9957,962419,1.230736,0.150304,-1.458632,37.3975,162.3125,-40.6875
9958,962516,0.464088,-0.15982,-1.046028,59.64,142.59,-29.4
9959,962612,0.5968241,-0.1403,-0.715896,54.0225,133.1225,-31.6575
9960,962709,1.081652,-0.472384,-0.9093881,68.9325,146.93,-30.3625
9961,962805,1.282464,-1.339072,-0.97356,52.7975,123.0775,-44.555
9962,962902,1.33224,-1.598688,-0.798368,-5.25,79.73001,-50.96
9963,962999,0.638548,-0.091256,-0.964288,-71.78501,41.86,-45.0625
9964,963095,0.9901521,-0.017568,-1.048712,-61.3725,30.59,-41.37
9965,963192,0.675148,-0.440908,-0.790804,-44.4325,5.74,-31.2375
9966,963288,0.671976,-0.120048,-0.916464,-42.35,4.795,-20.93
9967,963385,0.55266,-0.330132,-0.80764,-31.605,-5.6175,-18.06
9968,963482,0.533384,-0.173484,-0.8679081,-30.52,-8.365,-17.0275
9969,963578,0.513376,-0.22448,-0.8081281,-27.0375,-10.1675,-17.0975
9970,963675,0.49288,-0.287432,-0.8020281,-24.885,-11.1475,-17.745
9971,963771,0.540704,-0.177876,-0.8337481,-23.7825,-10.0625,-16.6425
9972,963868,0.533872,-0.133468,-0.854,-19.215,-8.6275,-13.3
9973,963965,0.489708,-0.169092,-0.84546,-12.005,-7.7875,-8.785
9974,964061,0.512888,-0.219112,-0.821792,-8.3825,-4.6725,-6.9825
9975,964158,0.50752,-0.221064,-0.815936,-6.44,-3.4125,-6.825
9976,964254,0.5404601,-0.221308,-0.7991,-5.53,-4.6375,-6.9475
9977,964351,0.528016,-0.219112,-0.796904,-4.5325,-6.3175,-6.58
9978,964448,0.507032,-0.17812,-0.815936,-4.5325,-7.455,-6.1425
9979,964544,0.502884,-0.23424,-0.804224,-2.1875,-7.9975,-5.4775
9980,964641,0.504592,-0.235216,-0.798856,-1.015,-7.1225,-5.285
9981,964737,0.510692,-0.240096,-0.797392,0.4375,-6.475,-5.32
9982,964834,0.508252,-0.222284,-0.793244,1.715,-7.7525,-5.6175
9983,964930,0.522404,-0.190076,-0.8100801,2.0125,-9.4325,-6.3
9984,965027,0.50386,-0.163968,-0.806176,3.4475,-10.9375,-6.16
9985,965124,0.486048,-0.195688,-0.817156,4.06,-9.52,-5.6525
9986,965220,0.488,-0.192028,-0.811056,3.325,-6.9825,-6.02
9987,965317,0.498004,-0.214476,-0.79544,3.2725,-4.2175,-6.405
9988,965413,0.4933681,-0.225944,-0.7998321,3.255,-3.08,-6.8775
9989,965510,0.491416,-0.22448,-0.803492,3.395,-1.8725,-7.6125
9990,965607,0.5016641,-0.200324,-0.809836,3.6225,0.35,-8.3125
9991,965703,0.49166,-0.179828,-0.8113001,4.7075,2.9925,-8.365
9992,965800,0.48678,-0.221064,-0.809836,6.0725,6.055,-8.33
9993,965896,0.476532,-0.25254,-0.80642,5.39,9.555,-8.89
9994,965993,0.471652,-0.262056,-0.80764,4.4625,14.07,-10.5875
9995,966090,0.482632,-0.246196,-0.8142281,3.255,20.9825,-12.215
9996,966186,0.490196,-0.226188,-0.8261841,3.29,28.315,-13.965
9997,966283,0.490928,-0.224968,-0.836676,6.5975,34.755,-16.2575
9998,966379,0.454084,-0.152256,-0.858392,9.94,43.2075,-17.745
9999,966476,0.540704,-0.122244,-0.87352,14.175,55.0725,-16.4325
10000,966572,0.521184,-0.136396,-0.872788,22.155,66.8675,-12.32
10001,966669,0.518744,-0.115168,-0.8991401,24.5525,79.2925,-7.5775
10002,966766,0.497516,-0.141764,-0.9089001,26.8275,94.29,-2.5025
10003,966862,0.488,-0.174704,-0.9252481,31.325,112.8575,1.96
10004,966959,0.499468,-0.152256,-0.9669721,34.4225,134.925,3.71
10005,967055,0.494832,-0.179584,-0.983076,41.545,161.3325,4.305
10006,967152,0.493856,-0.162748,-1.042856,50.61,191.415,4.305
10007,967248,0.510936,-0.227896,-1.075064,61.8975,223.195,4.935
10008,967345,0.396012,-0.266936,-1.090192,72.555,258.8425,2.31
10009,967442,0.457744,-0.295728,-1.09068,84.91,308.1225,-6.895
10010,967538,0.5002,-0.369172,-1.203652,104.335,364.7,-19.705
10011,967635,0.8327721,-0.463844,-1.574288,125.0375,416.01,-34.3525
10012,967731,1.246108,-0.520208,-1.52134,140.6825,449.925,-51.52
10013,967828,1.382016,-0.758596,-1.694092,153.86,467.6,-77.035
10014,967925,1.786812,-0.858636,-2.01178,174.72,475.8075,-86.3625
10015,968021,2.244556,-0.9772201,-1.985184,202.755,443.17,-82.1275
10016,968118,2.04594,-0.700036,-2.180384,208.1625,364.35,-93.905
10017,968214,1.47986,-0.567788,-2.065216,211.2775,257.3375,-112.7175
10018,968311,-0.904752,0.05587601,-1.880996,179.9175,134.085,-129.9725
10019,968407,1.614792,-0.8215481,-3.0805,162.6975,64.575,-123.9525
10020,968504,-0.034892,-0.967704,-2.073512,96.2675,-34.2825,-148.3475
10021,968601,-0.964532,-0.557296,-1.108248,20.93,-136.535,-172.305
10022,968697,0.313296,-0.469944,-1.5982,-1.05,-81.84751,-162.3125
10023,968794,0.153964,-0.60634,-1.323456,10.9375,-125.23,-117.7225
10024,968891,-0.205448,-0.777628,-1.006744,13.685,-171.7275,-77.2275
10025,968987,0.024888,-0.654164,-0.965264,-6.8775,-188.16,-51.1875
10026,969084,0.08369201,-0.432124,-0.8847441,-27.16,-208.565,-29.4875
10027,969180,0.055388,-0.281576,-0.778604,-32.97,-231.1225,-5.6
10028,969277,0.07686,-0.212768,-0.681248,-31.7275,-245.7875,13.5975
10029,969373,0.09150001,-0.180316,-0.591456,-34.3175,-255.43,25.445
10030,969470,0.213256,-0.14762,-0.554856,-41.23,-260.435,29.575
10031,969567,0.353312,-0.189588,-0.609024,-45.4475,-261.8,29.47
10032,969663,0.410652,-0.287432,-0.640012,-47.705,-265.86,33.3025
10033,969760,0.428464,-0.284992,-0.65026,-50.75,-266.42,44.555
10034,969857,0.546804,-0.19276,-0.617076,-49.0175,-260.2075,60.06
10035,969953,0.669292,-0.201544,-0.659532,-36.9075,-250.4075,72.2225
10036,970050,0.848632,-0.292312,-0.728828,-24.185,-243.565,78.1375
10037,970146,1.01626,-0.42334,-0.8579041,-15.6275,-243.9325,80.4475
10038,970243,1.035048,-0.480924,-0.873032,-11.6025,-254.7125,81.55001
10039,970339,1.02602,-0.52948,-0.8430201,-7.07,-264.1275,84.175
10040,970436,1.049932,-0.6307401,-0.8378961,1.295,-266.8925,91.8925
10041,970533,1.088972,-0.77104,-0.852048,10.1675,-264.6175,105.105
10042,970629,1.158024,-0.934764,-0.827404,12.3725,-258.8075,123.06
10043,970726,1.261236,-1.017724,-0.792024,5.88,-247.17,144.55
10044,970822,1.493524,-1.07726,-0.756644,-7.595,-230.755,165.9525
10045,970919,1.734108,-1.179008,-0.701744,-26.5125,-214.8475,184.4675
10046,971016,2.023736,-1.0492,-0.688812,-51.835,-200.27,199.4125
10047,971112,2.453908,-0.739564,-0.747128,-68.4075,-184.3625,214.585
10048,971209,2.793556,-0.553636,-0.580476,-68.005,-181.23,224.8575
10049,971305,2.98412,-0.565836,-0.29402,-74.9,-189.8925,218.4525
10050,971402,2.902868,-0.575596,-0.000488,-102.83,-203.28,191.6775
10051,971499,2.742072,0.2318,1.132648,-149.73,-191.135,139.545
10052,971595,2.944836,0.1891,1.446432,-123.69,-164.115,97.23001
10053,971692,2.972896,-0.177388,1.992992,-62.895,-108.6575,78.33
10054,971788,3.114416,-0.375272,2.57054,-19.9325,-57.9425,70.4375
10055,971885,3.138816,-0.058316,3.053416,-14.6125,38.15,75.6875
10056,971982,2.980704,0.171044,2.871636,2.5725,163.94,91.315
10057,972078,1.611132,0.061732,-2.239676,23.52,289.8875,92.995
10058,972175,1.48474,1.322968,-3.404288,-7.245,277.4275,44.0475
10059,972271,1.033096,1.625284,-1.10288,-5.4075,162.3475,-22.4525
10060,972368,1.181204,0.036844,-1.136796,63.1225,160.9825,-56.91
10061,972465,0.519964,-0.5594921,-0.84912,79.24,143.885,-48.335
10062,972561,0.8086161,-0.515572,-0.702476,65.625,140.77,-32.1125
10063,972658,1.77998,-1.491816,-1.828536,45.64,141.33,-41.7375
10064,972754,1.216584,-0.7903161,-0.800564,-29.9775,53.5325,-49.77
10065,972851,0.675148,-0.441396,-0.913536,-54.7925,-11.7425,-41.58
10066,972948,0.917684,0.09638,-0.96624,-53.7775,11.725,-29.715
10067,973044,0.601704,-0.300608,-0.81618,-21.3325,-20.2125,-23.7475
10068,973141,0.5594921,-0.323056,-0.7617681,-25.69,-11.235,-14.7175
10069,973237,0.556076,-0.356484,-0.792024,-22.3475,-15.7325,-17.115
10070,973334,0.513376,-0.27084,-0.805932,-25.8825,-17.08,-19.7225
10071,973431,0.532164,-0.168604,-0.826428,-22.4175,-16.45,-19.145
10072,973527,0.523624,-0.232044,-0.819108,-16.9575,-15.365,-16.835
10073,973624,0.504592,-0.203008,-0.826672,-13.1075,-17.08,-15.3125
10074,973720,0.505568,-0.124196,-0.86498,-9.52,-16.38,-13.93
10075,973817,0.519964,-0.16226,-0.820084,-4.1125,-13.1775,-10.9025
10076,973914,0.526308,-0.145912,-0.843508,0.0875,-7.8225,-7.105
10077,974010,0.510936,-0.170068,-0.834724,4.34,-5.7925,-4.2175
10078,974107,0.49166,-0.162016,-0.8296,6.23,-2.5725,-2.065
10079,974203,0.520208,-0.188856,-0.801784,11.4625,-0.1575,-0.385
10080,974300,0.490928,-0.2196,-0.8113001,10.64,0.3675,-1.19
10081,974396,0.49288,-0.217648,-0.807396,9.5725,1.4,-2.695
10082,974493,0.491904,-0.20984,-0.810324,8.68,2.7475,-3.885
10083,974590,0.50386,-0.218136,-0.8039801,7.7525,4.7075,-4.34
10084,974686,0.51362,-0.203984,-0.8020281,6.5625,4.865,-5.005
10085,974783,0.512156,-0.199104,-0.7991,6.16,5.1625,-5.5475
10086,974879,0.507276,-0.198128,-0.807152,6.5275,6.1775,-5.8625
10087,974976,0.5023961,-0.188124,-0.81374,6.825,7.2975,-5.95
10088,975073,0.50996,-0.198128,-0.803736,7.3675,8.995,-6.265
10089,975169,0.509716,-0.214476,-0.797636,7.0175,10.1325,-6.8775
10090,975266,0.515816,-0.218868,-0.794952,6.3525,11.235,-7.7175
10091,975362,0.506788,-0.223504,-0.78934,5.5125,12.005,-8.54
10092,975459,0.514596,-0.206668,-0.7895841,4.8475,13.2825,-9.45
10093,975556,0.5077641,-0.222528,-0.7991,5.6175,14.5075,-10.5525
10094,975652,0.47946,-0.244976,-0.805688,5.4775,16.6425,-11.9
10095,975749,0.497272,-0.189832,-0.8188641,4.13,21.175,-13.4575
10096,975845,0.497272,-0.21838,-0.817156,5.0925,27.16,-14.28
10097,975942,0.510204,-0.189832,-0.8244761,6.37,34.1075,-14.2975
10098,976039,0.521672,-0.170068,-0.837408,7.98,41.23,-14.35
10099,976135,0.533872,-0.162016,-0.8425321,10.3425,49.2625,-13.2475
10100,976232,0.537288,-0.149572,-0.8527801,12.775,58.485,-11.2875
10101,976328,0.541924,-0.150304,-0.8405801,15.575,68.46,-9.065
10102,976425,0.555832,-0.154696,-0.821304,18.1475,78.8375,-6.475
10103,976522,0.5751081,-0.165676,-0.82472,19.3375,89.46,-3.815
10104,976618,0.56974,-0.176412,-0.833016,20.685,100.0125,-1.68
10105,976715,0.55632,-0.194956,-0.843508,23.9925,111.51,-0.35
10106,976811,0.5607121,-0.19154,-0.858392,29.2425,125.685,-0.3325
10107,976908,0.5846241,-0.152988,-0.887184,35.4725,143.2025,-0.875
10108,977005,0.577548,-0.1647,-0.889136,43.5225,162.155,-0.56
10109,977101,0.57462,-0.08003201,-0.9567241,52.3775,183.1725,2.4675
10110,977198,0.530212,-0.08052,-1.010404,66.2725,211.5575,5.4775
10111,977294,0.543876,-0.172752,-1.036024,82.39,251.0725,6.7725
10112,977391,0.56974,-0.243268,-1.111664,96.67,296.765,2.59
10113,977488,0.8527801,-0.36234,-1.330044,110.7225,343.0,-5.1975
10114,977584,1.084336,-0.360632,-1.359568,124.39,378.1225,-13.0025
10115,977681,1.16998,-0.5702281,-1.403244,144.4625,400.9075,-27.4225
10116,977777,1.38958,-0.691252,-1.572824,158.7425,420.1225,-39.585
10117,977874,1.866356,-0.782264,-1.728984,170.73,414.8025,-42.28
10118,977971,1.826096,-0.6993041,-1.4762,176.82,373.6775,-48.7375
10119,978067,1.57868,-0.7068681,-1.616744,163.5025,315.455,-65.7475
10120,978164,0.955992,-0.40626,-1.566236,147.63,235.095,-80.605
10121,978260,-0.431636,0.579256,-1.680184,128.765,152.67,-87.6925
10122,978357,1.740696,-0.006832001,-2.912628,132.51,87.395,-106.4
10123,978454,0.795928,-0.71492,-2.224304,99.10251,-23.2925,-164.5525
10124,978550,-0.6944241,-0.600484,-1.03456,29.365,-164.885,-203.385
10125,978647,0.22204,-0.7856801,-1.196576,-9.2225,-128.38,-206.4475
10126,978743,0.33306,-1.0309,-1.00162,-25.305,-145.39,-174.8425
10127,978840,0.06124401,-1.245864,-0.773724,-42.84,-176.0325,-127.12
10128,978937,0.151524,-1.261724,-0.71614,-70.2625,-185.1325,-78.41751
10129,979033,0.174948,-1.102392,-0.6456241,-99.12001,-194.355,-35.7875
10130,979130,0.170556,-0.959652,-0.579012,-116.445,-205.345,3.4475
10131,979227,0.09320801,-0.793488,-0.515328,-124.81,-213.4475,36.4175
10132,979323,0.068076,-0.656116,-0.420412,-126.84,-217.4725,61.5825
10133,979420,0.161772,-0.609024,-0.432612,-121.695,-213.885,77.4375
10134,979516,0.285724,-0.634156,-0.465064,-116.41,-213.43,86.17
10135,979613,0.381616,-0.707356,-0.456768,-115.36,-217.6825,90.58001
10136,979709,0.465552,-0.737612,-0.465064,-120.9775,-221.515,94.7625
10137,979806,0.580964,-0.74176,-0.515328,-126.56,-223.0025,101.22
10138,979903,0.659776,-0.750056,-0.562908,-127.4525,-224.805,110.7225
10139,979999,0.724924,-0.790072,-0.613904,-124.9325,-226.52,121.1175
10140,980096,0.800076,-0.84912,-0.679296,-123.235,-229.0925,129.255
10141,980193,0.9037761,-0.916464,-0.7259001,-122.675,-233.275,134.9425
10142,980289,0.957456,-0.967704,-0.7093081,-123.2,-241.3425,139.79
10143,980386,0.998692,-1.047248,-0.6527,-122.3425,-248.36,145.495
10144,980482,1.062132,-1.176324,-0.6034121,-119.1925,-250.1975,154.07
10145,980579,1.12606,-1.355908,-0.558028,-118.1425,-248.0975,167.3175
10146,980676,1.214144,-1.594052,-0.502884,-122.1675,-242.1475,187.915
10147,980772,1.324432,-1.758264,-0.436272,-135.6425,-230.6675,214.4975
10148,980869,1.409832,-1.857572,-0.335256,-155.96,-214.375,243.635
10149,980965,1.587464,-1.958588,-0.27694,-178.5175,-190.785,271.95
10150,981062,1.929796,-2.041792,-0.316468,-201.5825,-165.1125,297.78
10151,981159,2.350452,-1.923452,-0.356728,-222.1975,-148.3125,323.8375
10152,981255,2.38754,-1.152168,-0.331352,-237.895,-149.1525,350.9275
10153,981352,3.010472,0.233264,0.190076,-202.2475,-141.9425,373.73
10154,981448,1.71654,-1.301008,1.631384,-51.52,-124.32,380.7125
10155,981545,3.044876,-1.20048,1.242204,-79.66001,-19.1625,337.2425
10156,981642,3.792492,0.298656,1.07604,-167.6675,34.3175,274.8375
10157,981738,2.832108,0.292068,2.095228,-100.8525,14.28,227.885
10158,981835,2.501244,0.476044,2.564928,-34.3175,60.8475,159.7575
10159,981931,3.37818,0.733464,2.37168,30.9575,179.7075,88.83
10160,982028,2.465864,-1.088484,-1.518412,126.8575,251.6675,18.305
10161,982125,1.820728,0.446032,-3.454552,34.3875,222.6175,-23.1875
10162,982221,0.187148,0.527284,-0.718092,41.93,72.52,-46.725
10163,982318,1.036756,-0.376004,-0.837408,79.205,110.5125,-65.485
10164,982415,0.791292,-0.699792,-0.988444,77.7,107.905,-46.865
10165,982511,1.692872,-1.672864,-1.433012,28.2275,79.7125,-54.3725
10166,982608,0.661484,-0.811544,-0.582428,-23.2925,15.96,-42.5425
10167,982704,0.83936,-0.205448,-0.926468,-32.235,-0.8575,-29.75
10168,982801,0.682468,-0.1403,-0.813984,-33.915,0.6125,-23.24
10169,982898,0.594628,-0.385032,-0.796416,-13.2125,-17.2025,-20.09
10170,982994,0.547048,-0.174704,-0.8193521,-17.185,-12.2325,-17.57
10171,983091,0.640012,-0.178852,-0.788852,-12.74,-12.5825,-14.5075
10172,983187,0.563152,-0.298168,-0.756888,-9.3625,-18.025,-9.9225
10173,983284,0.508008,-0.332084,-0.778604,-13.545,-21.945,-9.5025
10174,983380,0.499712,-0.304024,-0.7986121,-18.165,-23.485,-12.6525
10175,983477,0.460184,-0.239364,-0.8132521,-21.175,-23.59,-16.17
10176,983574,0.51606,-0.23302,-0.8127641,-20.9125,-24.99,-18.1825
10177,983670,0.511668,-0.15494,-0.839116,-21.56,-25.165,-17.9375
10178,983767,0.511424,-0.082472,-0.822768,-19.7575,-23.73,-14.9275
10179,983863,0.504592,-0.103212,-0.848388,-19.4775,-24.045,-10.955
10180,983960,0.540216,-0.12444,-0.854488,-7.315,-15.785,-6.755
10181,984057,0.460428,-0.135176,-0.820084,-3.2025,-10.9725,-4.095
10182,984153,0.462868,-0.114924,-0.849608,-0.5775,-8.785,-2.9225
10183,984250,0.482388,-0.098576,-0.854244,3.0625,-5.04,-1.9075
10184,984346,0.481412,-0.143716,-0.841312,7.84,-1.0325,-0.455
10185,984443,0.475312,-0.155184,-0.836676,10.43,1.89,-0.175
10186,984540,0.49166,-0.166408,-0.827404,11.69,4.655,-0.3675
10187,984636,0.48312,-0.173972,-0.826672,13.5625,6.4225,-0.28
10188,984733,0.48922,-0.166164,-0.8383841,15.19,8.0675,-0.4375
10189,984829,0.492392,-0.190808,-0.8244761,16.8175,10.3075,-0.315
10190,984926,0.506056,-0.170312,-0.820084,16.4325,11.8475,-0.8925
10191,985023,0.5063,-0.174948,-0.822524,16.765,12.4075,-0.525
10192,985119,0.506056,-0.19886,-0.8095921,17.71,13.65,0.0875
10193,985216,0.50996,-0.1952,-0.810324,17.29,14.6825,-0.2625
10194,985313,0.514596,-0.182756,-0.8066641,16.7475,15.645,-0.595
10195,985409,0.501176,-0.208376,-0.80642,16.7825,16.87,-0.6825
10196,985506,0.509716,-0.193248,-0.805688,15.5575,18.6375,-1.12
10197,985602,0.5124001,-0.209352,-0.805932,14.9975,20.5975,-0.9625
10198,985699,0.511668,-0.20252,-0.815692,14.0525,23.0825,-0.8575
10199,985796,0.50142,-0.160552,-0.8357,13.895,27.16,-0.56
10200,985892,0.5016641,-0.189832,-0.8344801,16.9925,32.375,0.4025
10201,985989,0.4819,-0.27206,-0.815204,18.865,38.045,0.665
10202,986085,0.504592,-0.199592,-0.834724,16.52,46.1825,0.0875
10203,986182,0.515572,-0.202276,-0.8322841,17.1325,54.1975,0.21
10204,986279,0.52216,-0.187636,-0.841312,19.285,62.265,2.065
10205,986375,0.519964,-0.191296,-0.851804,20.72,71.9425,4.6025
10206,986472,0.52216,-0.166164,-0.8791321,23.2575,84.245,7.28
10207,986568,0.522648,-0.181536,-0.88328,28.7525,97.3875,9.9925
10208,986665,0.514108,-0.170312,-0.913292,34.2475,112.6825,11.7075
10209,986762,0.50874,-0.205448,-0.9630681,42.735,131.25,13.4925
10210,986858,0.484096,-0.226432,-1.015284,51.8525,153.5625,13.58
10211,986955,0.421632,-0.303292,-1.089948,59.1675,182.7,11.5325
10212,987051,0.376492,-0.308172,-1.165588,58.765,223.86,5.2325
10213,987148,0.467016,-0.263764,-1.200236,53.0075,273.735,-5.565
10214,987245,0.4553041,-0.313052,-1.214632,47.635,322.4375,-17.8325
10215,987341,1.032608,-0.546804,-1.344684,38.3775,368.1125,-30.94
10216,987438,1.520364,-0.676856,-1.381528,5.3375,399.315,-48.86
10217,987534,1.238544,-0.687592,-1.301008,-39.2,402.3425,-70.4725
10218,987631,1.303936,-0.69174,-1.558428,-79.31,404.6175,-75.4425
10219,987728,1.1834,-0.527772,-1.487424,-97.72,378.875,-60.83
10220,987824,1.075064,-0.46482,-1.28222,-97.05501,344.2425,-42.9275
10221,987921,0.8020281,-0.398208,-1.07604,-87.08,307.1075,-27.3525
10222,988017,0.26596,0.09784401,-1.180716,-87.97251,262.7625,-18.62
10223,988114,0.212036,0.583404,-2.002996,-86.45,216.405,-16.8525
10224,988211,1.80926,-0.377956,-2.395836,-69.965,156.0825,-58.6425
10225,988307,0.03416,-0.44286,-1.361764,-89.985,14.21,-105.595
10226,988404,0.218136,-0.620004,-1.176812,-117.0225,-38.885,-134.8025
10227,988500,0.457256,-0.805444,-1.13216,-141.295,-59.2375,-157.6925
10228,988597,0.33306,-1.053104,-0.896944,-156.5025,-102.1825,-159.53
10229,988694,0.30744,-1.318332,-0.750056,-168.91,-130.4275,-146.615
10230,988790,0.250588,-1.527196,-0.582184,-188.4225,-150.045,-125.51
10231,988887,0.227652,-1.636508,-0.450668,-213.78,-161.035,-98.805
10232,988983,0.275232,-1.66286,-0.3904,-237.72,-165.655,-65.835
10233,989080,0.336232,-1.640412,-0.33794,-252.875,-170.7825,-27.825
10234,989177,0.346724,-1.604788,-0.282308,-256.97,-176.575,12.11
10235,989273,0.340868,-1.590636,-0.210084,-252.525,-181.055,50.33
10236,989370,0.34648,-1.589416,-0.14396,-243.1975,-180.7575,84.4375
10237,989466,0.364292,-1.578192,-0.13054,-233.7475,-177.345,113.7325
10238,989563,0.406504,-1.564528,-0.138836,-225.47,-170.4675,139.16
10239,989660,0.47824,-1.57624,-0.191784,-219.03,-163.9225,160.475
10240,989756,0.567056,-1.589172,-0.23546,-215.5825,-160.825,176.6275
10241,989853,0.647332,-1.564528,-0.251808,-213.6225,-162.47,189.6475
10242,989949,0.699792,-1.528172,-0.26108,-209.16,-164.9375,200.9525
10243,990046,0.716628,-1.491328,-0.259616,-202.1775,-166.6875,210.875
10244,990143,0.765184,-1.44814,-0.29524,-192.64,-164.92,220.465
10245,990239,0.8298441,-1.408368,-0.346724,-181.055,-161.4375,229.67
10246,990336,0.8708361,-1.421544,-0.369172,-170.24,-159.2325,237.7375
10247,990432,0.9237841,-1.483276,-0.374784,-161.735,-155.855,246.33
10248,990529,1.050664,-1.568188,-0.394548,-156.45,-149.9225,257.2325
10249,990626,1.169736,-1.652368,-0.403088,-157.15,-144.9175,271.46
10250,990722,1.27734,-1.710196,-0.386496,-163.1,-140.91,287.6125
10251,990819,1.339804,-1.699216,-0.34038,-174.475,-137.0425,303.31
10252,990915,1.4274,-1.703852,-0.276696,-187.18,-131.67,317.87
10253,991012,1.536956,-1.605032,-0.20252,-199.0275,-122.9725,328.5275
10254,991109,1.603324,-1.500356,-0.12322,-203.6475,-115.0275,333.3225
10255,991205,1.728984,-1.404464,-0.095648,-198.8525,-105.735,333.3575
10256,991302,1.83244,-1.077016,-0.035868,-190.225,-98.315,331.1
10257,991398,1.870748,-0.791536,-0.03172,-172.095,-89.8275,327.985
10258,991495,2.079368,-0.6375721,-0.103944,-144.13,-80.8325,314.58
10259,991592,2.31434,-0.621468,-0.152744,-123.0425,-79.73001,292.32
10260,991688,3.305224,0.21472,0.882304,-120.085,-86.34501,257.145
10261,991785,1.506944,0.360144,1.936872,-105.7525,-40.215,188.3525
10262,991881,3.406972,-0.049532,1.593808,-39.3925,52.675,154.5075
10263,991978,3.097092,-0.227652,1.798036,-24.0975,104.055,119.385
10264,992075,3.479196,0.043676,1.93614,-8.9425,154.2625,101.08
10265,992171,2.755736,-0.018544,0.12322,18.5325,208.5825,74.795
10266,992268,2.019588,0.224968,-2.79502,10.7275,179.585,18.725
10267,992364,0.252052,0.902068,-2.044476,-34.65,62.1775,-31.5
10268,992461,0.527284,-0.409676,-0.8935281,6.09,15.9425,-50.295
10269,992558,1.313452,-1.280756,-0.764208,25.3225,50.0325,-24.115
10270,992654,0.564372,-0.311832,-0.803492,-17.85,3.15,-6.125
10271,992751,0.602192,-0.205936,-0.87352,-16.7475,0.9975,-9.03
10272,992847,0.598532,-0.50752,-0.7285841,-8.26,-7.7525,-8.225
10273,992944,0.534116,-0.179096,-0.815692,-13.2475,-6.93,-6.58
10274,993041,0.553636,-0.208376,-0.8142281,-9.765,-10.115,-5.7575
10275,993137,0.546072,-0.28548,-0.787388,-3.6575,-10.115,-2.24
10276,993234,0.537288,-0.242536,-0.7991,-3.8325,-9.8875,-1.5225
10277,993330,0.540948,-0.287676,-0.769576,-2.9225,-10.43,-0.945
10278,993427,0.525576,-0.31354,-0.768844,-3.5525,-12.1275,-1.1025
10279,993524,0.504836,-0.293532,-0.78934,-5.7925,-13.1075,-2.8
10280,993620,0.484584,-0.257176,-0.8066641,-6.3175,-13.1075,-4.0075
10281,993717,0.49288,-0.247416,-0.8052,-5.425,-11.2,-4.795
10282,993814,0.530456,-0.239852,-0.7991,-3.8325,-9.555,-4.97
10283,993910,0.5165481,-0.225456,-0.798856,-1.925,-8.9775,-4.375
10284,994007,0.513376,-0.229848,-0.800076,0.525,-8.6275,-3.2025
10285,994103,0.488488,-0.232776,-0.8020281,2.555,-7.8925,-2.66
10286,994200,0.481168,-0.243268,-0.815692,4.0075,-6.3175,-2.9575
10287,994297,0.498004,-0.252296,-0.798368,5.67,-4.095,-4.69
10288,994393,0.51362,-0.244976,-0.7849481,6.3175,-2.6075,-6.4225
10289,994490,0.518744,-0.252784,-0.775188,5.5475,-2.94,-6.3525
10290,994586,0.5124001,-0.230092,-0.788364,4.34,-3.3425,-6.3
10291,994683,0.508008,-0.265716,-0.7639641,3.465,-3.8675,-6.3
10292,994780,0.503128,-0.25742,-0.7829961,2.17,-3.2025,-6.4925
10293,994876,0.521184,-0.211304,-0.797392,1.645,-3.64,-6.93
10294,994973,0.514108,-0.243024,-0.773724,1.4875,-3.5175,-6.93
10295,995069,0.5214281,-0.238876,-0.7854361,0.6475,-3.605,-6.405
10296,995166,0.525332,-0.213988,-0.787876,0.63,-4.2,-6.1425
10297,995263,0.5172801,-0.238388,-0.796416,0.8925,-3.7625,-5.25
10298,995359,0.501176,-0.198616,-0.8169121,1.3825,-3.15,-4.27
10299,995456,0.504348,-0.272304,-0.781532,2.6075,-2.24,-4.3575
10300,995552,0.52216,-0.222772,-0.790072,1.2075,-1.0325,-4.6375
10301,995649,0.515572,-0.214232,-0.7854361,2.8525,-1.015,-5.0575
10302,995745,0.516792,-0.284992,-0.76982,2.2925,0.2625,-4.7775
10303,995842,0.515572,-0.15006,-0.832528,2.38,1.2775,-4.0425
10304,995939,0.5206961,-0.176412,-0.7849481,4.3575,1.645,-3.4475
10305,996035,0.50996,-0.34892,-0.759328,3.5525,3.7975,-2.7825
10306,996132,0.5119121,-0.2196,-0.811788,2.765,6.23,-2.24
10307,996228,0.517036,-0.15738,-0.828868,5.25,8.82,-2.3975
10308,996325,0.510448,-0.254492,-0.785192,5.145,13.0025,-2.1875
10309,996422,0.5077641,-0.19886,-0.814472,3.99,18.1825,-1.4
10310,996518,0.497028,-0.230092,-0.80886,6.5625,24.8325,0.5425
10311,996615,0.489952,-0.216184,-0.8230121,7.42,33.6175,1.6275
10312,996711,0.499468,-0.250832,-0.831308,7.56,42.1575,1.575
10313,996808,0.495808,-0.253516,-0.8378961,8.925,50.2075,1.7325
10314,996905,0.493124,-0.300608,-0.8142281,12.4425,57.575,1.085
10315,997001,0.484584,-0.354776,-0.8108121,15.47,66.57,-0.77
10316,997098,0.514352,-0.295972,-0.83082,14.7525,77.595,-4.3225
10317,997194,0.518988,-0.300364,-0.8357,17.6225,88.0075,-6.8775
10318,997291,0.529724,-0.246196,-0.844972,18.0075,99.31251,-9.415
10319,997388,0.539484,-0.244732,-0.843264,23.17,110.6,-11.1125
10320,997484,0.53924,-0.215208,-0.8857201,29.085,125.195,-11.1825
10321,997581,0.538264,-0.243756,-0.9154881,34.8775,142.3625,-11.515
10322,997677,0.493856,-0.249856,-0.954528,36.61,164.43,-11.2875
10323,997774,0.487512,-0.28548,-0.959408,37.2575,193.27,-14.1575
10324,997871,0.445056,-0.321348,-0.945256,41.44,225.75,-22.925
10325,997967,0.473604,-0.318908,-0.95648,42.035,264.3025,-36.6975
10326,998064,0.568032,-0.36234,-0.976,39.7075,305.27,-53.095
10327,998160,0.9181721,-0.59658,-1.153144,44.03,344.8725,-70.2625
10328,998257,1.342976,-0.727608,-1.314428,37.205,375.69,-86.7475
10329,998354,1.248548,-0.820816,-1.180716,28.875,385.595,-115.115
10330,998450,1.411784,-1.142164,-1.407392,8.505,397.04,-148.015
10331,998547,1.60186,-1.006256,-1.697508,-10.185,392.595,-157.6225
10332,998643,1.425204,-0.9120721,-1.535492,-3.815,359.59,-149.4325
10333,998740,1.486936,-0.8827921,-1.50792,19.46,316.75,-139.265
10334,998837,1.419592,-0.8420441,-1.66652,18.3925,266.21,-143.6225
10335,998933,-0.480192,-1.16022,-1.727764,-15.61,185.92,-142.975
10336,999030,0.921588,-1.569164,-2.512956,-48.615,111.965,-61.81
10337,999126,-0.018056,-0.8591241,-1.955416,-83.7725,57.8025,-4.2525
10338,999223,-0.6605081,-0.385276,-1.253672,-91.4725,-36.26,-13.8075
10339,999320,0.099308,-0.350872,-1.504016,-65.1,-15.8725,-22.225
10340,999416,0.246196,-0.512888,-1.433744,-36.435,-58.3625,-23.1
10341,999513,0.140544,-0.787144,-1.267824,-20.93,-112.1575,-23.1
10342,999609,0.262788,-0.9289081,-1.189012,-30.555,-151.7075,-21.0525
10343,999706,0.23668,-0.8532681,-1.039196,-53.5675,-191.2575,-16.3975
10344,999803,0.20862,-0.72956,-0.903532,-69.66751,-222.9675,-6.2125
10345,999899,0.24034,-0.624396,-0.76616,-71.4875,-244.7375,9.1
10346,999996,0.169824,-0.571936,-0.604144,-65.29251,-260.5925,27.615
10347,1000092,0.154696,-0.54778,-0.483608,-59.2375,-267.1025,44.3975
10348,1000189,0.211548,-0.513864,-0.443836,-59.2725,-264.985,55.51
10349,1000286,0.38552,-0.517036,-0.492392,-62.2475,-259.3325,59.78
10350,1000382,0.508984,-0.496296,-0.588284,-65.24,-257.3725,62.6325
10351,1000479,0.4941,-0.4392,-0.603168,-63.4025,-260.6275,68.985
10352,1000575,0.529236,-0.401624,-0.57462,-56.875,-258.3875,76.2125
10353,1000672,0.616344,-0.45384,-0.6588,-46.445,-247.8875,79.6425
10354,1000769,0.756644,-0.504592,-0.745664,-37.3275,-241.64,81.46251
10355,1000865,0.9577,-0.600972,-0.85522,-27.1425,-239.0675,88.9
10356,1000962,0.994056,-0.708576,-0.81374,-19.3725,-246.155,103.425
10357,1001058,0.959408,-0.760792,-0.7700641,-17.9725,-247.59,120.7675
10358,1001155,0.983808,-0.747128,-0.7788481,-21.1225,-239.225,136.605
10359,1001252,1.032852,-0.786656,-0.820328,-22.19,-227.955,149.135
10360,1001348,1.083604,-0.8100801,-0.8479,-22.9425,-215.5475,159.0575
10361,1001445,1.2017,-0.881572,-0.875472,-24.1325,-201.81,168.63
10362,1001541,1.44326,-0.9906401,-0.885964,-25.9175,-186.9175,177.0825
10363,1001638,1.735816,-1.070184,-0.828868,-30.5375,-175.8225,185.85
10364,1001735,2.043988,-0.805688,-0.80154,-40.25,-166.145,196.2275
10365,1001831,2.538088,-0.539972,-0.799344,-42.0175,-159.005,204.19
10366,1001928,3.1842,-0.31842,-0.797148,-39.8475,-164.6925,200.445
10367,1002024,3.499936,-0.362096,0.3477,-54.845,-193.4975,182.2275
10368,1002121,2.933612,0.786656,0.7659161,-148.2425,-178.5175,112.245
10369,1002218,3.957924,1.248304,0.8708361,-128.905,-163.975,66.0275
10370,1002314,3.2513,0.448472,1.873676,-56.6475,-173.985,41.8775
10371,1002411,2.91458,0.39772,2.605188,-18.3575,-146.2825,14.2275
10372,1002507,2.941908,0.21594,3.097336,7.3675,-40.565,3.2725
10373,1002604,3.75638,0.137372,3.395504,40.845,95.585,23.975
10374,1002701,1.896368,-0.166408,-1.747772,56.7,220.4125,43.96
10375,1002797,1.367132,0.0854,-3.462848,52.36,225.9775,35.0525
10376,1002894,0.830576,1.342488,-0.922564,-8.5575,128.1175,-23.0825
10377,1002991,1.024556,-0.421144,-1.01382,61.6525,140.735,-41.965
10378,1003087,0.323544,-0.592432,-0.75396,68.565,125.5275,-19.3725
10379,1003184,0.591456,-0.36356,-0.738588,49.9975,127.715,-17.01
10380,1003280,1.437404,-0.610732,-1.118496,48.7025,139.8775,-25.7775
10381,1003377,1.261968,-1.332728,-1.007476,18.6725,90.8775,-46.2875
10382,1003474,0.810568,-0.562664,-0.770308,-36.085,41.685,-42.9975
10383,1003570,0.88816,0.016104,-1.095804,-56.0,26.425,-39.97
10384,1003667,0.7564001,-0.23058,-0.836188,-36.6275,13.8425,-26.88
10385,1003763,0.59536,-0.375272,-0.7856801,-24.3425,-2.45,-18.0075
10386,1003860,0.60268,-0.268156,-0.8025161,-27.265,4.7425,-12.95
10387,1003957,0.597068,-0.223016,-0.864736,-22.6275,-1.2775,-12.005
10388,1004053,0.5429,-0.167628,-0.853756,-18.305,-1.96,-9.135
10389,1004150,0.522648,-0.202032,-0.8298441,-11.2,-3.3775,-6.5625
10390,1004247,0.49898,-0.230824,-0.8142281,-6.9475,-1.7325,-4.095
10391,1004343,0.503616,-0.2623,-0.8039801,-3.7975,-0.665,-3.5525
10392,1004440,0.523868,-0.244732,-0.807152,-2.45,0.1225,-3.1325
10393,1004536,0.515328,-0.238632,-0.800808,-0.63,0.14,-2.2575
10394,1004633,0.501908,-0.265716,-0.792756,0.9275,0.0,-0.945
10395,1004730,0.499468,-0.286212,-0.780068,1.225,0.035,-0.7875
10396,1004826,0.52216,-0.29646,-0.803248,1.3475,-0.455,-2.24
10397,1004923,0.516792,-0.2623,-0.764452,3.2725,-1.19,-3.2725
10398,1005019,0.492636,-0.256688,-0.769576,4.2,-2.45,-4.2
10399,1005116,0.5429,-0.258152,-0.7754321,4.025,2.38,-5.5475
10400,1005213,0.488976,-0.272548,-0.7617681,5.6525,-3.745,-7.105
10401,1005309,0.476776,-0.282308,-0.787876,5.6525,-1.61,-8.7325
10402,1005406,0.5058121,-0.273768,-0.777872,5.74,1.4,-10.3425
10403,1005502,0.5077641,-0.2623,-0.7515201,5.3025,3.465,-11.27
10404,1005599,0.51362,-0.238632,-0.768356,3.1325,3.2025,-11.935
10405,1005696,0.51972,-0.222772,-0.776896,1.7675,3.64,-11.97
10406,1005792,0.522892,-0.202764,-0.790072,1.1725,4.0075,-11.515
10407,1005889,0.523868,-0.243756,-0.783484,2.0475,4.865,-10.78
10408,1005985,0.52094,-0.265716,-0.774944,3.2725,5.5125,-10.9725
10409,1006082,0.530212,-0.239608,-0.7795801,2.17,7.14,-11.7775
10410,1006179,0.5214281,-0.231068,-0.787876,2.485,8.645,-11.9875
10411,1006275,0.5185,-0.242048,-0.7895841,3.01,10.4825,-11.8825
10412,1006372,0.5248441,-0.263276,-0.779824,3.255,12.95,-12.495
10413,1006468,0.510204,-0.28182,-0.768112,1.6275,16.6075,-14.49
10414,1006565,0.508008,-0.288408,-0.756644,0.0,20.7375,-16.66
10415,1006662,0.54534,-0.287432,-0.772504,-3.045,26.7925,-19.145
10416,1006758,0.560224,-0.169092,-0.821304,-3.3075,32.165,-19.81
10417,1006855,0.543876,-0.216916,-0.828624,4.8825,36.1375,-17.955
10418,1006952,0.547292,-0.332084,-0.823744,15.96,42.14,-16.24
10419,1007048,0.580232,-0.148596,-0.8601,11.1825,51.59,-14.2275
10420,1007145,0.5511961,-0.223016,-0.827892,16.38,61.1625,-11.095
10421,1007241,0.57096,-0.192516,-0.84546,19.215,73.99,-6.1425
10422,1007338,0.552172,-0.185684,-0.847412,22.2775,88.04251,-2.0825
10423,1007435,0.5553441,-0.1586,-0.862784,24.3775,102.725,1.0325
10424,1007531,0.548756,-0.152744,-0.8842561,30.2225,117.635,4.34
10425,1007628,0.56852,-0.1647,-0.9106081,38.3425,134.61,7.98
10426,1007724,0.5246,-0.194468,-0.945256,45.92,154.595,9.3975
10427,1007821,0.49288,-0.18422,-1.009184,54.145,180.3725,9.8525
10428,1007918,0.452376,-0.24156,-1.059936,67.5325,213.675,9.17
10429,1008014,0.394792,-0.282552,-1.060668,80.955,254.9575,3.36
10430,1008111,0.457744,-0.264252,-1.082628,97.825,304.9025,-6.405
10431,1008207,0.633668,-0.415044,-1.241472,121.03,357.2275,-19.3725
10432,1008304,1.301496,-0.619028,-1.562332,144.865,403.025,-29.4525
10433,1008401,1.5799,-0.6795401,-1.558672,158.76,426.0375,-39.6725
10434,1008497,1.452044,-0.769576,-1.757776,178.5175,433.4225,-52.36
10435,1008594,1.86904,-0.8703481,-1.934676,201.53,426.86,-57.855
10436,1008690,1.865136,-0.823744,-1.862452,213.5525,387.8875,-66.5
10437,1008787,1.730936,-0.847412,-2.1106,212.38,325.78,-88.25251
10438,1008884,0.9989361,-0.562908,-1.911008,200.305,234.3425,-107.205
10439,1008980,-1.055056,-0.38186,-2.32532,175.49,136.71,-116.97
10440,1009077,2.173552,-1.334192,-3.123688,155.9775,69.79,-122.0625
10441,1009173,-0.387716,-0.9691681,-1.875628,72.87,-71.1025,-169.5225
10442,1009270,-0.69906,-0.681248,-1.233176,14.8225,-142.1525,-188.9825
10443,1009367,0.262544,-0.785924,-1.465952,10.9375,-100.8875,-170.1525
10444,1009463,0.182268,-1.000156,-1.206824,16.73,-132.1075,-123.5675
10445,1009560,-0.016592,-1.160708,-0.9906401,8.05,-162.54,-77.245
10446,1009656,0.159332,-1.10776,-0.947452,-22.4,-176.505,-41.9475
10447,1009753,0.144448,-0.7986121,-0.8842561,-57.5925,-195.09,-15.435
10448,1009850,0.1281,-0.49898,-0.8193521,-73.78,-215.1625,7.63
10449,1009946,0.092232,-0.333304,-0.723948,-69.16,-230.755,24.92
10450,1010043,0.080764,-0.294508,-0.648308,-58.135,-243.005,35.4025
10451,1010139,0.153232,-0.29646,-0.604388,-55.0375,-250.4075,38.185
10452,1010236,0.256444,-0.285236,-0.61,-60.5675,-257.2325,33.74
10453,1010333,0.317932,-0.266448,-0.607804,-66.325,-265.23,27.6325
10454,1010429,0.373564,-0.286944,-0.563396,-63.2275,-269.64,27.09
10455,1010526,0.416752,-0.388692,-0.547048,-55.65,-267.4525,32.41
10456,1010622,0.488,-0.447008,-0.655628,-52.675,-259.3675,39.655
10457,1010719,0.769332,-0.484096,-0.850584,-48.6325,-252.63,49.5425
10458,1010816,0.930128,-0.518256,-0.907436,-37.6775,-259.6125,65.415
10459,1010912,0.903288,-0.60268,-0.8708361,-25.4275,-272.93,84.28
10460,1011009,0.88328,-0.60024,-0.875228,-18.795,-276.5875,100.5375
10461,1011105,1.0309,-0.605608,-0.951356,-14.5775,-274.0325,110.285
10462,1011202,1.171932,-0.582916,-1.06262,-7.77,-274.3125,116.34
10463,1011298,1.256356,-0.661972,-1.11752,2.3975,-281.085,119.2975
10464,1011395,1.322724,-0.74298,-1.132648,9.7475,-287.7175,119.9275
10465,1011492,1.42496,-0.828868,-1.10532,14.07,-289.0825,120.3475
10466,1011588,1.58966,-0.968192,-1.032608,17.1675,-283.43,122.36
10467,1011685,1.817068,-1.11996,-0.91134,16.9225,-272.86,126.1925
10468,1011781,2.105476,-1.080676,-0.724436,12.1275,-257.3025,133.1575
10469,1011878,2.366312,-0.521916,-0.63562,9.17,-235.41,146.37
10470,1011975,2.593964,-0.599264,-0.573156,25.34,-210.805,157.535
10471,1012071,3.188836,-0.085156,0.09638,8.12,-177.7825,146.3875
10472,1012168,4.165812,-0.057584,-0.003172,-36.05,-152.0575,124.74
10473,1012264,3.700504,-0.08857201,0.810324,-71.71501,-182.42,119.7175
10474,1012361,2.952644,0.345748,1.613816,-100.9225,-204.8025,93.94
10475,1012458,2.965332,0.523868,2.051308,-83.685,-149.3625,68.39
10476,1012554,3.336456,0.044164,2.594208,-21.6825,-83.4575,64.435
10477,1012651,3.1598,0.336476,3.218848,-13.895,8.645,74.83
10478,1012747,1.481568,1.029436,1.636264,-16.415,146.16,98.07
10479,1012844,1.235128,0.485804,-3.809084,44.24,295.2775,95.9875
10480,1012941,1.067012,1.810236,-2.130364,-4.515,242.7425,18.7775
10481,1013037,1.538176,1.018212,-1.179008,20.6325,204.12,-52.57
10482,1013134,1.132892,-0.425292,-1.456924,90.37001,190.12,-61.0225
10483,1013230,0.518012,-0.724924,-0.654896,75.8625,156.6425,-49.91
10484,1013327,0.926468,-0.71614,-0.800808,71.015,170.835,-35.105
10485,1013423,0.7617681,-0.50752,-0.898164,57.8375,157.5525,-32.7425
10486,1013520,1.348588,-0.803492,-1.082384,42.7525,144.095,-46.69
10487,1013617,1.422276,-1.58722,-0.913292,8.33,115.115,-58.2575
10488,1013713,0.9952761,-0.5648601,-0.813008,-62.4225,58.415,-52.675
10489,1013810,0.724924,-0.008784,-1.051884,-79.66001,33.9675,-53.2
10490,1013906,0.888648,-0.38186,-0.8388721,-60.27,25.4975,-40.285
10491,1014003,0.670512,-0.227896,-0.908168,-51.2925,6.4575,-30.1
10492,1014100,0.616344,-0.196664,-0.899384,-45.395,7.8925,-23.1525
10493,1014196,0.624152,-0.153476,-0.91378,-32.165,1.015,-18.0075
10494,1014293,0.532164,-0.171044,-0.858636,-21.0875,-2.835,-12.9325
10495,1014389,0.54656,-0.179584,-0.853756,-12.3375,-0.1575,-7.8225
10496,1014486,0.526064,-0.200324,-0.836676,-5.7575,0.6125,-4.55
10497,1014583,0.534116,-0.204228,-0.8169121,-0.805,0.875,-1.5225
10498,1014679,0.539484,-0.26474,-0.812276,2.1175,2.8175,1.26
10499,1014776,0.506056,-0.231556,-0.797636,5.8625,2.6775,3.0625
10500,1014872,0.47946,-0.244244,-0.792756,7.63,2.45,3.4825
10501,1014969,0.492392,-0.241072,-0.805932,8.12,3.6225,3.3425
10502,1015066,0.52826,-0.241804,-0.828868,11.1475,4.5325,2.87
10503,1015162,0.51118,-0.291336,-0.7666481,17.3425,4.4625,2.45
10504,1015259,0.482144,-0.288408,-0.7617681,19.1625,3.4825,1.2425
10505,1015355,0.477508,-0.277916,-0.748348,18.725,4.1825,-1.015
10506,1015452,0.48922,-0.30134,-0.7522521,17.78,6.125,-3.99
10507,1015549,0.448472,-0.327204,-0.733708,14.945,5.0925,-7.4375
10508,1015645,0.467016,-0.3233,-0.7259001,9.03,3.675,-11.76
10509,1015742,0.484584,-0.292068,-0.732976,1.6625,3.64,-15.5925
10510,1015838,0.508984,-0.260104,-0.7503,-2.9225,3.9375,-17.64
10511,1015935,0.51606,-0.204716,-0.79056,-6.3,4.2175,-17.5875
10512,1016032,0.525576,-0.188612,-0.809836,-5.425,5.7575,-15.5575
10513,1016128,0.534116,-0.243268,-0.785924,-2.4675,8.26,-14.14
10514,1016225,0.538508,-0.274744,-0.76494,-1.75,9.3975,-13.51
10515,1016321,0.517036,-0.266448,-0.769332,-2.1,10.6575,-13.8775
10516,1016418,0.530456,-0.266692,-0.787632,-2.38,12.495,-13.86
10517,1016515,0.50264,-0.2501,-0.780312,-0.665,13.405,-14.4375
10518,1016611,0.483608,-0.32086,-0.777872,-0.805,17.5,-16.695
10519,1016708,0.5063,-0.307684,-0.770308,-2.2575,23.45,-20.055
10520,1016804,0.490684,-0.270596,-0.7903161,-4.0075,31.325,-23.6075
10521,1016901,0.605364,-0.102968,-0.837164,-2.0825,36.645,-23.835
10522,1016997,0.552416,-0.254736,-0.835212,10.7275,41.09,-21.735
10523,1017094,0.5309441,-0.322324,-0.85522,18.0425,50.8025,-18.1475
10524,1017191,0.58194,-0.137616,-0.9023121,14.21,64.085,-15.085
10525,1017287,0.5594921,-0.172508,-0.902068,23.9575,79.31,-9.1
10526,1017384,0.545584,-0.165432,-0.923052,29.085,98.2975,-1.61
10527,1017480,0.539484,-0.150792,-0.942572,35.56,120.1375,5.635
10528,1017577,0.544852,-0.126148,-0.9613601,45.43,143.465,12.3025
10529,1017674,0.503372,-0.177388,-0.9947881,59.92,167.2125,17.15
10530,1017770,0.448228,-0.184708,-1.03944,71.92501,194.32,19.81
10531,1017867,0.431392,-0.205936,-1.086044,86.835,230.1775,19.5125
10532,1017964,0.34404,-0.245464,-1.125084,105.035,275.52,15.785
10533,1018060,0.363316,-0.245952,-1.13338,124.215,329.6125,7.91
10534,1018157,0.583648,-0.271572,-1.264652,153.37,389.7425,-2.135
10535,1018253,1.35176,-0.629764,-1.659444,194.8975,441.1575,-11.935
10536,1018350,1.62626,-0.82228,-1.716052,219.1525,466.2175,-18.69
10537,1018447,1.750212,-0.8908441,-1.892708,234.115,468.8775,-34.0025
10538,1018543,1.935652,-0.9140241,-1.993236,252.8925,451.605,-47.6
10539,1018640,1.998116,-0.9394,-1.933944,257.6,404.3025,-65.3275
10540,1018736,1.570872,-0.692716,-2.204052,252.7175,329.175,-89.25
10541,1018833,0.8113001,-0.326716,-2.08864,243.6525,226.52,-108.8325
10542,1018930,-0.409188,-0.226432,-2.331176,227.745,108.3075,-123.83
10543,1019026,2.310192,-1.91052,-2.967772,204.645,42.5775,-159.1275
10544,1019123,-0.550952,-1.203896,-1.52012,75.9325,-140.665,-212.3275
10545,1019219,-0.465552,-0.974292,-1.143384,1.4,-180.635,-220.885
10546,1019316,0.205936,-1.023092,-1.191208,-18.7425,-147.7175,-193.6025
10547,1019413,0.08052,-1.091656,-0.945256,-29.19,-171.1675,-144.655
10548,1019509,-0.033184,-1.095316,-0.818376,-39.7075,-187.53,-93.7475
10549,1019606,0.064904,-0.9772201,-0.779824,-57.33,-196.875,-51.3625
10550,1019702,0.110288,-0.769576,-0.736392,-72.9925,-208.53,-18.2525
10551,1019799,0.185928,-0.604144,-0.710772,-77.98,-223.3,10.0625
10552,1019896,0.183,-0.449448,-0.648552,-74.9,-240.45,33.1975
10553,1019992,0.098576,-0.335988,-0.534116,-68.845,-257.1975,49.245
10554,1020089,0.107116,-0.277428,-0.487024,-67.305,-265.65,55.23
10555,1020185,0.223748,-0.232776,-0.49898,-70.8225,-268.3275,50.5575
10556,1020282,0.3416,-0.220088,-0.575596,-72.765,-271.5825,39.7775
10557,1020379,0.399428,-0.232776,-0.61,-69.9825,-278.3725,31.3075
10558,1020475,0.413336,-0.16714,-0.585112,-62.8425,-282.345,27.37
10559,1020572,0.513376,-0.176412,-0.662704,-47.6,-278.11,25.62
10560,1020668,0.731512,-0.281088,-0.8052,-21.9275,-272.5625,27.8425
10561,1020765,0.9516,-0.510692,-0.86864,3.22,-276.4125,37.5725
10562,1020862,1.007476,-0.661728,-0.86742,13.86,-286.0025,53.97
10563,1020958,0.970876,-0.627568,-0.836676,12.5125,-291.2875,70.9275
10564,1021055,1.050664,-0.558516,-0.891088,15.0325,-286.195,85.47
10565,1021151,1.146556,-0.61122,-0.983564,27.7375,-280.2275,98.5075
10566,1021248,1.301496,-0.758596,-1.02968,39.7075,-276.885,111.265
10567,1021344,1.43594,-0.9274441,-0.9952761,41.7725,-274.5575,125.9125
10568,1021441,1.597712,-1.110444,-0.9433041,33.355,-268.5725,141.8025
10569,1021538,1.875384,-1.246108,-0.844972,15.4175,-256.865,159.8275
10570,1021634,2.151104,-1.001132,-0.775188,-8.3125,-240.6425,180.005
10571,1021731,2.556144,-0.57706,-0.777628,-21.5425,-219.835,198.87
10572,1021827,3.14272,-0.277916,-0.679296,-17.36,-204.96,208.39
10573,1021924,3.279604,-0.696376,-0.282064,-19.8975,-213.0625,204.2775
10574,1022021,3.135888,0.07564,0.656848,-87.81501,-206.8675,166.3025
10575,1022117,3.676104,0.5397281,0.7366361,-160.125,-177.24,103.705
10576,1022214,3.339628,0.715408,1.365424,-151.13,-165.2875,69.86
10577,1022311,2.851872,0.296704,2.236016,-66.01,-160.9125,54.7575
10578,1022407,2.997296,-0.230336,2.817956,-5.845,-77.14,49.4725
10579,1022504,3.1659,0.103944,3.164192,-8.82,30.03,51.38
10580,1022600,2.130364,0.332816,2.112796,-7.105,170.94,75.28501
10581,1022697,1.562088,0.02684,-3.609248,18.9875,295.995,78.9075
10582,1022794,1.345416,1.398364,-2.429752,-26.915,252.8575,24.8675
10583,1022890,1.386652,1.220976,-0.993568,-18.2875,181.0375,-32.1825
10584,1022987,1.092876,-0.077104,-1.517436,52.4825,180.1975,-42.07
10585,1023083,0.288164,-0.259128,-0.730536,50.995,148.715,-39.55
10586,1023180,0.705648,-0.404064,-0.68808,54.495,158.6725,-36.855
10587,1023277,1.01382,-0.459208,-0.856196,53.025,160.3,-38.955
10588,1023373,1.410076,-1.172176,-1.26392,32.55,139.615,-56.1225
10589,1023470,1.508164,-1.322968,-0.879376,-29.575,80.5875,-66.045
10590,1023566,0.8820601,-0.355508,-0.9821,-84.91,25.34,-54.565
10591,1023663,0.906216,0.183,-1.052128,-79.1525,19.8275,-45.885
10592,1023760,0.673928,-0.276208,-0.82838,-44.135,-11.445,-35.875
10593,1023856,0.6653881,-0.20862,-0.844484,-40.0225,-12.7575,-24.0975
10594,1023953,0.582428,-0.218136,-0.8471681,-32.48,-11.5675,-17.7275
10595,1024049,0.5368,-0.195688,-0.844972,-22.19,-9.4325,-11.445
10596,1024146,0.525332,-0.173972,-0.8388721,-15.4875,-6.265,-7.07
10597,1024243,0.501908,-0.202764,-0.8400921,-8.855,-5.5125,-4.48
10598,1024339,0.518256,-0.178364,-0.8364321,-5.18,-4.5325,-3.3775
10599,1024436,0.510936,-0.152256,-0.839116,-0.5425,-2.87,-1.4875
10600,1024533,0.495808,-0.18056,-0.837652,4.62,-0.56,0.735
10601,1024629,0.494832,-0.212524,-0.81984,8.61,1.26,2.3275
10602,1024726,0.496784,-0.24156,-0.79056,10.4125,2.765,2.3275
10603,1024822,0.507032,-0.254248,-0.7747001,10.2725,2.45,1.4525
10604,1024919,0.52582,-0.251076,-0.7712841,10.4125,0.735,0.455
10605,1025016,0.474092,-0.248636,-0.8337481,10.85,-0.9275,-0.4725
10606,1025112,0.483364,-0.251564,-0.792512,13.3875,-3.255,-1.19
10607,1025209,0.489708,-0.284992,-0.771772,9.2925,-2.9925,-3.4125
10608,1025305,0.49898,-0.26718,-0.7612801,7.6825,-2.065,-6.5625
10609,1025402,0.508496,-0.245952,-0.77348,5.7925,-1.1725,-8.9425
10610,1025499,0.5063,-0.21228,-0.7808001,4.5325,-2.7475,-9.5375
10611,1025595,0.499956,-0.189832,-0.8025161,3.535,-3.36,-9.905
10612,1025692,0.500688,-0.20496,-0.806176,3.885,-2.5375,-9.6775
10613,1025788,0.505324,-0.217648,-0.8147161,3.7275,-0.1925,-8.96
10614,1025885,0.50874,-0.222772,-0.796904,4.445,2.17,-8.4525
10615,1025982,0.53314,-0.235704,-0.789828,5.145,4.795,-8.26
10616,1026078,0.50752,-0.244,-0.7856801,5.5125,6.195,-8.7675
10617,1026175,0.472384,-0.22692,-0.8147161,5.39,7.77,-8.89
10618,1026271,0.522648,-0.218868,-0.8169121,5.81,11.305,-8.4525
10619,1026368,0.438224,-0.284748,-0.788852,6.755,16.065,-9.8
10620,1026465,0.470676,-0.279868,-0.790804,4.8475,25.2875,-11.795
10621,1026561,0.5119121,-0.252052,-0.8113001,5.635,35.0875,-14.595
10622,1026658,0.463356,-0.273524,-0.827892,10.2725,40.6,-18.655
10623,1026754,0.513376,-0.171776,-0.8508281,11.585,48.2125,-20.7725
10624,1026851,0.546072,-0.20862,-0.85156,13.0725,60.9175,-18.9875
10625,1026948,0.555588,-0.121268,-0.8723001,19.425,70.42,-17.0275
10626,1027044,0.555832,-0.117852,-0.8888921,21.21,84.245,-12.075
10627,1027141,0.532408,-0.154208,-0.884988,25.6725,101.5175,-4.9875
10628,1027237,0.53192,-0.15372,-0.915244,28.28,120.5925,0.1225
10629,1027334,0.52338,-0.140788,-0.92964,33.845,139.5975,3.745
10630,1027431,0.552172,-0.169824,-0.9506241,43.505,161.5425,7.2275
10631,1027527,0.528748,-0.16348,-0.969412,53.97,184.9225,9.03
10632,1027624,0.490928,-0.162748,-1.019188,68.65251,209.7725,10.9025
10633,1027721,0.458232,-0.156404,-1.040416,83.44001,243.7575,9.94
10634,1027817,0.429196,-0.235948,-1.059448,103.4425,288.1375,5.705
10635,1027914,0.564128,-0.355508,-1.139724,123.06,342.2475,-3.745
10636,1028010,0.616344,-0.419192,-1.42008,145.25,396.4975,-15.89
10637,1028107,1.315404,-0.580964,-1.475956,168.4375,436.6425,-29.6275
10638,1028204,1.42862,-0.7617681,-1.626992,180.25,458.815,-51.03
10639,1028300,1.658712,-0.878888,-1.922232,194.88,471.695,-67.6025
10640,1028397,2.203076,-0.9506241,-2.012756,223.6325,460.9325,-70.4025
10641,1028493,2.154276,-0.904752,-2.142808,237.2825,406.14,-79.9925
10642,1028590,1.6531,-0.683932,-2.402668,242.2,321.7025,-98.5075
10643,1028687,0.484584,-0.130052,-1.969812,239.5225,201.3725,-115.99
10644,1028783,-0.044652,-0.122,-2.27164,234.5175,110.5125,-131.7575
10645,1028880,2.25212,-1.88856,-2.979484,223.8425,60.0425,-163.1175
10646,1028976,-0.6470881,-1.316868,-1.35298,97.12501,-147.07,-198.345
10647,1029073,-0.518744,-0.9845401,-1.102148,20.8425,-155.4175,-203.14
10648,1029170,0.318664,-0.9084121,-1.217804,1.47,-119.7525,-171.6925
10649,1029266,0.18178,-1.071892,-1.002108,4.9175,-146.44,-114.1525
10650,1029363,0.07808001,-1.25294,-0.877424,-1.785,-173.565,-58.94
10651,1029459,0.210572,-1.091412,-0.8481441,-36.2775,-193.76,-20.895
10652,1029556,0.2196,-0.73444,-0.8047121,-71.92501,-217.5075,5.7225
10653,1029653,0.257176,-0.429684,-0.742492,-84.9275,-241.9025,28.385
10654,1029749,0.21594,-0.238632,-0.630496,-77.8225,-264.845,44.9925
10655,1029846,0.124928,-0.165676,-0.490684,-63.0175,-282.135,53.6025
10656,1029942,0.105652,-0.179828,-0.397476,-52.7975,-289.5025,53.4275
10657,1030039,0.240828,-0.249124,-0.38796,-52.8325,-287.6475,44.45
10658,1030136,0.404308,-0.27938,-0.485072,-60.4975,-284.8475,31.5175
10659,1030232,0.482876,-0.267912,-0.527772,-66.1325,-286.44,25.095
10660,1030329,0.544364,-0.265228,-0.512644,-61.2675,-285.1275,29.085
10661,1030425,0.66246,-0.325496,-0.5694961,-47.2675,-275.9575,39.2175
10662,1030522,0.783972,-0.47214,-0.709796,-30.835,-267.96,50.7325
10663,1030619,0.9228081,-0.559004,-0.8271601,-18.235,-265.7725,64.4875
10664,1030715,1.011136,-0.653432,-0.86742,-8.8725,-271.39,80.97251
10665,1030812,0.964288,-0.6231761,-0.8291121,-3.64,-279.2825,96.72251
10666,1030909,1.061156,-0.606096,-0.830332,1.155,-279.3875,108.4475
10667,1031005,1.264896,-0.6034121,-0.9479401,13.055,-274.995,119.1225
10668,1031102,1.37128,-0.753716,-0.960628,26.6525,-278.705,129.1675
10669,1031198,1.428132,-0.9357401,-0.899872,30.59,-281.435,141.54
10670,1031295,1.55794,-1.094828,-0.8215481,20.7375,-276.6225,157.0275
10671,1031391,1.750456,-1.03944,-0.752496,1.855,-262.71,174.65
10672,1031488,1.975912,-0.730292,-0.720044,-12.775,-243.4075,191.1175
10673,1031585,2.275788,-0.425536,-0.632936,-14.2275,-222.32,200.1475
10674,1031681,2.620316,-0.09247601,-0.484584,-10.3775,-201.7575,197.54
10675,1031778,2.948984,0.118096,-0.287432,-6.7025,-184.24,183.75
10676,1031875,3.22812,0.163724,-0.166164,-12.18,-174.93,159.9325
10677,1031971,3.363052,0.12688,0.026352,-35.1925,-179.6025,129.99
10678,1032068,3.058052,-0.059536,0.781044,-76.7375,-195.8775,88.18251
10679,1032164,2.792336,0.406504,1.332972,-138.5825,-174.02,27.79
10680,1032261,2.806488,0.7705521,1.618696,-119.8225,-126.77,-8.925
10681,1032358,2.619828,0.018056,2.246996,-23.31,-76.055,-5.7575
10682,1032454,3.005836,-0.304756,2.820152,15.2775,20.9475,22.82
10683,1032551,1.209752,0.288408,1.964444,-6.1775,139.335,61.8975
10684,1032647,1.140212,0.073932,-2.857484,23.345,281.435,94.30751
10685,1032744,1.315404,0.808372,-2.665944,6.7025,273.4025,55.0375
10686,1032841,1.29808,1.281,-0.9252481,-17.3425,195.58,-8.33
10687,1032937,1.408368,0.089304,-1.547204,43.26,194.635,-37.6075
10688,1033034,0.692228,-0.302072,-1.087264,51.7825,166.985,-40.3375
10689,1033130,0.7224841,-0.431392,-0.716384,45.29,153.5625,-37.03
10690,1033227,0.911828,-0.422364,-0.9250041,45.01,158.6025,-32.6025
10691,1033324,1.157536,-0.400404,-1.014552,36.085,138.6,-40.1275
10692,1033420,1.26758,-1.106784,-1.308084,16.135,111.4925,-55.5625
10693,1033517,1.132892,-0.9018241,-0.798368,-38.01,57.47,-56.3325
10694,1033613,0.9520881,-0.25376,-1.109956,-68.3725,24.57,-49.9975
10695,1033710,0.953308,-0.0671,-1.00284,-62.5625,14.91,-38.7975
10696,1033807,0.602436,-0.3294,-0.79056,-39.4975,-11.69,-29.575
10697,1033903,0.601216,-0.241072,-0.8591241,-39.2875,-7.49,-20.7725
10698,1034000,0.581452,-0.230092,-0.8481441,-31.185,-8.995,-16.59
10699,1034096,0.5309441,-0.178608,-0.834968,-26.1625,-6.545,-12.8625
10700,1034193,0.5363121,-0.17446,-0.845704,-20.0025,-6.0725,-9.765
10701,1034290,0.578768,-0.174216,-0.837164,-13.6675,-3.2025,-7.3675
10702,1034386,0.513132,-0.215696,-0.8086161,-7.35,-4.795,-4.725
10703,1034483,0.50508,-0.207156,-0.809348,-5.81,-1.925,-3.325
10704,1034579,0.5016641,-0.208132,-0.8086161,-4.0075,-2.4325,-2.7125
10705,1034676,0.49532,-0.215452,-0.810568,-2.4675,-1.995,-2.1875
10706,1034773,0.486536,-0.213988,-0.8142281,-0.91,-1.5225,-2.03
10707,1034869,0.515328,-0.216428,-0.79666,0.9275,-1.05,-2.2925
10708,1034966,0.5172801,-0.231556,-0.787388,1.8375,-2.73,-2.7825
10709,1035062,0.52338,-0.228628,-0.790072,1.6975,-4.97,-3.4825
10710,1035159,0.511424,-0.197396,-0.798124,2.4325,-6.4575,-3.29
10711,1035256,0.497028,-0.245708,-0.797148,4.6025,-8.155,-3.3075
10712,1035352,0.495076,-0.262544,-0.772504,5.915,-8.2075,-4.2
10713,1035449,0.49044,-0.227408,-0.788364,5.845,-6.895,-5.495
10714,1035545,0.505568,-0.240096,-0.7944641,6.8075,-6.825,-6.72
10715,1035642,0.498248,-0.216916,-0.7890961,6.195,-5.005,-6.895
10716,1035739,0.498736,-0.16104,-0.815448,5.775,-2.94,-6.4575
10717,1035835,0.510692,-0.180316,-0.814472,7.6825,0.525,-4.69
10718,1035932,0.5124001,-0.216184,-0.797636,10.3425,4.1125,-3.395
10719,1036028,0.496296,-0.2257,-0.7986121,10.7625,6.0375,-3.6575
10720,1036125,0.508252,-0.248636,-0.78446,10.6925,8.05,-4.445
10721,1036222,0.491172,-0.251808,-0.79422,9.6075,9.6425,-5.7225
10722,1036318,0.473848,-0.256932,-0.80764,8.4525,13.1425,-7.07
10723,1036415,0.475068,-0.273524,-0.811544,8.225,19.3725,-8.4875
10724,1036512,0.47214,-0.2989,-0.797148,7.2975,27.4925,-10.5
10725,1036608,0.485316,-0.285236,-0.8113001,6.23,36.33,-13.4225
10726,1036705,0.51484,-0.17568,-0.8479,7.35,44.7475,-16.415
10727,1036801,0.436272,-0.281088,-0.838628,14.63,52.7975,-18.655
10728,1036898,0.588284,-0.117608,-0.88328,13.2475,65.625,-16.3975
10729,1036994,0.537044,-0.171044,-0.866932,23.66,76.30001,-14.0
10730,1037091,0.562908,-0.108824,-0.894504,23.52,90.44001,-9.4675
10731,1037188,0.523624,-0.16348,-0.896944,29.89,106.5925,-3.71
10732,1037284,0.518012,-0.156648,-0.9237841,33.4775,126.56,1.1025
10733,1037381,0.526552,-0.14518,-0.9391561,41.0025,149.1875,4.8125
10734,1037477,0.531188,-0.191296,-0.973316,51.4675,172.935,7.595
10735,1037574,0.50142,-0.198372,-1.006744,63.14,196.28,9.135
10736,1037671,0.450668,-0.229604,-1.08458,76.895,224.63,9.7125
10737,1037767,0.375516,-0.29158,-1.045296,89.53,263.025,4.655
10738,1037864,0.415776,-0.273768,-1.042856,105.42,311.2725,-5.0925
10739,1037960,0.554368,-0.376248,-1.137284,126.1225,362.8625,-17.15
10740,1038057,0.9394,-0.519476,-1.486448,153.7725,411.0925,-28.2975
10741,1038154,1.55794,-0.585844,-1.587708,170.0475,441.4375,-41.4925
10742,1038250,1.567456,-0.743224,-1.716784,182.77,452.4625,-55.3175
10743,1038347,1.989576,-0.9181721,-1.98006,198.73,447.16,-64.12
10744,1038443,2.023736,-0.798856,-1.79096,209.7375,407.0325,-71.155
10745,1038540,1.853424,-0.791048,-2.119872,208.18,344.575,-90.825
10746,1038637,1.116788,-0.473116,-2.013732,213.9725,250.67,-106.295
10747,1038733,-0.827404,0.104676,-2.230892,211.9425,145.2325,-116.2875
10748,1038830,1.845372,-0.995032,-3.019256,211.3825,60.025,-130.235
10749,1038926,0.396988,-1.293444,-2.238212,151.095,-40.53,-173.32
10750,1039023,-0.791048,-0.904752,-1.214144,59.815,-170.5725,-197.6625
10751,1039120,0.063684,-0.798124,-1.413004,18.2175,-124.9325,-187.1975
10752,1039216,0.281332,-0.8569281,-1.277096,13.0375,-142.1,-146.7025
10753,1039313,-0.005856,-0.9516,-1.02846,11.7775,-176.6625,-97.335
10754,1039409,0.057096,-0.935984,-0.941596,-0.455,-192.78,-55.1425
10755,1039506,0.110288,-0.738344,-0.87108,-22.5225,-206.6225,-23.4325
10756,1039603,0.09784401,-0.504836,-0.7956841,-37.3975,-223.3525,3.29
10757,1039699,0.11468,-0.329888,-0.74664,-38.71,-237.1425,25.1125
10758,1039796,0.086864,-0.243756,-0.675148,-32.5325,-249.9875,41.3525
10759,1039892,0.083448,-0.213012,-0.604144,-32.095,-259.9975,50.2075
10760,1039989,0.219356,-0.2074,-0.636596,-40.2675,-263.34,46.305
10761,1040085,0.390888,-0.14274,-0.725656,-50.7675,-267.4,33.985
10762,1040182,0.456768,-0.11346,-0.74908,-50.995,-277.8825,24.43
10763,1040279,0.443104,-0.122976,-0.737124,-37.905,-285.7225,23.0475
10764,1040375,0.492636,-0.194712,-0.669048,-20.7025,-284.935,26.845
10765,1040472,0.680516,-0.335012,-0.7476161,-4.1825,-274.855,33.7575
10766,1040568,0.9059721,-0.478972,-0.875716,10.2375,-270.1475,44.765
10767,1040665,1.026996,-0.54534,-0.927688,19.7225,-272.8075,61.5475
10768,1040762,0.9333,-0.551684,-0.900848,24.15,-279.3175,79.7125
10769,1040858,0.996496,-0.510936,-0.947208,28.245,-276.2375,93.135
10770,1040955,1.142896,-0.513376,-1.04554,38.92,-267.61,104.65
10771,1041051,1.268556,-0.674172,-1.09922,55.2475,-262.7975,115.64
10772,1041148,1.386164,-0.84546,-1.060912,60.5325,-256.9,127.6625
10773,1041245,1.586,-1.005036,-0.996008,52.5875,-246.855,140.2975
10774,1041341,1.886364,-1.148996,-0.9052401,34.8775,-233.8875,153.72
10775,1041438,2.20942,-1.10532,-0.7659161,10.3775,-220.2025,169.925
10776,1041534,2.541504,-0.7283401,-0.6878361,-12.845,-203.175,189.735
10777,1041631,3.102216,-0.48312,-0.67344,-23.1,-188.65,203.945
10778,1041727,3.576552,-0.239608,-0.4213881,-34.825,-194.705,205.9575
10779,1041824,3.569964,-0.27206,-0.13176,-59.78,-227.255,196.7
10780,1041921,3.087332,-0.142008,0.928664,-121.2575,-251.8775,161.8925
10781,1042017,2.857972,0.60268,1.41642,-200.2525,-229.425,91.035
10782,1042114,3.158092,0.932812,1.740696,-158.48,-176.365,55.7375
10783,1042210,2.711816,-0.151768,2.482944,-22.4525,-146.3525,63.9975
10784,1042307,3.190056,-0.226188,2.8914,11.5325,-50.225,79.835
10785,1042404,2.61812,0.498004,3.275944,-22.0325,66.0625,91.21
10786,1042500,0.958432,0.8874281,-0.720288,5.1975,221.0775,108.9375
10787,1042597,1.22976,0.951112,-3.868864,20.825,305.9525,62.1425
10788,1042693,1.558428,1.634312,-1.382016,-12.88,216.7375,-19.04
10789,1042790,1.471808,0.176168,-1.315892,49.2625,194.4425,-52.8675
10790,1042887,0.868396,-0.547048,-1.2566,76.3175,176.9075,-46.48
10791,1042983,0.5655921,-0.490684,-0.6466,56.8925,153.0725,-35.875
10792,1043080,0.892552,-0.351604,-0.908656,57.1375,166.915,-28.4375
10793,1043176,0.9140241,-0.222772,-0.9757561,52.3425,147.7,-36.82
10794,1043273,1.414224,-1.114836,-1.14192,42.35,134.4875,-54.1275
10795,1043370,1.424716,-1.528172,-0.796172,-8.155,78.12,-57.4875
10796,1043466,0.696864,-0.295972,-0.888648,-73.9375,33.5825,-47.705
10797,1043563,1.00162,0.012932,-1.09434,-68.0925,27.895,-42.56
10798,1043659,0.594628,-0.45994,-0.74298,-48.0725,2.345,-33.8625
10799,1043756,0.765672,-0.129564,-0.9860041,-44.275,5.0225,-23.625
10800,1043853,0.568276,-0.223016,-0.848388,-31.3075,-2.8175,-17.535
10801,1043949,0.58194,-0.193248,-0.866444,-22.4175,-3.64,-12.8275
10802,1044046,0.532408,-0.178608,-0.8420441,-16.1525,-3.57,-9.73
10803,1044142,0.530212,-0.187148,-0.8327721,-9.24,-1.155,-6.02
10804,1044239,0.531188,-0.173728,-0.791292,-3.85,0.4725,-2.625
10805,1044335,0.543632,-0.247416,-0.792268,-1.225,3.5525,-1.4
10806,1044432,0.51972,-0.235704,-0.8025161,1.33,1.6975,0.875
10807,1044529,0.502884,-0.237412,-0.79178,2.485,2.975,1.54
10808,1044625,0.499224,-0.23546,-0.786412,2.7125,2.7475,2.03
10809,1044722,0.4941,-0.254004,-0.7890961,3.01,2.3625,1.995
10810,1044818,0.5063,-0.262544,-0.785924,3.4825,0.8575,1.19
10811,1044915,0.4933681,-0.283528,-0.772504,4.305,-1.5225,-0.2275
10812,1045012,0.48556,-0.270596,-0.768844,4.305,-2.1525,-2.8175
10813,1045108,0.48312,-0.28304,-0.763232,5.11,-0.98,-6.23
10814,1045205,0.467992,-0.273768,-0.76738,5.04,0.0175,-9.1175
10815,1045301,0.480924,-0.27694,-0.780312,4.13,1.085,-11.9
10816,1045398,0.476776,-0.264984,-0.784216,3.3075,0.4375,-13.8075
10817,1045495,0.487024,-0.277428,-0.781532,1.9075,-0.3325,-15.1375
10818,1045591,0.510936,-0.25864,-0.778116,0.2275,-1.3825,-16.1175
10819,1045688,0.55754,-0.176656,-0.80276,-0.49,-1.7325,-15.4875
10820,1045784,0.532652,-0.184952,-0.810324,1.9425,-0.77,-13.195
10821,1045881,0.532896,-0.230824,-0.7951961,5.0925,1.68,-10.5
10822,1045978,0.517768,-0.221796,-0.7998321,5.95,3.8675,-9.7125
10823,1046074,0.494588,-0.275964,-0.782752,5.8975,6.65,-9.6425
10824,1046171,0.534848,-0.25254,-0.782752,4.9175,9.52,-10.6575
10825,1046267,0.499224,-0.259372,-0.7788481,3.6925,12.39,-12.0225
10826,1046364,0.549244,-0.274988,-0.787144,2.2925,18.6725,-12.2675
10827,1046460,0.530212,-0.274012,-0.800076,1.1725,24.5525,-13.8075
10828,1046557,0.526552,-0.229848,-0.8174001,2.345,26.5125,-15.155
10829,1046654,0.535336,-0.196908,-0.835456,6.8775,31.5875,-15.995
10830,1046750,0.44896,-0.261324,-0.859856,15.26,38.955,-17.115
10831,1046847,0.528748,-0.103456,-0.8967,14.6825,53.4975,-15.365
10832,1046943,0.504348,-0.219356,-0.869616,20.51,68.355,-12.32
10833,1047040,0.531188,-0.131272,-0.909632,23.695,85.48751,-8.3475
10834,1047137,0.514596,-0.173972,-0.9145121,28.385,104.895,-3.6225
10835,1047233,0.497028,-0.185196,-0.9315921,32.865,125.265,0.1925
10836,1047330,0.498004,-0.1647,-0.969412,39.8475,147.805,2.695
10837,1047426,0.525088,-0.194468,-0.975024,51.3625,171.3425,4.3575
10838,1047523,0.5016641,-0.205692,-1.014308,61.95,196.3675,5.0575
10839,1047619,0.465552,-0.201544,-1.050176,74.305,226.7475,4.8475
10840,1047716,0.4209,-0.23668,-1.035292,88.1475,267.4525,0.7525
10841,1047813,0.462136,-0.297924,-1.056276,106.4175,316.19,-7.735
10842,1047909,0.59048,-0.376004,-1.194624,126.21,369.46,-19.0925
10843,1048006,1.114836,-0.5124001,-1.512068,150.4475,417.3575,-27.93
10844,1048102,1.230492,-0.628544,-1.482788,171.465,443.59,-42.7875
10845,1048199,1.368108,-0.7951961,-1.69214,187.3725,459.1125,-64.19
10846,1048296,1.989576,-0.876204,-1.98738,212.8525,463.3125,-69.7725
10847,1048392,2.109868,-0.908168,-1.8788,241.5875,428.1375,-72.205
10848,1048489,2.029836,-0.8866961,-2.131828,245.7,363.5625,-88.16501
10849,1048585,1.178276,-0.41602,-2.076684,252.7525,258.58,-103.67
10850,1048682,-0.616344,-0.213256,-1.739964,250.355,146.65,-116.795
10851,1048779,1.706536,-1.375184,-2.79624,244.545,74.1475,-116.3225
10852,1048875,0.896944,-1.961516,-2.322392,165.235,-9.555,-133.1925
10853,1048972,-1.154364,-1.081408,-0.9315921,21.63,-180.215,-166.425
10854,1049068,-0.077836,-0.79544,-1.206092,-27.16,-113.47,-160.7725
10855,1049165,0.280356,-0.795928,-1.131428,-21.2625,-116.97,-119.5075
10856,1049262,0.090036,-1.059448,-0.94062,-5.2675,-151.0425,-65.8
10857,1049358,0.08662001,-1.179008,-0.862296,-16.5375,-175.07,-22.645
10858,1049455,0.22936,-0.9630681,-0.848388,-55.7025,-195.965,4.1125
10859,1049551,0.272548,-0.629032,-0.824964,-90.59751,-221.6375,23.7825
10860,1049648,0.31476,-0.344284,-0.7869,-103.25,-248.0275,39.585
10861,1049744,0.180316,-0.10736,-0.676124,-97.79,-273.315,48.8075
10862,1049841,0.07417601,-0.017568,-0.5587601,-82.2675,-289.415,49.84
10863,1049938,0.14762,-0.035136,-0.521672,-68.4775,-292.46,41.9475
10864,1050034,0.224236,-0.140544,-0.541924,-64.4,-292.3725,24.4475
10865,1050131,0.353312,-0.12566,-0.565836,-67.935,-290.9375,6.72
10866,1050227,0.475068,-0.125172,-0.589992,-62.0025,-286.7375,-1.3475
10867,1050324,0.537044,-0.215208,-0.637816,-46.1475,-281.9425,1.7325
10868,1050421,0.67588,-0.370148,-0.759328,-26.4425,-274.2075,12.04
10869,1050517,0.8235001,-0.52338,-0.8957241,-10.7975,-271.775,28.49
10870,1050614,0.9125601,-0.628544,-0.8805961,-2.87,-278.075,50.61
10871,1050710,0.9696561,-0.62952,-0.8471681,-0.56,-280.8575,73.4825
10872,1050807,1.044076,-0.577548,-0.864492,3.99,-278.145,92.7325
10873,1050904,1.135088,-0.636596,-0.921832,16.4325,-274.96,108.325
10874,1051000,1.215852,-0.79666,-0.9730721,27.3175,-273.0,121.7475
10875,1051097,1.33102,-0.94672,-0.999668,27.09,-269.2725,133.8925
10876,1051193,1.451556,-1.0309,-0.9696561,15.9775,-263.55,146.72
10877,1051290,1.654076,-1.090436,-0.9228081,1.7325,-253.505,159.8975
10878,1051386,1.874652,-1.09068,-0.841556,-11.795,-240.6075,173.285
10879,1051483,2.101816,-0.652212,-0.797636,-24.0275,-223.2475,188.265
10880,1051580,2.445368,-0.26596,-0.720288,-20.2125,-201.3375,200.8125
10881,1051676,2.961184,-0.122732,-0.64172,-10.675,-183.855,196.3325
10882,1051773,3.401848,-0.508008,-0.01586,-18.725,-181.965,175.875
10883,1051869,3.502864,-0.045628,0.365512,-98.455,-174.16,126.805
10884,1051966,3.5868,0.429928,0.7622561,-146.86,-185.0625,85.47
10885,1052063,3.041216,0.692716,1.43228,-126.77,-191.38,58.52
10886,1052159,3.017548,0.1647,2.131096,-45.605,-155.995,48.0025
10887,1052256,3.108804,0.004636001,2.745,-6.0025,-89.5825,38.8325
10888,1052352,3.022672,0.242048,3.110512,-9.9225,16.345,46.1475
10889,1052449,1.891732,0.584868,0.9028,4.515,159.1625,76.405
10890,1052546,1.395436,0.09638,-4.006724,36.19,248.3075,71.99501
10891,1052642,0.82594,1.630164,-1.612596,-27.8775,180.95,3.22
10892,1052739,1.226832,0.629276,-1.159,20.02,165.9175,-38.9375
10893,1052835,0.701988,-0.247172,-1.304424,80.08,162.6975,-28.2275
10894,1052932,0.417972,-0.149084,-0.71126,67.1825,137.3925,-27.545
10895,1053028,0.908168,-0.427,-0.866688,80.3425,154.2625,-22.89
10896,1053125,0.724436,-0.629276,-0.830332,71.435,137.2525,-31.08
10897,1053222,0.719556,-0.6695361,-0.76372,53.5675,123.1825,-41.7725
10898,1053318,1.236836,-1.014064,-0.996496,32.41,124.4425,-46.0775
10899,1053415,1.320284,-1.128012,-0.9994241,-8.4,85.8025,-47.6525
10900,1053511,0.6993041,-0.294508,-0.8147161,-56.3325,43.5575,-42.245
10901,1053608,0.850096,-0.326716,-0.920612,-56.245,29.4525,-39.515
10902,1053705,0.64782,-0.339404,-0.8291121,-53.3925,15.435,-32.1825
10903,1053801,0.6588,-0.17324,-0.932812,-49.1225,5.46,-26.6175
10904,1053898,0.581696,-0.190808,-0.8740081,-38.395,6.545,-20.8425
10905,1053994,0.611464,-0.157868,-0.907436,-29.54,1.3125,-16.73
10906,1054091,0.531188,-0.197152,-0.844484,-21.805,-1.1375,-12.4775
10907,1054188,0.53436,-0.236924,-0.836676,-15.575,-0.7,-9.345
10908,1054284,0.518256,-0.25254,-0.803492,-13.125,-1.645,-7.9625
10909,1054381,0.526308,-0.261812,-0.793244,-12.32,-1.785,-7.3675
10910,1054477,0.50142,-0.252052,-0.799344,-11.06,-1.68,-6.475
10911,1054574,0.4941,-0.24888,-0.803492,-9.45,-0.245,-4.865
10912,1054671,0.561688,-0.205692,-0.81252,-2.9575,6.44,-3.3075
10913,1054767,0.5002,-0.213744,-0.781532,-5.74,-0.8400001,-3.64
10914,1054864,0.495564,-0.254492,-0.787632,-5.7225,-1.295,-3.3775
10915,1054960,0.500444,-0.263276,-0.77592,-5.8275,-3.0275,-3.815
10916,1055057,0.5002,-0.275476,-0.768112,-6.4575,-6.3,-5.495
10917,1055154,0.48434,-0.278892,-0.7700641,-5.8275,-10.57,-7.945
10918,1055250,0.466284,-0.277916,-0.787632,-6.16,-11.7075,-10.8675
10919,1055347,0.45384,-0.270108,-0.7944641,-5.705,-11.585,-13.0725
10920,1055443,0.487756,-0.252296,-0.7956841,-5.6875,-10.4125,-14.525
10921,1055540,0.492392,-0.204716,-0.809836,-5.25,-9.94,-14.875
10922,1055636,0.503372,-0.175924,-0.820328,-2.6775,-8.82,-13.8075
10923,1055733,0.529236,-0.142008,-0.8332601,-0.35,-6.3175,-11.69
10924,1055830,0.514108,-0.189832,-0.806908,3.7625,-3.745,-9.2575
10925,1055926,0.51362,-0.184952,-0.8108121,5.88,0.315,-7.385
10926,1056023,0.49166,-0.248636,-0.799588,6.615,3.115,-6.86
10927,1056119,0.452864,-0.282064,-0.8020281,5.53,7.4025,-8.1025
10928,1056216,0.470676,-0.272792,-0.817644,3.43,13.1425,-10.1325
10929,1056312,0.477264,-0.266692,-0.8188641,2.03,18.8475,-13.1775
10930,1056409,0.528992,-0.240096,-0.82228,1.2425,24.675,-14.8225
10931,1056506,0.522404,-0.22692,-0.827404,2.205,30.835,-15.3825
10932,1056602,0.490196,-0.206668,-0.8430201,5.005,36.3125,-16.1
10933,1056699,0.478728,-0.20008,-0.873276,9.31,45.2025,-17.535
10934,1056795,0.3965,-0.244488,-0.8805961,14.8225,56.35,-19.11
10935,1056892,0.53192,-0.155672,-0.9211,17.4825,73.6225,-18.27
10936,1056989,0.481412,-0.164456,-0.936228,25.7425,89.2325,-16.4675
10937,1057085,0.495808,-0.118828,-0.9691681,26.1975,110.355,-12.635
10938,1057182,0.476044,-0.15494,-0.9869801,33.7225,135.1875,-7.56
10939,1057278,0.507032,-0.108824,-1.013088,38.9375,163.6425,-3.78
10940,1057375,0.475556,-0.158844,-1.034072,51.03,193.41,-1.7675
10941,1057472,0.496784,-0.188124,-1.072136,60.725,224.77,0.8925
10942,1057568,0.449448,-0.23912,-1.06506,71.7325,261.59,-0.21
10943,1057665,0.440908,-0.310368,-1.118008,87.22,310.1,-8.9775
10944,1057761,0.512156,-0.412848,-1.19072,105.7525,363.23,-22.785
10945,1057858,0.8471681,-0.524112,-1.510848,122.815,412.0375,-38.185
10946,1057955,1.187304,-0.468236,-1.49694,136.3425,445.13,-54.18
10947,1058051,1.173152,-0.717848,-1.563064,152.4075,461.125,-79.31
10948,1058148,1.764608,-0.845216,-1.922964,172.27,474.8275,-92.76751
10949,1058244,2.134024,-0.9459881,-1.920524,193.62,449.82,-93.6775
10950,1058341,2.084004,-0.884988,-2.06912,199.115,386.4875,-107.03
10951,1058438,1.477908,-0.734928,-2.22528,201.0575,291.655,-124.285
10952,1058534,-0.269376,-0.050508,-1.685796,193.025,165.0075,-139.23
10953,1058631,0.763232,-0.414068,-2.774768,188.1775,78.6975,-135.765
10954,1058727,1.18828,-1.439844,-2.611044,164.185,16.345,-146.65
10955,1058824,-1.240496,-1.073844,-0.99308,74.725,-165.655,-164.045
10956,1058921,-0.08442401,-0.929152,-1.32492,18.375,-103.005,-161.63
10957,1059017,0.393572,-0.816668,-1.322968,1.12,-106.9775,-120.8375
10958,1059114,-0.109068,-0.9242721,-1.000644,6.9825,-158.585,-63.07
10959,1059210,0.049044,-0.9589201,-0.959896,5.2675,-174.72,-17.3775
10960,1059307,0.255712,-0.853756,-0.947452,-13.5275,-190.925,15.7325
10961,1059404,0.23302,-0.595848,-0.8569281,-36.4175,-220.29,42.2975
10962,1059500,0.174704,-0.276452,-0.734684,-49.6475,-245.4725,59.99
10963,1059597,0.10126,-0.041236,-0.6178081,-47.3025,-261.1,67.445
10964,1059693,0.122488,0.032452,-0.561932,-36.3125,-268.59,65.50251
10965,1059790,0.267912,-0.031964,-0.549488,-29.75,-270.165,55.1075
10966,1059886,0.446276,-0.082472,-0.614392,-32.06,-271.495,37.905
10967,1059983,0.501176,-0.07076001,-0.659044,-34.6325,-276.6575,24.7625
10968,1060080,0.404552,-0.05929201,-0.602436,-27.8775,-280.4025,22.225
10969,1060176,0.5248441,-0.146644,-0.643672,-13.685,-270.62,25.2875
10970,1060273,0.794952,-0.281088,-0.79178,4.7775,-256.1825,33.95
10971,1060369,0.99918,-0.449936,-0.852048,17.7975,-256.3575,51.17
10972,1060466,0.99918,-0.548024,-0.8271601,16.695,-265.2125,71.0675
10973,1060563,0.985272,-0.444324,-0.829356,7.0175,-267.68,87.46501
10974,1060659,1.04798,-0.373808,-0.8976761,7.0875,-264.145,100.345
10975,1060756,1.128012,-0.445056,-0.9947881,19.3725,-261.905,112.315
10976,1060852,1.200968,-0.6283,-1.054324,30.6425,-262.9725,124.18
10977,1060949,1.291004,-0.7617681,-1.06872,29.995,-261.485,138.3025
10978,1061045,1.454484,-0.9145121,-1.016992,20.3,-256.34,157.2025
10979,1061142,1.719224,-0.8940161,-0.9208561,0.945,-246.575,178.115
10980,1061239,1.935164,-0.664168,-0.85888,-21.245,-233.975,196.4725
10981,1061335,2.278472,-0.429684,-0.767624,-35.735,-218.505,206.43
10982,1061432,2.663748,-0.262544,-0.5838921,-44.38,-205.1525,203.0875
10983,1061528,3.043656,-0.232288,-0.385764,-56.0,-198.205,182.77
10984,1061625,3.250324,-0.407968,0.289628,-80.0275,-202.8425,147.3675
10985,1061722,3.243736,0.278404,0.7217521,-148.75,-185.8675,86.29251
10986,1061818,3.253984,0.8147161,1.135088,-139.6325,-187.635,47.2325
10987,1061915,2.6718,0.386984,2.001288,-53.4975,-172.13,31.395
10988,1062011,2.908968,-0.125172,2.551752,7.1225,-106.4,17.0975
10989,1062108,2.827716,0.026352,3.064884,1.4175,-6.7725,10.1325
10990,1062205,2.8792,0.238632,3.31108,3.0975,132.4225,34.3525
10991,1062301,1.150948,-0.316956,-2.212836,33.88,279.72,60.2875
10992,1062398,1.708488,0.540216,-3.177124,11.1825,299.0225,36.2075
10993,1062494,1.34078,1.466928,-0.87474,-32.515,190.4175,-20.3525
10994,1062591,1.47986,0.120292,-1.538908,35.1225,194.6875,-46.585
10995,1062688,0.576816,-0.291824,-1.051884,49.56,164.57,-43.33
10996,1062784,0.6344,-0.37454,-0.629032,41.3525,151.9525,-40.2675
10997,1062881,1.3481,-0.50874,-1.041148,43.89,165.48,-35.14
10998,1062977,1.627724,-1.544032,-1.449848,12.285,123.0425,-56.77
10999,1063074,0.82838,-0.69174,-0.7137001,-65.9925,48.8075,-61.1275
11000,1063170,1.091168,-0.09906401,-1.169248,-80.535,11.2875,-50.995
11001,1063267,0.787876,-0.086132,-0.8786441,-69.3525,0.9975,-42.9975
11002,1063364,0.62708,-0.20252,-0.86498,-40.635,-25.025,-33.775
11003,1063460,0.600484,-0.236924,-0.792024,-39.5675,-17.4125,-23.835
11004,1063557,0.582672,-0.249856,-0.823256,-32.83,-20.4925,-19.95
11005,1063653,0.502884,-0.225456,-0.8193521,-29.7675,-22.5225,-18.3575
11006,1063750,0.51362,-0.21838,-0.8235001,-26.495,-20.79,-16.2225
11007,1063847,0.503128,-0.221796,-0.8364321,-22.12,-19.4775,-14.2625
11008,1063943,0.487268,-0.171532,-0.8298441,-18.1125,-19.145,-13.4225
11009,1064040,0.532164,-0.131516,-0.8481441,-15.1375,-16.7125,-11.095
11010,1064136,0.506788,-0.12078,-0.85644,-10.185,-13.37,-7.5075
11011,1064233,0.482632,-0.19032,-0.911096,-7.91,-9.94,-4.62
11012,1064330,0.485072,-0.202764,-0.810568,-6.3,-7.84,-3.6225
11013,1064426,0.500444,-0.177632,-0.8215481,-2.59,-7.105,-3.7275
11014,1064523,0.50142,-0.197884,-0.807884,-1.225,-6.9475,-2.975
11015,1064619,0.500688,-0.167628,-0.8195961,-1.085,-7.35,-2.6075
11016,1064716,0.482876,-0.179096,-0.816424,0.42,-8.085,-3.045
11017,1064813,0.488244,-0.186416,-0.817156,1.3125,-8.3125,-3.3425
11018,1064909,0.46848,-0.205204,-0.8142281,3.605,-9.52,-4.62
11019,1065006,0.488,-0.211792,-0.807396,4.06,-9.275,-5.6875
11020,1065102,0.489464,-0.174704,-0.8195961,4.3575,-8.2425,-6.16
11021,1065199,0.490684,-0.143716,-0.8298441,5.355,-6.51,-5.39
11022,1065296,0.489708,-0.13176,-0.820816,6.7725,-4.2525,-4.13
11023,1065392,0.4743361,-0.1586,-0.8317961,9.0475,-2.38,-2.835
11024,1065489,0.48556,-0.176168,-0.82228,10.745,0.28,-2.1875
11025,1065585,0.479216,-0.185196,-0.828624,11.8475,2.1175,-1.575
11026,1065682,0.47702,-0.18422,-0.812032,12.67,4.0425,-1.715
11027,1065778,0.472872,-0.208132,-0.806908,14.0,6.8775,-2.205
11028,1065875,0.447008,-0.206912,-0.82228,14.2275,9.5025,-2.59
11029,1065972,0.489952,-0.201056,-0.832528,14.4375,13.93,-2.5375
11030,1066068,0.469212,-0.272792,-0.816668,14.315,19.1975,-3.85
11031,1066165,0.473116,-0.275476,-0.817644,11.025,24.7625,-6.8075
11032,1066261,0.468724,-0.284016,-0.81984,9.0475,31.675,-10.22
11033,1066358,0.48068,-0.221796,-0.844484,8.3125,39.8475,-13.1425
11034,1066455,0.44286,-0.30378,-0.860832,11.935,48.3875,-15.5575
11035,1066551,0.449204,-0.046848,-0.935252,12.355,58.8525,-17.5875
11036,1066648,0.4984921,-0.198616,-0.8957241,21.2975,73.255,-17.6925
11037,1066744,0.504104,-0.13298,-0.926712,22.68,89.0925,-15.2075
11038,1066841,0.5246,-0.098332,-0.942084,24.605,107.345,-11.3575
11039,1066937,0.519476,-0.098088,-0.9372041,29.82,127.47,-6.23
11040,1067034,0.536556,-0.09028,-0.9464761,33.95,150.5875,-1.995
11041,1067131,0.504836,-0.109556,-0.9674601,41.3525,176.2075,1.1725
11042,1067227,0.510692,-0.14152,-1.005768,51.5725,203.1225,3.92
11043,1067324,0.505324,-0.232288,-1.032852,63.3325,231.0175,5.3725
11044,1067420,0.446032,-0.26108,-1.0553,74.34,262.3775,2.695
11045,1067517,0.463112,-0.383324,-1.060424,86.04751,307.965,-9.31
11046,1067613,0.481168,-0.449204,-1.238056,98.96251,360.3775,-25.2525
11047,1067710,0.9459881,-0.5856,-1.437648,114.975,407.995,-42.875
11048,1067807,1.174372,-0.550708,-1.498404,128.38,440.3875,-63.1925
11049,1067903,1.212924,-0.8388721,-1.579412,141.2075,457.4325,-93.2925
11050,1068000,1.703852,-0.8657121,-1.894416,153.44,470.645,-105.525
11051,1068096,2.057408,-0.93086,-1.804868,174.265,447.965,-106.3125
11052,1068193,2.013,-0.8596121,-2.001288,186.5325,388.535,-115.43
11053,1068290,1.512068,-0.772748,-2.151348,198.4675,300.545,-129.465
11054,1068386,-0.305976,-0.267424,-1.720688,188.335,178.1325,-142.38
11055,1068483,0.727364,-0.783728,-2.362408,177.31,98.945,-127.1025
11056,1068579,1.465952,-1.635044,-2.585424,157.64,60.235,-117.355
11057,1068676,-1.090924,-1.103612,-1.031632,60.5325,-134.7675,-124.6
11058,1068772,-0.247416,-0.769332,-1.222684,1.435,-87.53501,-125.4575
11059,1068869,0.51606,-0.613904,-1.378844,-12.915,-83.825,-104.93
11060,1068966,0.15738,-0.700524,-1.101172,-3.675,-140.945,-63.9975
11061,1069062,0.157136,-0.843508,-0.990396,-0.385,-176.9075,-31.2025
11062,1069159,0.315736,-0.7951961,-0.9381801,-20.4575,-205.2225,-12.7575
11063,1069256,0.284748,-0.578768,-0.8332601,-47.04,-239.2075,1.1025
11064,1069352,0.217892,-0.325984,-0.682956,-60.2525,-267.6275,14.21
11065,1069449,0.083936,-0.189344,-0.489952,-56.035,-284.8475,23.7825
11066,1069545,-0.013176,-0.111264,-0.366488,-42.9625,-288.3125,30.415
11067,1069642,0.050752,-0.180804,-0.294264,-28.4375,-277.9,35.7875
11068,1069738,0.25376,-0.31598,-0.376492,-22.9425,-261.2575,37.4675
11069,1069835,0.381616,-0.3965,-0.481412,-27.335,-250.985,40.215
11070,1069932,0.415288,-0.340868,-0.472384,-39.97,-246.7675,46.8125
11071,1070028,0.545096,-0.262544,-0.628056,-45.99,-234.71,53.095
11072,1070125,0.7605481,-0.29768,-0.829356,-36.4175,-226.8875,61.4425
11073,1070221,0.8400921,-0.390644,-0.860832,-21.42,-234.0275,76.4225
11074,1070318,0.8113001,-0.464332,-0.787632,-14.35,-244.335,92.85501
11075,1070414,0.842288,-0.438224,-0.7639641,-15.715,-245.0175,102.34
11076,1070511,0.893284,-0.32818,-0.822768,-13.475,-239.9075,105.1925
11077,1070608,0.936228,-0.277672,-0.8847441,2.7475,-237.0375,105.6125
11078,1070704,1.092388,-0.362096,-0.957456,27.545,-233.9225,107.065
11079,1070801,1.145092,-0.514108,-0.9928361,49.14,-234.43,111.685
11080,1070897,1.217804,-0.695644,-0.985516,60.6375,-231.1575,119.42
11081,1070994,1.374208,-0.889868,-0.954284,60.06,-221.6025,132.65
11082,1071091,1.652612,-1.003084,-0.8906,47.95,-208.3725,149.3975
11083,1071187,1.9337,-0.9242721,-0.82594,27.9475,-195.8425,167.8075
11084,1071284,2.276764,-0.6836881,-0.754936,9.625,-182.7175,183.5575
11085,1071380,2.65716,-0.388692,-0.620736,-3.57,-172.7425,189.6475
11086,1071477,3.018524,-0.112484,-0.455792,-16.0825,-169.995,180.3725
11087,1071574,3.271552,-0.380152,-0.1769,-28.63,-183.6975,156.975
11088,1071670,3.296928,0.050752,0.489464,-81.9875,-190.8025,111.1425
11089,1071767,3.613396,0.406016,0.7861681,-146.9825,-193.165,49.56
11090,1071863,3.242272,1.147044,1.72386,-154.875,-193.7075,16.2925
11091,1071960,2.4461,0.432856,2.909212,-60.76,-179.515,13.7025
11092,1072057,3.022672,-0.150792,3.488956,14.3675,-55.3875,29.5225
11093,1072153,2.969236,0.299876,3.589484,-20.8075,98.1575,52.9375
11094,1072248,1.31028,0.784216,-1.372744,-11.3575,250.705,84.33249
11095,1072344,1.824144,1.036756,-3.847392,1.715,295.575,43.155
11096,1072441,1.198528,1.8727,-1.054324,-41.37,183.75,-40.285
11097,1072538,1.344928,-0.044164,-1.191208,42.5775,177.2225,-66.5175
11098,1072634,0.697352,-0.827892,-1.046516,68.775,169.7325,-46.9175
11099,1072731,0.9345201,-0.432856,-0.740052,38.78,153.6325,-33.6525
11100,1072827,1.652368,-1.111908,-1.68482,25.1125,155.8725,-43.2075
11101,1072924,1.343708,-0.976976,-0.815204,-37.2575,73.3075,-58.1875
11102,1073020,0.643916,-0.310856,-0.953308,-70.2975,1.3825,-50.0325
11103,1073117,0.9860041,0.030744,-1.014796,-66.675,20.545,-35.14
11104,1073214,0.6344,-0.218868,-0.858636,-29.8725,-18.5325,-25.5675
11105,1073310,0.595604,-0.16836,-0.821792,-26.1975,-4.1125,-11.515
11106,1073407,0.607804,-0.283772,-0.793,-14.0525,-6.9125,-6.1075
11107,1073503,0.5429,-0.207644,-0.816668,-13.265,-8.4,-4.41
11108,1073600,0.512156,-0.205936,-0.817156,-9.485,-7.7175,-3.2025
11109,1073697,0.507276,-0.206424,-0.823744,-5.985,-6.055,-2.135
11110,1073793,0.493124,-0.255468,-0.817644,-2.3275,-6.0725,-2.1
11111,1073890,0.5063,-0.225944,-0.811788,-1.0675,-4.585,-2.765
11112,1073986,0.534604,-0.187392,-0.80886,0.35,-2.905,-2.3625
11113,1074083,0.515816,-0.212768,-0.8113001,3.9375,-2.5025,-0.35
11114,1074180,0.519232,-0.23424,-0.800808,5.9325,-1.6625,1.19
11115,1074276,0.507276,-0.277672,-0.78446,7.21,-0.6125,1.61
11116,1074373,0.53314,-0.2623,-0.825452,7.595,-2.3975,1.1025
11117,1074469,0.509228,-0.2562,-0.760304,7.35,-4.795,-0.21
11118,1074566,0.513376,-0.240584,-0.781044,6.3175,-2.975,-1.33
11119,1074663,0.510448,-0.242292,-0.784216,6.09,-5.39,-2.2925
11120,1074759,0.494344,-0.263276,-0.796172,6.0375,-5.25,-3.045
11121,1074856,0.508496,-0.273768,-0.767624,5.4775,-5.2675,-4.5325
11122,1074952,0.508252,-0.27694,-0.759572,4.4625,-6.335,-6.79
11123,1075049,0.51484,-0.243024,-0.767624,3.0275,-7.385,-8.225
11124,1075146,0.49654,-0.210084,-0.784216,2.415,-7.7875,-8.61
11125,1075242,0.493856,-0.19642,-0.805444,2.765,-6.93,-8.435
11126,1075339,0.496296,-0.208864,-0.804224,3.8325,-5.075,-8.19
11127,1075435,0.508252,-0.226676,-0.79056,4.41,-1.8025,-7.63
11128,1075532,0.492636,-0.253272,-0.781776,5.4075,1.26,-7.2275
11129,1075629,0.495564,-0.229848,-0.796416,5.0575,3.7975,-8.19
11130,1075725,0.5124001,-0.241072,-0.794708,5.7925,6.615,-8.54
11131,1075822,0.494588,-0.244732,-0.793244,6.37,9.695,-8.505
11132,1075918,0.514596,-0.234972,-0.803248,6.2825,12.8275,-9.0475
11133,1076015,0.46848,-0.293532,-0.796172,7.0875,16.6775,-10.29
11134,1076112,0.492392,-0.280356,-0.783484,5.1625,23.0125,-12.6525
11135,1076208,0.50142,-0.2501,-0.7991,4.0775,31.255,-15.68
11136,1076305,0.5063,-0.290116,-0.8095921,8.1025,37.52,-19.1275
11137,1076401,0.47946,-0.253516,-0.834968,11.3925,42.315,-21.77
11138,1076498,0.561688,-0.15372,-0.8637601,9.3625,53.8125,-19.8625
11139,1076595,0.535824,-0.159576,-0.859856,18.3225,63.5425,-17.0975
11140,1076691,0.556564,-0.142008,-0.881328,19.8275,78.015,-12.7575
11141,1076788,0.542168,-0.164456,-0.884012,23.625,93.5725,-8.05
11142,1076884,0.53924,-0.160552,-0.885964,26.3375,110.1625,-3.92
11143,1076981,0.538508,-0.137128,-0.918416,31.78,128.5725,-0.42
11144,1077078,0.552904,-0.15372,-0.9376921,40.2675,148.8725,3.955
11145,1077174,0.525088,-0.173972,-0.9669721,50.505,172.41,7.525
11146,1077271,0.5063,-0.18422,-1.020164,63.1575,197.4875,10.2025
11147,1077367,0.444568,-0.25742,-1.066524,78.3825,229.3025,9.6425
11148,1077464,0.400892,-0.267912,-1.064084,90.475,271.1975,3.57
11149,1077560,0.529968,-0.30866,-1.09678,107.45,322.35,-5.6525
11150,1077657,0.559004,-0.39284,-1.220244,128.24,375.515,-19.005
11151,1077754,1.245864,-0.564616,-1.432036,148.2425,420.5075,-32.4625
11152,1077850,1.450336,-0.651236,-1.503528,163.7125,440.8775,-48.58
11153,1077947,1.423984,-0.793244,-1.687992,185.8325,449.75,-59.6575
11154,1078043,1.919792,-0.8476561,-1.826584,217.665,442.1025,-59.4125
11155,1078140,1.90686,-0.7829961,-1.640656,234.2375,399.49,-63.455
11156,1078237,1.81292,-0.684908,-2.042524,231.0525,339.3075,-82.8625
11157,1078333,1.10776,-0.291336,-1.947364,233.415,240.345,-98.035
11158,1078430,-0.696132,-0.042456,-2.012024,230.23,137.6725,-108.7975
11159,1078526,2.092056,-1.117032,-3.029016,219.3275,53.2525,-118.3525
11160,1078623,0.5214281,-1.371768,-2.196,135.135,-54.88,-161.8225
11161,1078720,-0.8949921,-0.741272,-1.050908,22.2075,-196.7,-196.4725
11162,1078816,0.1159,-0.6605081,-1.266116,-9.765,-139.44,-191.6075
11163,1078913,0.371612,-0.8047121,-1.132404,-4.48,-152.495,-152.25
11164,1079009,0.08418,-0.9901521,-0.8862081,0.035,-188.02,-102.8825
11165,1079106,0.142984,-1.024068,-0.831064,-14.2275,-203.84,-59.8325
11166,1079202,0.253516,-0.849608,-0.802272,-41.44,-216.9475,-27.3525
11167,1079299,0.193004,-0.5655921,-0.705404,-62.7375,-236.2675,0.385
11168,1079396,0.137372,-0.308904,-0.600484,-66.99,-250.6175,23.0825
11169,1079492,0.050752,-0.153964,-0.492148,-55.58,-257.5475,39.795
11170,1079589,0.05246,-0.1586,-0.417728,-40.705,-255.815,49.91
11171,1079685,0.224724,-0.254004,-0.490684,-39.0775,-248.2025,47.775
11172,1079782,0.399916,-0.222528,-0.6178081,-51.5725,-246.8375,37.8175
11173,1079879,0.438956,-0.120292,-0.66856,-58.0125,-253.33,31.36
11174,1079975,0.389912,-0.100772,-0.667584,-48.825,-258.3,32.515
11175,1080072,0.430416,-0.167872,-0.751276,-31.185,-251.72,34.7025
11176,1080168,0.701744,-0.264984,-0.860832,-15.7675,-243.6,38.43
11177,1080265,0.9762441,-0.394304,-0.9552601,-0.8400001,-244.965,46.6025
11178,1080362,0.9711201,-0.482388,-0.893284,3.605,-261.2925,57.5575
11179,1080458,0.948184,-0.426268,-0.830576,3.0975,-270.34,66.3775
11180,1080555,0.9818561,-0.353068,-0.8554641,10.4125,-268.6075,73.71
11181,1080651,1.053592,-0.430416,-0.9057281,29.785,-264.53,81.13
11182,1080748,1.126792,-0.61488,-0.9699,47.075,-260.9075,89.0225
11183,1080845,1.217072,-0.779092,-0.975512,51.2225,-256.725,97.79
11184,1080941,1.325408,-0.90402,-0.968924,45.7275,-249.55,110.285
11185,1081038,1.529148,-1.055544,-0.926712,36.1375,-239.155,127.645
11186,1081134,1.786812,-1.215364,-0.847412,21.315,-226.66,148.82
11187,1081231,2.086688,-1.057496,-0.763476,-1.4525,-212.7125,173.355
11188,1081327,2.444392,-0.666608,-0.697108,-21.9975,-195.755,197.505
11189,1081424,2.88652,-0.353556,-0.620004,-33.985,-184.765,208.075
11190,1081521,3.40746,-0.126636,-0.469456,-44.345,-188.4225,201.145
11191,1081617,3.366468,-0.23424,0.311588,-74.48,-212.7825,177.31
11192,1081714,3.13174,0.435296,0.7856801,-164.5875,-208.5825,114.6075
11193,1081810,3.42332,1.060424,1.116544,-165.655,-196.875,71.5225
11194,1081907,2.935564,0.341844,2.03496,-63.84,-193.5325,56.2975
11195,1082004,2.90238,-0.136396,2.772328,-5.075,-132.4575,44.73
11196,1082100,2.571516,0.30744,3.215676,-20.5975,-30.205,38.08
11197,1082197,2.580544,0.339892,2.487336,3.605,137.2,64.61
11198,1082293,1.4701,0.002928,-3.194204,31.6925,262.6575,82.495
11199,1082390,0.975512,1.222196,-2.459764,1.5575,230.125,42.4725
11200,1082487,1.271972,1.206092,-0.967216,-1.9075,173.565,-18.5675
11201,1082583,1.094584,-0.043432,-1.464732,65.3975,175.98,-34.8075
11202,1082680,0.365512,-0.265716,-0.820084,64.015,146.3175,-36.8375
11203,1082777,0.7046721,-0.449692,-0.704916,65.205,152.2675,-33.7925
11204,1082873,0.7522521,-0.536068,-0.805932,62.09,156.485,-31.6925
11205,1082970,1.043832,-0.5655921,-0.916464,47.425,142.0125,-42.28
11206,1083066,1.39934,-1.487912,-1.250988,21.1925,129.01,-54.8975
11207,1083163,1.219512,-0.721264,-0.8261841,-51.59,67.8125,-54.88
11208,1083260,0.876692,-0.180072,-1.021628,-79.52,22.4175,-54.7225
11209,1083356,0.885476,-0.18056,-0.932324,-67.9175,20.755,-40.6175
11210,1083453,0.673928,-0.214232,-0.889624,-47.95,-5.46,-32.2175
11211,1083549,0.625128,-0.2013,-0.8657121,-44.03,-4.97,-24.01
11212,1083646,0.5843801,-0.222772,-0.8513161,-32.165,-11.025,-19.7225
11213,1083743,0.5546121,-0.17324,-0.844972,-26.6875,-9.135,-14.6125
11214,1083839,0.537288,-0.19032,-0.837652,-19.3025,-7.6125,-9.9575
11215,1083936,0.519476,-0.182024,-0.8364321,-13.72,-6.545,-6.615
11216,1084032,0.520208,-0.183732,-0.841556,-8.9775,-4.9175,-3.885
11217,1084129,0.515572,-0.190564,-0.825452,-4.3225,-3.0975,-1.82
11218,1084226,0.501176,-0.200324,-0.821792,-0.8575,-1.61,-0.2975
11219,1084322,0.509228,-0.206912,-0.818132,2.5375,-0.2275,1.0675
11220,1084419,0.49898,-0.2013,-0.80764,4.725,-0.4025,1.6625
11221,1084515,0.50264,-0.21594,-0.8044681,6.755,-0.7175,1.9075
11222,1084612,0.5124001,-0.241316,-0.784704,8.2075,-0.7525,1.89
11223,1084709,0.5124001,-0.248636,-0.784216,8.5225,-1.7325,0.7875
11224,1084805,0.509716,-0.256444,-0.783728,8.3825,-4.2175,-0.4375
11225,1084902,0.490928,-0.234972,-0.787876,7.875,-5.1625,-1.8025
11226,1084998,0.4697,-0.247172,-0.7808001,7.875,-3.2725,-3.4475
11227,1085095,0.443592,-0.284504,-0.788608,8.0325,0.1575,-6.37
11228,1085192,0.488244,-0.270108,-0.78202,6.79,2.94,-10.29
11229,1085288,0.504836,-0.25986,-0.770308,4.97,2.1175,-12.985
11230,1085385,0.511424,-0.223016,-0.7861681,2.2575,-0.7,-13.475
11231,1085481,0.5206961,-0.195444,-0.8086161,1.4,-1.645,-12.67
11232,1085578,0.52704,-0.2074,-0.802272,2.4325,-1.3125,-11.095
11233,1085675,0.524356,-0.184708,-0.798856,3.5,-0.1575,-9.9225
11234,1085771,0.518012,-0.212768,-0.79422,4.76,1.5225,-8.89
11235,1085868,0.495564,-0.233996,-0.80764,5.9325,3.0975,-7.945
11236,1085964,0.491904,-0.22814,-0.8030041,5.5475,5.1975,-8.0675
11237,1086061,0.50142,-0.243024,-0.801784,6.0025,8.8725,-8.26
11238,1086158,0.478484,-0.270596,-0.792268,6.125,12.5475,-9.2925
11239,1086254,0.51606,-0.253272,-0.793488,4.2,18.69,-10.7625
11240,1086351,0.514352,-0.275476,-0.801784,4.585,26.005,-12.5825
11241,1086447,0.524356,-0.219844,-0.812276,5.0925,31.4125,-14.1225
11242,1086544,0.532164,-0.235216,-0.8235001,9.3275,35.4375,-15.8375
11243,1086641,0.43798,-0.244976,-0.8657121,14.0,41.2825,-17.325
11244,1086737,0.534604,-0.116876,-0.900848,12.9325,54.0225,-16.24
11245,1086834,0.505568,-0.224968,-0.86864,20.65,68.0225,-14.42
11246,1086930,0.529968,-0.132004,-0.9189041,21.9625,84.00001,-11.375
11247,1087027,0.513132,-0.152744,-0.9274441,26.0925,103.7225,-6.825
11248,1087123,0.507276,-0.126392,-0.945744,30.6425,126.21,-2.7475
11249,1087220,0.5002,-0.101016,-0.976,38.5525,150.8325,1.2775
11250,1087317,0.541192,-0.133956,-1.007964,49.875,175.49,6.16
11251,1087413,0.500444,-0.175436,-1.046272,62.055,202.475,10.675
11252,1087510,0.487512,-0.214964,-1.043832,75.3375,231.8575,13.0025
11253,1087606,0.4087,-0.224236,-1.036268,88.2,271.25,7.9975
11254,1087703,0.53192,-0.2867,-1.072136,107.205,318.8325,-0.2275
11255,1087800,0.563884,-0.427732,-1.2444,129.0625,369.88,-11.0775
11256,1087896,1.181936,-0.564372,-1.443504,148.2425,414.6275,-22.75
11257,1087993,1.13948,-0.645868,-1.479372,163.24,436.9575,-40.3025
11258,1088090,1.314672,-0.790072,-1.537932,178.3775,448.91,-64.6275
11259,1088186,1.845372,-0.81252,-1.953464,205.6775,454.2125,-71.155
11260,1088283,2.050088,-0.8291121,-1.76412,237.0025,422.52,-68.635
11261,1088379,2.143052,-0.898896,-2.117432,243.7575,362.5125,-83.66751
11262,1088476,1.402512,-0.5968241,-2.080344,237.0725,253.1375,-103.8975
11263,1088573,-0.714432,-0.349896,-1.788276,215.1275,127.26,-122.5875
11264,1088669,1.635532,-1.163392,-2.982656,183.015,45.43,-123.3225
11265,1088766,0.410408,-1.193892,-2.254804,106.0325,-37.835,-152.32
11266,1088862,-0.998204,-0.634156,-1.013332,21.91,-175.7,-181.405
11267,1088959,0.102724,-0.701256,-1.347856,8.6625,-112.7875,-177.5375
11268,1089056,0.368684,-0.879376,-1.214388,14.9625,-131.565,-137.795
11269,1089152,-0.05978,-1.021628,-0.923052,12.5475,-172.6375,-91.2275
11270,1089249,0.06270801,-0.987224,-0.879376,-5.775,-186.62,-54.635
11271,1089345,0.198372,-0.793488,-0.8679081,-29.6275,-198.8,-25.06
11272,1089442,0.24034,-0.601216,-0.827892,-43.47,-219.4325,3.4125
11273,1089539,0.255956,-0.43432,-0.7617681,-45.9375,-239.6275,27.755
11274,1089635,0.1891,-0.305488,-0.661728,-42.315,-257.4425,45.675
11275,1089732,0.135176,-0.179096,-0.57218,-37.625,-268.94,54.985
11276,1089828,0.209108,-0.173972,-0.534116,-35.3325,-272.1775,54.215
11277,1089925,0.340136,-0.1647,-0.592432,-39.165,-271.9675,43.0675
11278,1090021,0.45872,-0.172752,-0.6466,-42.8225,-275.1,30.695
11279,1090118,0.429928,-0.15494,-0.63562,-40.495,-278.88,25.585
11280,1090215,0.463112,-0.178364,-0.643184,-32.06,-275.1525,25.655
11281,1090311,0.708576,-0.276452,-0.759084,-16.135,-261.6775,29.9425
11282,1090408,0.9464761,-0.456524,-0.889868,3.64,-259.1225,42.0525
11283,1090504,0.983808,-0.60512,-0.856196,14.805,-269.6575,60.5325
11284,1090601,0.9638,-0.603168,-0.792024,12.3725,-275.8,77.91
11285,1090698,0.991372,-0.541924,-0.8025161,11.0425,-271.39,91.385
11286,1090794,1.095072,-0.6036561,-0.854488,20.7375,-263.655,103.25
11287,1090891,1.206824,-0.77348,-0.8579041,32.515,-255.535,117.3375
11288,1090987,1.332972,-0.976488,-0.8039801,33.565,-246.1375,134.7675
11289,1091084,1.520852,-1.161928,-0.735416,20.7375,-233.03,154.945
11290,1091181,1.822436,-1.310036,-0.654896,-2.7475,-215.74,177.625
11291,1091277,2.094984,-1.066768,-0.617564,-33.53,-196.9275,202.86
11292,1091374,2.465864,-0.692716,-0.588284,-54.1975,-176.0325,227.395
11293,1091470,2.977776,-0.439688,-0.6178081,-63.0875,-162.365,236.8625
11294,1091567,3.43918,-0.12566,-0.480924,-72.6075,-168.3325,228.6375
11295,1091664,3.527508,-0.175436,-0.34526,-83.16001,-199.675,207.34
11296,1091760,3.46968,0.026108,0.676124,-132.4225,-227.08,160.58
11297,1091857,2.983876,1.161928,1.309304,-214.1475,-220.9025,74.725
11298,1091953,2.753784,0.956968,1.874652,-134.015,-193.2525,37.5725
11299,1092050,2.836012,-0.254492,2.480504,10.535,-139.475,37.975
11300,1092147,2.741828,-0.138592,2.925316,15.995,-39.7075,43.295
11301,1092243,3.224704,0.382592,3.119296,-4.5675,99.1375,62.5275
11302,1092340,1.508164,0.158356,-2.117432,29.855,240.9225,86.3625
11303,1092436,1.382016,0.911584,-3.321328,23.9225,246.435,53.41
11304,1092533,1.1468,1.39324,-0.9989361,-9.2225,155.4525,-12.845
11305,1092629,1.120204,-0.15494,-1.338096,63.2275,161.4725,-32.725
11306,1092726,0.295728,-0.325984,-0.864492,69.475,137.095,-23.6775
11307,1092823,0.613416,-0.27572,-0.748104,63.8225,138.9675,-17.6575
11308,1092919,0.8903561,-0.504348,-0.833504,69.4575,148.715,-18.4975
11309,1093016,0.8378961,-0.680028,-0.7937321,51.8,125.0375,-34.16
11310,1093112,1.156804,-1.33956,-1.097268,24.2025,117.0575,-48.4925
11311,1093209,1.348832,-0.6993041,-0.9860041,-38.325,76.7725,-45.99
11312,1093306,0.599264,-0.153476,-0.909144,-64.925,25.0775,-45.675
11313,1093402,0.969412,-0.398696,-0.891576,-52.1675,20.0725,-35.1225
11314,1093499,0.511424,-0.345992,-0.780556,-46.235,1.96,-27.8775
11315,1093595,0.665632,-0.215696,-0.9018241,-46.375,0.91,-23.7475
11316,1093692,0.606584,-0.161528,-0.902556,-37.9575,-4.97,-21.875
11317,1093789,0.528992,-0.21106,-0.831552,-30.1525,-11.55,-19.3025
11318,1093885,0.519232,-0.213256,-0.8291121,-27.4575,-13.195,-18.8125
11319,1093982,0.51362,-0.243756,-0.8178881,-26.95,-14.3325,-19.285
11320,1094078,0.513864,-0.241804,-0.826428,-26.0225,-13.9475,-18.7775
11321,1094175,0.5124001,-0.221552,-0.8195961,-24.955,-12.775,-16.94
11322,1094271,0.514596,-0.201544,-0.823256,-22.3125,-10.6925,-14.525
11323,1094368,0.511424,-0.203252,-0.820572,-18.6025,-9.87,-11.83
11324,1094465,0.493856,-0.187148,-0.819108,-15.8725,-9.4325,-9.485
11325,1094561,0.465308,-0.221796,-0.756888,-11.4625,-6.58,-7.7175
11326,1094658,0.491904,-0.17934,-0.8210601,-4.0425,-2.52,-5.5475
11327,1094754,0.52216,-0.212036,-0.831064,-8.5925,-9.6425,-5.53
11328,1094851,0.490928,-0.19886,-0.812276,-5.565,-9.3975,-4.2525
11329,1094948,0.488244,-0.216672,-0.809836,-3.465,-10.9025,-4.3575
11330,1095044,0.464576,-0.202276,-0.8193521,0.0875,-11.8825,-4.8825
11331,1095141,0.466284,-0.214232,-0.809836,2.3625,-10.7275,-5.2675
11332,1095237,0.458964,-0.175924,-0.82594,4.6025,-10.0975,-6.3525
11333,1095334,0.4758,-0.195688,-0.805444,4.76,-9.17,-7.1925
11334,1095431,0.496296,-0.228384,-0.803248,4.305,-8.4175,-7.9275
11335,1095527,0.498004,-0.192516,-0.807396,2.3275,-8.5925,-8.82
11336,1095624,0.498248,-0.175924,-0.820328,2.3275,-7.77,-8.26
11337,1095720,0.497516,-0.168848,-0.826672,4.095,-5.6175,-6.7725
11338,1095817,0.471896,-0.193736,-0.826916,5.74,-2.765,-5.67
11339,1095913,0.44896,-0.217892,-0.8256961,6.1075,0.385,-5.4075
11340,1096010,0.48068,-0.218868,-0.832528,5.9325,3.71,-5.495
11341,1096107,0.438224,-0.234728,-0.8244761,6.65,7.98,-6.23
11342,1096203,0.481412,-0.229848,-0.8174001,6.0725,14.945,-7.455
11343,1096300,0.504592,-0.22326,-0.8322841,5.5125,20.79,-8.925
11344,1096396,0.48922,-0.227652,-0.826916,6.055,25.5675,-10.2725
11345,1096493,0.505324,-0.212036,-0.8332601,7.0175,30.9925,-10.64
11346,1096590,0.501176,-0.20496,-0.8430201,9.345,37.6775,-9.8525
11347,1096686,0.462624,-0.224724,-0.8591241,12.6175,45.5875,-10.115
11348,1096783,0.400648,-0.09882,-0.904752,14.84,55.58,-10.7625
11349,1096879,0.511424,-0.205692,-0.8957241,21.385,69.545,-10.3075
11350,1096976,0.479216,-0.176412,-0.9171961,25.585,82.81,-8.5925
11351,1097073,0.49532,-0.147132,-0.9386681,28.4725,99.7325,-6.58
11352,1097169,0.479704,-0.152012,-0.941352,34.5975,119.4025,-4.48
11353,1097266,0.490196,-0.130296,-0.978928,39.5675,143.2025,-3.0275
11354,1097362,0.454572,-0.18422,-1.01626,47.2325,170.625,-1.295
11355,1097459,0.479948,-0.157868,-1.064816,56.175,201.46,0.2275
11356,1097556,0.482876,-0.263032,-1.072868,70.945,234.01,1.5925
11357,1097652,0.40748,-0.251076,-1.060668,83.9125,269.7975,-3.2025
11358,1097749,0.501176,-0.305488,-1.088484,100.2575,317.59,-13.79
11359,1097845,0.478972,-0.363316,-1.26392,120.9075,368.34,-24.92
11360,1097942,1.005768,-0.45506,-1.50304,139.7025,413.7175,-34.58
11361,1098038,1.181692,-0.466528,-1.4579,155.54,439.81,-48.8075
11362,1098135,1.319796,-0.720532,-1.595028,165.83,453.6875,-71.435
11363,1098232,1.702632,-0.805444,-1.888804,180.8625,459.0425,-77.455
11364,1098328,2.119872,-0.889136,-1.883436,203.4375,432.53,-75.635
11365,1098425,2.052284,-0.853756,-2.002752,202.405,367.395,-88.41001
11366,1098521,1.430816,-0.529236,-2.09962,201.39,270.9875,-104.4575
11367,1098618,-0.478728,-0.10736,-1.759728,187.915,149.8525,-118.0725
11368,1098715,1.180716,-0.7183361,-2.817468,170.6775,62.7025,-110.775
11369,1098811,0.670024,-1.176812,-2.425848,117.32,-6.4925,-131.7575
11370,1098908,-1.109956,-0.560956,-1.02236,29.4175,-166.46,-169.1375
11371,1099004,0.073932,-0.509716,-1.39812,3.5875,-110.985,-176.575
11372,1099101,0.386008,-0.6470881,-1.294664,14.07,-131.32,-145.005
11373,1099198,-0.077592,-0.9191481,-0.94916,22.575,-183.96,-100.5375
11374,1099294,0.01708,-0.9589201,-0.8532681,6.3525,-202.58,-65.3975
11375,1099391,0.134444,-0.754936,-0.7895841,-24.6925,-216.02,-38.1325
11376,1099487,0.109312,-0.462136,-0.688324,-45.1675,-234.395,-10.885
11377,1099584,0.077104,-0.241316,-0.585356,-46.3575,-246.4875,13.4225
11378,1099680,0.058072,-0.152988,-0.488,-34.7725,-251.335,31.1325
11379,1099777,0.172264,-0.225212,-0.495076,-24.815,-248.955,42.6475
11380,1099874,0.332084,-0.301096,-0.537288,-27.0375,-247.415,46.0075
11381,1099970,0.426512,-0.319152,-0.5655921,-40.18,-252.7525,45.22
11382,1100067,0.44164,-0.283284,-0.616832,-50.2775,-255.745,47.39
11383,1100163,0.425292,-0.206912,-0.602436,-52.0625,-253.995,55.4575
11384,1100260,0.553392,-0.243268,-0.6661201,-43.75,-242.4975,64.8375
11385,1100357,0.779824,-0.310612,-0.784704,-31.43,-231.455,74.83
11386,1100453,0.9779521,-0.449204,-0.8337481,-22.2775,-231.9625,85.85501
11387,1100550,0.9933241,-0.492392,-0.815692,-20.4225,-240.6775,94.2025
11388,1100646,0.9520881,-0.508008,-0.776896,-21.385,-248.3775,97.3
11389,1100743,0.976488,-0.53314,-0.758108,-17.7275,-247.87,99.505
11390,1100839,1.006744,-0.676124,-0.784704,-8.3475,-243.1625,104.335
11391,1100936,1.090924,-0.8383841,-0.787388,-2.66,-236.3375,113.12
11392,1101033,1.166808,-0.9947881,-0.767136,-4.0425,-228.2525,127.33
11393,1101129,1.36152,-1.178276,-0.730536,-10.885,-215.2675,146.09
11394,1101226,1.598688,-1.335412,-0.6707561,-25.6375,-201.215,167.545
11395,1101322,1.844884,-1.387628,-0.58072,-47.2675,-187.5125,191.135
11396,1101419,2.090104,-1.035536,-0.562908,-73.0625,-171.92,214.9875
11397,1101516,2.489044,-0.695888,-0.561932,-85.75,-154.5075,234.4825
11398,1101612,2.946544,-0.488244,-0.522404,-89.53,-149.8175,237.755
11399,1101709,3.221776,-0.320616,-0.33794,-100.065,-166.4775,224.945
11400,1101805,3.074644,-0.268888,-0.144204,-121.555,-200.305,198.0475
11401,1101902,3.038532,0.49288,0.734928,-158.305,-221.2,147.2625
11402,1101998,2.141344,0.801784,1.517436,-144.6025,-195.16,85.6625
11403,1102095,3.262036,0.06539201,1.770708,-50.1725,-139.8775,57.365
11404,1102192,2.774524,-0.304512,2.505148,3.465,-100.8,36.3475
11405,1102288,2.348012,0.02562,3.125884,-3.5175,-9.2225,44.52
11406,1102385,2.303604,0.257908,2.541748,18.7075,159.215,76.3875
11407,1102481,1.386408,-0.313296,-2.658624,58.415,294.5775,91.8925
11408,1102578,1.354932,1.121668,-2.843576,11.13,275.205,52.85
11409,1102675,1.24318,1.464488,-0.953308,14.9975,180.8975,-8.9075
11410,1102771,1.3237,0.102724,-1.427644,77.0525,179.8475,-45.6225
11411,1102868,0.478728,-0.419924,-0.877912,89.775,148.96,-44.9225
11412,1102964,0.65026,-0.539484,-0.626836,83.265,146.265,-36.6275
11413,1103061,1.546228,-1.100196,-1.158512,79.3275,166.18,-31.29
11414,1103158,2.043012,-1.923452,-1.058716,18.3575,104.16,-47.5825
11415,1103254,0.391376,-0.479948,-0.6466,-64.96,17.57,-43.6275
11416,1103351,1.049444,0.109068,-1.113616,-60.6725,18.795,-39.2875
11417,1103448,0.762988,-0.432124,-0.722972,-45.0625,-1.015,-31.815
11418,1103544,0.666364,-0.209108,-0.875228,-36.54,-9.065,-22.61
11419,1103641,0.548024,-0.365268,-0.738344,-31.675,-18.9175,-20.405
11420,1103737,0.56364,-0.264008,-0.8142281,-34.79,-18.7425,-21.35
11421,1103834,0.5363121,-0.26352,-0.800808,-34.6325,-24.01,-22.4175
11422,1103930,0.532408,-0.226188,-0.793976,-33.425,-23.45,-22.1375
11423,1104027,0.532164,-0.207644,-0.8244761,-31.745,-22.96,-20.1775
11424,1104124,0.517524,-0.169336,-0.834724,-27.79,-21.175,-17.6225
11425,1104220,0.501176,-0.15128,-0.850096,-22.9775,-18.3925,-14.4725
11426,1104317,0.513132,-0.125904,-0.823256,-15.6625,-14.525,-10.5525
11427,1104413,0.489464,-0.145912,-0.8430201,-11.165,-14.0875,-7.175
11428,1104510,0.502884,-0.162504,-0.836676,-5.145,-9.6425,-3.99
11429,1104607,0.492148,-0.162016,-0.824232,-1.5925,-8.085,-2.3275
11430,1104703,0.488488,-0.20252,-0.8091041,1.12,-7.14,-1.4175
11431,1104800,0.50264,-0.213988,-0.797392,2.4325,-5.915,-0.9275
11432,1104896,0.484096,-0.210816,-0.801052,3.4475,-7.245,-1.5575
11433,1104993,0.487512,-0.181536,-0.825208,4.9,-7.6475,-2.0475
11434,1105090,0.48434,-0.177388,-0.822036,7.4025,-6.265,-2.2575
11435,1105186,0.489708,-0.207156,-0.79544,9.975,-4.0775,-2.135
11436,1105283,0.473848,-0.232044,-0.801052,11.0775,-2.4675,-2.765
11437,1105379,0.4941,-0.21228,-0.798124,11.7775,-1.295,-3.4125
11438,1105476,0.490196,-0.195688,-0.7978801,11.1125,-0.385,-4.0775
11439,1105573,0.492392,-0.180072,-0.8081281,10.6575,0.245,-4.06
11440,1105669,0.500688,-0.191784,-0.8100801,12.5125,1.5925,-3.255
11441,1105766,0.515816,-0.191052,-0.809348,13.0375,4.48,-2.7125
11442,1105862,0.488,-0.21106,-0.8100801,13.4925,6.3175,-2.4325
11443,1105959,0.49898,-0.228872,-0.804224,13.4225,8.9075,-2.8175
11444,1106056,0.488732,-0.235704,-0.8108121,12.7225,11.2,-3.6225
11445,1106152,0.479704,-0.251076,-0.800564,11.795,14.315,-4.7075
11446,1106249,0.49044,-0.248636,-0.80154,9.8525,18.1125,-6.4575
11447,1106345,0.490928,-0.2562,-0.8052,8.82,23.555,-8.155
11448,1106442,0.498004,-0.260104,-0.810324,7.91,29.5925,-10.3775
11449,1106539,0.482632,-0.235216,-0.816424,8.085,34.895,-12.215
11450,1106635,0.500444,-0.147132,-0.8620521,10.22,42.385,-13.0025
11451,1106732,0.368196,-0.324032,-0.864492,18.2,50.3125,-15.2775
11452,1106828,0.5185,-0.114436,-0.936716,17.4475,65.485,-14.595
11453,1106925,0.490684,-0.218136,-0.898896,25.76,81.32251,-13.44
11454,1107022,0.509716,-0.1037,-0.9501361,25.9525,100.8175,-10.675
11455,1107118,0.498004,-0.125416,-0.9535521,32.9,121.59,-5.9675
11456,1107215,0.493856,-0.103944,-0.966484,40.1975,145.4775,-0.6825
11457,1107311,0.55388,-0.127612,-0.980148,50.645,171.1325,5.0575
11458,1107408,0.5248441,-0.153476,-1.00528,63.5775,197.3125,9.7475
11459,1107505,0.48556,-0.124196,-1.067256,80.815,223.44,14.0875
11460,1107601,0.393572,-0.144692,-1.11996,100.485,259.63,14.665
11461,1107698,0.382348,-0.214476,-1.178032,121.835,308.8575,12.215
11462,1107794,0.538264,-0.263032,-1.168272,137.83,366.4325,4.6725
11463,1107891,0.851804,-0.359412,-1.570628,157.2375,424.34,-4.0075
11464,1107988,1.271972,-0.725168,-1.574776,176.855,455.805,-20.545
11465,1108084,1.896612,-1.073356,-1.627968,175.9275,470.645,-49.735
11466,1108181,2.027152,-0.9269561,-1.953708,163.5375,464.87,-62.02
11467,1108277,2.029348,-0.9315921,-1.897588,161.49,414.54,-71.19
11468,1108374,1.478884,-0.70028,-1.795352,151.235,329.665,-77.8925
11469,1108470,0.677588,-0.223992,-1.640656,148.995,236.2675,-83.30001
11470,1108567,-0.7666481,0.729804,-2.196732,135.6425,144.48,-96.84501
11471,1108664,2.330444,-0.8708361,-3.083672,137.025,82.985,-135.38
11472,1108760,-0.094672,-0.776896,-1.708732,55.545,-74.9,-198.2575
11473,1108857,-0.492636,-0.654164,-1.047492,-18.5325,-160.7375,-229.635
11474,1108953,0.24644,-0.780312,-1.106052,-39.7425,-127.2075,-220.15
11475,1109050,0.015616,-1.120692,-0.7861681,-43.225,-153.16,-178.57
11476,1109147,-0.08637601,-1.318088,-0.623664,-55.9125,-167.5275,-126.175
11477,1109243,0.001952,-1.244644,-0.568032,-83.86001,-169.855,-76.9125
11478,1109340,0.05978,-1.095316,-0.552416,-107.625,-174.055,-31.815
11479,1109436,0.129076,-0.967704,-0.53802,-119.0175,-179.97,10.1675
11480,1109533,0.163968,-0.83204,-0.496296,-123.0075,-188.7025,44.1875
11481,1109630,0.110044,-0.693204,-0.440664,-124.1625,-197.6275,68.495
11482,1109726,0.19032,-0.645868,-0.436028,-121.975,-203.0875,81.1475
11483,1109823,0.29036,-0.67222,-0.428464,-120.2425,-208.2675,84.1225
11484,1109919,0.40748,-0.725656,-0.43432,-122.395,-215.4075,82.985
11485,1110016,0.487268,-0.790804,-0.402844,-126.0875,-221.935,83.1775
11486,1110113,0.5734,-0.868152,-0.3965,-128.975,-224.525,88.09501
11487,1110209,0.621712,-0.9440361,-0.424072,-130.83,-224.35,98.28
11488,1110306,0.731268,-0.99918,-0.529236,-131.075,-221.1125,112.0525
11489,1110402,0.79544,-1.031632,-0.5499761,-129.325,-221.3925,126.91
11490,1110499,0.884988,-1.118008,-0.50874,-127.1375,-223.125,141.47
11491,1110596,0.9821,-1.21634,-0.49044,-127.645,-223.9825,154.0875
11492,1110692,1.04798,-1.29808,-0.481168,-134.0325,-225.6625,165.8825
11493,1110789,1.124596,-1.41032,-0.464088,-140.91,-226.38,180.915
11494,1110885,1.183888,-1.508652,-0.41602,-150.01,-224.595,201.1975
11495,1110982,1.254648,-1.607228,-0.345992,-161.6125,-218.4525,225.05
11496,1111079,1.302716,-1.667008,-0.312076,-176.715,-207.3225,250.1275
11497,1111175,1.470344,-1.75436,-0.291336,-191.5375,-190.575,274.5925
11498,1111272,1.634312,-1.80316,-0.274012,-208.565,-172.2525,295.6275
11499,1111368,1.834392,-1.819996,-0.276696,-224.595,-155.8025,312.865
11500,1111465,2.160864,-1.604788,-0.32086,-234.71,-141.715,329.035
11501,1111561,2.218204,-1.267824,-0.26962,-234.7975,-139.055,344.96
11502,1111658,2.172576,-0.927932,-0.110776,-224.4025,-140.8575,346.745
11503,1111755,2.284816,-0.7890961,-0.08003201,-210.245,-139.475,324.59
11504,1111851,2.544432,0.331108,0.0,-198.7475,-145.5475,290.6575
11505,1111948,1.80682,-0.175192,0.8679081,-107.275,-135.8175,264.145
11506,1112044,2.41682,-0.814472,1.258552,-4.0775,-102.06,240.905
11507,1112141,2.468792,-0.441152,1.712148,-6.0025,-37.0475,187.2675
11508,1112238,2.42536,0.421876,2.165988,-15.4875,2.695,122.0625
11509,1112334,3.059516,0.374784,2.505392,44.38,107.6075,75.1275
11510,1112431,2.541504,-0.171044,0.59292,105.07,216.65,25.7075
11511,1112527,1.706048,-0.378444,-3.299856,113.75,246.085,-4.5675
11512,1112624,0.342088,0.375516,-1.383968,61.705,168.6125,-21.9625
11513,1112721,0.9506241,0.020008,-0.6405,91.105,149.6425,-63.245
11514,1112817,0.809348,-0.45384,-0.920368,93.905,175.6475,-73.4125
11515,1112914,0.786656,-0.519964,-1.024312,80.605,155.54,-54.53
11516,1113010,2.611532,-2.621536,-1.67384,41.335,151.9175,-58.2575
11517,1113107,1.151924,-0.476532,-0.496784,-48.0375,36.715,-33.81
11518,1113204,0.54168,-0.251564,-0.9994241,-36.7325,-24.85,-28.14
11519,1113300,0.599752,-0.224236,-0.801052,-34.5975,8.1375,-20.51
11520,1113397,0.794952,-0.295728,-0.803248,-16.6425,-12.145,-19.425
11521,1113493,0.454816,-0.3355,-0.777628,-20.7025,-17.605,-14.5075
11522,1113590,0.557296,-0.385032,-0.711992,-19.74,-21.6475,-17.5175
11523,1113686,0.542412,-0.303048,-0.781532,-26.0575,-20.615,-20.125
11524,1113783,0.504592,-0.254736,-0.815448,-28.2275,-25.4975,-21.21
11525,1113880,0.50508,-0.22326,-0.822768,-27.2825,-23.9925,-20.4575
11526,1113976,0.492392,-0.219356,-0.831308,-25.4275,-22.855,-19.2325
11527,1114073,0.48678,-0.15738,-0.852048,-22.8725,-21.28,-18.2
11528,1114169,0.506056,-0.1464,-0.852048,-18.515,-17.2375,-15.645
11529,1114266,0.524112,-0.143228,-0.8344801,-12.8975,-14.2625,-12.18
11530,1114363,0.511424,-0.151036,-0.8332601,-8.295,-13.3525,-8.995
11531,1114459,0.506544,-0.144936,-0.836188,-4.7075,-12.5125,-6.4575
11532,1114556,0.490196,-0.137372,-0.84546,-0.8575,-10.5175,-4.0775
11533,1114652,0.484828,-0.177388,-0.8276481,3.3775,-7.1225,-2.3275
11534,1114749,0.478972,-0.182268,-0.8193521,5.985,-4.1825,-2.1175
11535,1114846,0.486292,-0.181536,-0.820572,7.2975,-2.17,-2.5025
11536,1114942,0.487756,-0.197884,-0.8169121,8.6275,-1.645,-2.6075
11537,1115039,0.48922,-0.17934,-0.8147161,8.575,-2.135,-2.73
11538,1115135,0.48556,-0.1647,-0.826428,9.8875,-0.805,-2.1
11539,1115232,0.46604,-0.190564,-0.83204,13.1425,2.03,-1.365
11540,1115329,0.485072,-0.183976,-0.82594,15.645,5.845,-0.9275
11541,1115425,0.49532,-0.170068,-0.816668,17.0275,8.505,-0.5425
11542,1115522,0.49166,-0.177632,-0.8210601,19.18,10.185,0.525
11543,1115618,0.49288,-0.220332,-0.811788,20.37,11.8125,1.4
11544,1115715,0.499956,-0.228384,-0.8025161,19.3725,12.8275,0.5425
11545,1115812,0.49654,-0.246928,-0.79422,17.9725,12.9325,-0.525
11546,1115908,0.5185,-0.225456,-0.796172,15.3475,13.1075,-1.8375
11547,1116005,0.509228,-0.241804,-0.7869,13.3,12.95,-3.045
11548,1116101,0.521184,-0.227652,-0.788364,11.06,12.5825,-3.675
11549,1116198,0.522648,-0.21838,-0.791292,9.45,12.67,-3.9725
11550,1116295,0.5248441,-0.233508,-0.786412,8.19,13.9825,-4.1475
11551,1116391,0.5248441,-0.206424,-0.800076,7.5775,15.925,-4.2175
11552,1116488,0.50874,-0.225944,-0.788364,8.015,19.145,-4.41
11553,1116584,0.512644,-0.147132,-0.841556,7.315,24.7975,-4.445
11554,1116681,0.498248,-0.179584,-0.8400921,11.095,30.9575,-3.1675
11555,1116777,0.477752,-0.195688,-0.853512,15.4525,39.8125,-1.8375
11556,1116874,0.46238,-0.279868,-0.8527801,19.39,48.51,-0.945
11557,1116971,0.49166,-0.176656,-0.893772,17.7625,60.9,0.035
11558,1117067,0.489952,-0.221552,-0.894504,20.5975,74.5675,1.645
11559,1117164,0.489464,-0.21716,-0.91012,24.7625,90.9475,4.235
11560,1117260,0.5023961,-0.213012,-0.9201241,29.4525,109.3225,6.2125
11561,1117357,0.4933681,-0.240584,-0.942572,36.365,127.1725,6.5275
11562,1117454,0.487024,-0.210328,-1.011624,42.84,148.9075,6.7025
11563,1117550,0.423584,-0.28548,-1.097756,54.1275,175.0875,6.3
11564,1117647,0.338428,-0.28426,-1.142652,58.03,212.135,1.68
11565,1117743,0.36722,-0.331596,-1.120936,59.885,259.0525,-8.9075
11566,1117840,0.506544,-0.210328,-1.138748,57.8725,307.7725,-23.2225
11567,1117937,0.630008,-0.368928,-1.157536,56.5775,351.505,-36.1375
11568,1118033,1.360056,-0.560224,-1.271972,40.6525,390.355,-45.395
11569,1118130,1.422764,-0.739076,-1.188768,5.8275,400.645,-65.975
11570,1118226,1.364448,-0.9006041,-1.338584,-44.625,398.8425,-93.2925
11571,1118323,1.32126,-0.680028,-1.504504,-92.2075,383.845,-92.89001
11572,1118420,1.19438,-0.5934081,-1.244156,-107.8875,348.0925,-74.305
11573,1118516,1.0675,-0.532164,-1.136796,-107.835,311.8325,-55.1425
11574,1118613,0.785192,-0.417728,-0.959164,-108.15,263.305,-42.385
11575,1118709,-0.20252,0.3599,-1.596492,-127.8725,211.82,-35.5775
11576,1118806,1.456192,0.075396,-2.257244,-123.0425,149.1,-40.8275
11577,1118903,0.682712,-0.311832,-1.865624,-118.4575,70.3675,-82.5825
11578,1118999,-0.321836,-0.435052,-0.9772201,-139.1425,-51.3625,-114.03
11579,1119096,0.226188,-0.720776,-1.03212,-156.3975,-42.665,-140.7525
11580,1119192,0.350384,-1.001132,-0.9018241,-171.045,-69.23,-149.52
11581,1119289,0.216428,-1.29564,-0.696864,-181.8425,-101.8325,-136.0625
11582,1119386,0.206668,-1.487912,-0.55754,-197.26,-118.055,-109.6725
11583,1119482,0.214476,-1.614304,-0.446276,-215.74,-126.07,-77.6825
11584,1119579,0.264252,-1.653344,-0.37088,-233.52,-129.885,-40.6
11585,1119675,0.302316,-1.630408,-0.335012,-246.435,-134.12,-1.7675
11586,1119772,0.293288,-1.550864,-0.26718,-252.105,-140.1925,36.7325
11587,1119869,0.27694,-1.480836,-0.233752,-248.1325,-143.885,72.275
11588,1119965,0.304756,-1.41032,-0.225456,-236.2325,-143.605,102.865
11589,1120062,0.30378,-1.369572,-0.233752,-221.97,-143.465,128.73
11590,1120158,0.309392,-1.321016,-0.288896,-209.2475,-141.8375,148.33
11591,1120255,0.406504,-1.274412,-0.372588,-198.73,-139.265,161.4725
11592,1120352,0.493612,-1.251232,-0.43676,-189.8925,-141.6625,169.5575
11593,1120448,0.550952,-1.2322,-0.463112,-185.185,-147.6125,174.9825
11594,1120545,0.595116,-1.19194,-0.416508,-182.63,-154.385,178.255
11595,1120641,0.693448,-1.191696,-0.422608,-177.8,-156.3625,180.46
11596,1120738,0.783484,-1.22,-0.43066,-171.4475,-158.865,182.6825
11597,1120835,0.8020281,-1.264652,-0.394792,-166.88,-163.66,186.27
11598,1120931,0.824232,-1.329312,-0.387472,-163.59,-165.13,191.94
11599,1121028,0.8759601,-1.400316,-0.406504,-162.5225,-163.905,199.3075
11600,1121124,0.9613601,-1.471564,-0.451156,-163.0825,-161.9625,210.0
11601,1121221,1.070184,-1.54452,-0.4697,-164.57,-160.8775,224.7875
11602,1121318,1.149972,-1.582828,-0.441884,-169.0325,-160.825,243.39
11603,1121414,1.19316,-1.593076,-0.409432,-176.3475,-159.5475,263.83
11604,1121511,1.332484,-1.577948,-0.397964,-183.6975,-154.3675,283.115
11605,1121608,1.501576,-1.569652,-0.412116,-190.995,-148.7675,298.305
11606,1121704,1.797548,-1.63846,-0.465064,-197.855,-146.16,309.2425
11607,1121801,2.038376,-1.619916,-0.432856,-211.4525,-153.5975,315.175
11608,1121897,1.902712,-0.935252,-0.297192,-233.9925,-171.535,314.23
11609,1121994,1.918084,-0.455548,-0.23424,-223.2825,-176.61,303.9225
11610,1122091,3.7088,0.98576,0.01098,-174.2825,-171.1675,282.1525
11611,1122187,1.063352,-0.542656,2.495388,-24.1675,-117.67,257.145
11612,1122284,3.698552,-0.37698,2.12646,-22.5225,-27.3175,201.6525
11613,1122380,4.075532,-0.1891,1.863916,-58.905,139.37,171.605
11614,1122477,3.766872,0.158844,2.273348,-33.775,132.51,145.32
11615,1122574,3.60998,0.33794,1.639192,0.42,199.7275,105.525
11616,1122670,2.220888,0.169092,-2.306044,29.96,204.365,35.8225
11617,1122767,0.51606,1.148508,-2.790872,-18.3575,102.13,-18.2875
11618,1122863,0.345748,0.005856,-1.212924,22.47,16.31,-40.9675
11619,1122960,1.494256,-1.877092,-0.5551,45.0275,34.0375,-39.1475
11620,1123057,0.471408,-0.710284,-0.591944,-2.9575,-1.75,-6.16
11621,1123153,0.66368,0.120048,-1.027484,-24.3425,15.19,-6.475
11622,1123250,0.667828,-0.554124,-0.67466,-0.2275,-5.5475,-7.4025
11623,1123346,0.5612,-0.298412,-0.780312,-3.64,-2.8525,-1.6625
11624,1123443,0.488488,-0.262788,-0.803736,-3.5875,-7.7,-3.8675
11625,1123540,0.563396,-0.24278,-0.795928,-0.6825,-5.075,-3.36
11626,1123636,0.549488,-0.25254,-0.76982,0.525,-5.8275,-1.61
11627,1123733,0.522892,-0.323788,-0.77836,1.6975,-9.45,-0.8400001
11628,1123829,0.5165481,-0.264008,-0.788364,-0.28,-11.6725,-2.9225
11629,1123926,0.51972,-0.238144,-0.8127641,-0.245,-12.11,-3.8675
11630,1124023,0.492392,-0.282552,-0.816668,1.8725,-11.585,-3.9725
11631,1124119,0.544852,-0.217404,-0.826672,5.0225,-9.03,-4.4275
11632,1124216,0.523868,-0.224236,-0.798368,10.2025,-8.1725,-3.255
11633,1124312,0.508252,-0.259616,-0.782752,12.9325,-7.0175,-1.715
11634,1124409,0.5016641,-0.268888,-0.781776,12.53,-5.285,-1.3825
11635,1124505,0.496296,-0.27084,-0.779336,11.0425,-4.06,-1.715
11636,1124602,0.488976,-0.271084,-0.777628,9.59,-2.275,-2.2225
11637,1124699,0.491416,-0.286212,-0.775676,8.6275,-0.1925,-3.395
11638,1124795,0.490196,-0.271328,-0.744444,6.755,1.365,-5.005
11639,1124892,0.505568,-0.248148,-0.7712841,3.9725,3.2725,-6.335
11640,1124989,0.510692,-0.25376,-0.776896,4.62,2.7475,-7.3675
11641,1125085,0.508496,-0.265228,-0.770308,2.8875,4.41,-7.84
11642,1125182,0.525332,-0.253028,-0.778604,1.2075,5.3375,-7.805
11643,1125278,0.524356,-0.262544,-0.775676,1.2775,6.405,-7.175
11644,1125375,0.535092,-0.232288,-0.775676,1.1025,6.23,-6.3525
11645,1125471,0.5355801,-0.244244,-0.778116,1.5925,6.825,-5.11
11646,1125568,0.533872,-0.253272,-0.76006,1.925,7.105,-3.85
11647,1125665,0.534116,-0.25132,-0.7766521,1.7675,7.42,-3.4125
11648,1125761,0.537288,-0.253272,-0.78202,1.9775,6.72,-3.2725
11649,1125858,0.529236,-0.244976,-0.774212,2.5725,6.335,-2.9225
11650,1125954,0.524112,-0.265472,-0.773724,2.6425,7.4725,-2.9575
11651,1126051,0.536556,-0.260592,-0.771528,2.7825,8.295,-3.15
11652,1126148,0.539972,-0.23302,-0.782508,3.6575,9.52,-2.8175
11653,1126244,0.532408,-0.203008,-0.7998321,4.9,11.1125,-1.855
11654,1126341,0.539972,-0.279136,-0.769332,6.755,12.4425,-0.8925
11655,1126437,0.513376,-0.141764,-0.8298441,4.3925,15.155,0.0875
11656,1126534,0.520452,-0.283284,-0.769088,9.7125,17.71,0.595
11657,1126631,0.491904,-0.315736,-0.761036,6.0725,24.465,0.2275
11658,1126727,0.51118,-0.249856,-0.8127641,8.26,31.08,-1.19
11659,1126824,0.504104,-0.303292,-0.785924,9.73,38.1675,-3.22
11660,1126920,0.5119121,-0.306708,-0.792268,11.8825,45.255,-5.53
11661,1127017,0.51484,-0.352824,-0.7869,13.755,51.345,-8.3825
11662,1127114,0.541924,-0.253516,-0.80886,11.7775,60.0425,-10.535
11663,1127210,0.564616,-0.28548,-0.782264,14.175,67.6025,-10.675
11664,1127307,0.581208,-0.246196,-0.788364,15.7325,74.865,-10.57
11665,1127403,0.568276,-0.249368,-0.7869,18.34,81.655,-10.5875
11666,1127500,0.587552,-0.24888,-0.800564,22.0675,90.545,-9.1875
11667,1127597,0.576816,-0.243756,-0.805932,26.2325,99.8375,-7.9975
11668,1127693,0.571692,-0.239608,-0.822768,30.485,110.565,-6.615
11669,1127790,0.560956,-0.23424,-0.8708361,35.525,124.4075,-5.18
11670,1127886,0.5363121,-0.216428,-0.931836,39.13,144.69,-4.69
11671,1127983,0.517768,-0.304268,-0.934276,43.9775,171.675,-4.9875
11672,1128080,0.49776,-0.276696,-0.920612,47.8625,203.875,-10.2725
11673,1128176,0.521916,-0.280844,-0.9247601,52.045,240.8525,-18.55
11674,1128273,0.6307401,-0.333548,-0.957944,56.4025,279.3525,-29.54
11675,1128369,0.7951961,-0.5551,-1.078968,63.245,317.6425,-45.2725
11676,1128466,1.303692,-0.724436,-1.14558,57.3125,349.9475,-60.4625
11677,1128562,1.31394,-0.8513161,-1.186084,46.2175,365.0325,-84.875
11678,1128659,1.375428,-0.9799041,-1.305156,28.6475,380.065,-108.185
11679,1128756,1.495964,-0.85156,-1.615524,17.0625,380.94,-114.4675
11680,1128852,1.39324,-0.753716,-1.630408,29.3825,358.8725,-105.035
11681,1128949,1.29076,-0.803248,-1.502308,47.11,322.98,-103.2325
11682,1129045,1.314672,-0.8759601,-1.525244,59.0625,280.7875,-109.445
11683,1129142,0.614636,-0.8230121,-1.33834,38.5,220.2025,-120.085
11684,1129239,-0.250588,-1.057984,-1.76168,-2.835,152.4425,-105.56
11685,1129335,1.717028,-1.25782,-2.603236,-23.4675,129.185,-61.705
11686,1129432,-0.352092,-0.682956,-1.459364,-67.97,-20.6675,-67.865
11687,1129528,-0.074664,-0.58072,-1.315404,-64.6625,-37.6775,-71.645
11688,1129625,0.36234,-0.6124401,-1.331264,-51.0125,-53.83,-68.4425
11689,1129722,0.203496,-0.771772,-1.114348,-39.9,-92.575,-61.355
11690,1129818,0.287676,-0.943548,-1.05164,-39.4975,-121.4675,-53.305
11691,1129915,0.410164,-1.04676,-1.014552,-53.48,-150.0275,-43.6625
11692,1130011,0.322568,-1.014552,-0.892308,-75.2325,-184.6075,-31.22
11693,1130108,0.224236,-0.911584,-0.7503,-95.02501,-212.0825,-15.47
11694,1130205,0.127612,-0.75884,-0.601704,-106.4175,-230.51,1.2075
11695,1130301,0.047336,-0.656848,-0.490684,-106.2425,-239.3125,18.5675
11696,1130398,-0.000488,-0.5987761,-0.420656,-98.315,-239.89,35.2625
11697,1130494,0.033428,-0.581452,-0.383324,-89.1625,-234.045,49.4025
11698,1130591,0.176168,-0.588284,-0.437736,-79.94,-225.8025,61.6
11699,1130688,0.326472,-0.685396,-0.529968,-75.145,-222.1275,70.28
11700,1130784,0.337208,-0.6753921,-0.576084,-80.3075,-226.1175,75.1625
11701,1130881,0.386984,-0.5504641,-0.6307401,-91.5425,-228.9875,76.3875
11702,1130977,0.532652,-0.377956,-0.714432,-90.66751,-228.7775,75.145
11703,1131074,0.698816,-0.328668,-0.807884,-68.65251,-232.6975,74.515
11704,1131171,0.752984,-0.4553041,-0.858392,-37.17,-244.9475,76.9475
11705,1131267,0.788364,-0.6124401,-0.8174001,-16.1,-256.025,83.1425
11706,1131364,0.8430201,-0.718092,-0.7956841,-9.9225,-260.155,91.595
11707,1131460,0.9293961,-0.70516,-0.819108,-9.205,-256.6375,102.7075
11708,1131557,0.964288,-0.7515201,-0.8427761,-2.905,-251.5975,115.5
11709,1131653,1.002108,-0.8725441,-0.84546,3.9375,-244.4575,127.9775
11710,1131750,1.121668,-1.028704,-0.861808,4.1125,-232.47,139.23
11711,1131847,1.281244,-1.17242,-0.846924,-3.4475,-219.2225,150.255
11712,1131943,1.539884,-1.380308,-0.794952,-16.73,-205.205,163.1175
11713,1132040,1.906372,-1.516948,-0.7134561,-35.7,-190.4525,178.9725
11714,1132136,2.253096,-1.34078,-0.560468,-58.6775,-178.9375,197.645
11715,1132233,2.643008,-0.7903161,-0.559736,-74.13,-167.58,215.67
11716,1132330,3.248128,-0.487756,-0.553392,-65.555,-163.2225,225.4875
11717,1132426,3.564596,-0.248392,-0.2623,-62.8075,-186.865,221.41
11718,1132523,3.540928,-0.7381001,0.671976,-79.73001,-224.945,200.375
11719,1132619,2.969968,0.69418,1.430328,-182.91,-208.2325,123.585
11720,1132716,3.24398,1.521584,1.740208,-183.9775,-182.42,52.15
11721,1132813,2.786968,0.214964,2.54004,-48.2475,-123.445,36.7325
11722,1132909,3.348656,-0.235216,3.059272,26.3725,-37.8525,44.555
11723,1133006,3.17566,0.267424,3.483832,2.0825,94.79751,69.755
11724,1133102,1.457656,0.442128,-1.157536,22.89,248.115,95.62
11725,1133199,1.55184,0.678076,-3.935476,30.1525,298.13,65.7825
11726,1133296,1.343708,1.6348,-1.352248,-15.54,188.0025,-9.73
11727,1133392,1.323212,0.08881599,-1.14802,43.4,163.4675,-53.655
11728,1133489,0.495564,-0.7217521,-0.9547721,71.4875,148.3475,-40.74
11729,1133585,0.349164,-0.463112,-0.5743761,49.14,140.1925,-23.415
11730,1133682,1.266604,-0.185196,-1.040172,45.9725,162.015,-21.5075
11731,1133779,1.497184,-1.080432,-1.562576,30.6425,131.39,-43.54
11732,1133875,1.14558,-1.110444,-0.726388,-25.2175,49.35,-53.3575
11733,1133972,0.705892,-0.4636,-0.945012,-65.065,6.055,-47.04
11734,1134068,1.033584,0.034404,-1.048956,-64.8375,16.2575,-34.7025
11735,1134165,0.596336,-0.197396,-0.8620521,-33.0225,-12.5475,-25.3225
11736,1134262,0.578036,-0.263032,-0.807152,-26.04,-11.795,-15.1725
11737,1134358,0.572912,-0.27938,-0.807884,-24.7975,-12.005,-13.335
11738,1134455,0.506056,-0.243756,-0.826672,-25.095,-14.7875,-13.195
11739,1134551,0.51362,-0.244976,-0.8095921,-23.4325,-15.715,-13.3
11740,1134648,0.484828,-0.26962,-0.8039801,-22.3125,-16.485,-13.125
11741,1134745,0.4819,-0.269132,-0.813496,-21.7875,-16.1875,-13.93
11742,1134841,0.494832,-0.208132,-0.834724,-20.8075,-14.42,-14.1925
11743,1134938,0.514352,-0.172508,-0.83692,-17.3425,-12.74,-12.5125
11744,1135034,0.4941,-0.182512,-0.841312,-13.2125,-12.4075,-9.66
11745,1135131,0.49044,-0.19154,-0.835212,-9.6775,-11.6025,-7.455
11746,1135228,0.501908,-0.210328,-0.8113001,-6.9825,-10.3775,-6.195
11747,1135324,0.50142,-0.2013,-0.809836,-6.0725,-10.36,-5.5475
11748,1135421,0.495076,-0.19154,-0.8091041,-5.635,-10.815,-5.11
11749,1135517,0.482144,-0.198616,-0.803736,-4.305,-11.2525,-4.375
11750,1135614,0.47458,-0.198616,-0.8261841,-3.0975,-10.9725,-4.0075
11751,1135710,0.482388,-0.178852,-0.81862,-0.56,-10.3075,-4.27
11752,1135807,0.478484,-0.193492,-0.8195961,1.925,-9.1875,-4.55
11753,1135904,0.485804,-0.193736,-0.811788,4.165,-9.2925,-5.4425
11754,1136000,0.469944,-0.214232,-0.7978801,4.8125,-9.31,-6.8075
11755,1136097,0.480436,-0.143472,-0.8344801,4.9525,-7.77,-7.07
11756,1136193,0.465064,-0.1647,-0.831308,7.7,-6.0375,-5.88
11757,1136290,0.467992,-0.16226,-0.824964,8.68,-2.7825,-4.585
11758,1136387,0.475068,-0.185684,-0.8244761,10.6225,0.1925,-3.8325
11759,1136483,0.480436,-0.187392,-0.826672,11.55,2.3975,-3.71
11760,1136580,0.4743361,-0.1769,-0.824964,12.46,4.795,-2.9925
11761,1136676,0.465796,-0.204472,-0.815204,14.0,8.015,-2.205
11762,1136773,0.457744,-0.22082,-0.826672,14.9625,12.8625,-2.065
11763,1136870,0.461648,-0.257908,-0.8174001,15.33,17.5175,-2.695
11764,1136966,0.475556,-0.260348,-0.8147161,12.8975,23.6075,-4.41
11765,1137063,0.485804,-0.275964,-0.8195961,10.605,28.875,-6.3175
11766,1137159,0.488732,-0.284992,-0.8188641,8.855,34.965,-8.505
11767,1137256,0.48678,-0.244,-0.832528,7.35,39.865,-10.3775
11768,1137353,0.47702,-0.12444,-0.864736,7.8575,47.6175,-11.375
11769,1137449,0.396988,-0.417484,-0.848632,16.6425,56.7525,-13.335
11770,1137546,0.533384,-0.08442401,-0.9340321,17.0625,70.8925,-13.0025
11771,1137642,0.510936,-0.171532,-0.906216,23.555,85.12,-11.48
11772,1137739,0.514108,-0.12932,-0.920368,25.4275,100.1,-7.63
11773,1137836,0.5058121,-0.17446,-0.9106081,30.275,117.18,-3.185
11774,1137932,0.5165481,-0.149572,-0.91988,33.3375,136.71,-0.245
11775,1138029,0.525088,-0.176656,-0.915732,38.71,157.605,-0.035
11776,1138125,0.512156,-0.172264,-0.951844,45.8675,178.3425,0.49
11777,1138222,0.529236,-0.201788,-0.992348,56.3325,200.5675,1.9075
11778,1138319,0.466284,-0.21838,-1.024556,68.79251,225.61,1.505
11779,1138415,0.476776,-0.22082,-1.014308,81.06,263.5675,-3.4125
11780,1138512,0.55144,-0.341356,-1.054812,99.225,310.7825,-13.51
11781,1138608,0.517036,-0.430904,-1.296616,116.2,359.5375,-26.355
11782,1138705,1.099952,-0.580964,-1.486204,135.73,402.85,-40.0225
11783,1138802,1.14314,-0.686616,-1.507432,147.945,429.8875,-61.67
11784,1138898,1.189988,-0.775676,-1.662616,157.1325,452.6375,-87.88501
11785,1138995,1.934432,-0.8569281,-2.024956,182.875,464.45,-92.155
11786,1139091,1.991284,-0.8576601,-1.933944,213.22,437.5525,-91.0875
11787,1139188,2.041792,-0.921344,-2.19356,218.575,376.81,-106.6625
11788,1139285,1.449848,-0.653676,-2.179408,225.4175,280.455,-120.89
11789,1139381,-0.735904,-0.081496,-1.762412,207.445,153.755,-135.3975
11790,1139478,1.552816,-1.162904,-2.929464,199.29,85.34751,-128.66
11791,1139574,0.5987761,-1.389092,-2.350208,143.3775,1.0675,-135.2225
11792,1139671,-1.096536,-0.85888,-1.04066,49.175,-153.2125,-154.1225
11793,1139768,0.08906,-0.64782,-1.464488,12.7925,-84.245,-149.7825
11794,1139864,0.366488,-0.651968,-1.331752,19.5825,-105.6475,-107.6425
11795,1139961,-0.116632,-0.825452,-0.960384,31.185,-155.8375,-58.9925
11796,1140057,-0.00366,-0.854732,-0.8810841,20.5625,-172.4625,-27.44
11797,1140154,0.2013,-0.712236,-0.887184,-6.195,-185.01,-7.1925
11798,1140251,0.2501,-0.506056,-0.858148,-27.895,-209.8775,13.9825
11799,1140347,0.246684,-0.338428,-0.782508,-36.015,-234.4125,34.7375
11800,1140444,0.212524,-0.257664,-0.691496,-35.2275,-253.7325,50.4
11801,1140540,0.15738,-0.204472,-0.55998,-34.86,-268.905,60.27
11802,1140637,0.246196,-0.196664,-0.49288,-40.985,-274.4,61.1975
11803,1140734,0.348432,-0.2135,-0.511424,-49.7,-274.225,53.3925
11804,1140830,0.401136,-0.215452,-0.560224,-57.0325,-275.45,45.71
11805,1140927,0.409188,-0.188124,-0.555832,-57.9075,-274.8375,44.2575
11806,1141023,0.483852,-0.190808,-0.564616,-49.9625,-266.315,46.7775
11807,1141120,0.7068681,-0.321104,-0.744444,-34.7025,-253.3825,50.435
11808,1141217,0.9540401,-0.432856,-0.8610761,-19.2325,-250.9675,59.955
11809,1141313,1.04676,-0.564128,-0.850096,-8.5225,-259.5425,75.67
11810,1141410,1.0126,-0.58316,-0.8210601,-7.665,-267.8025,90.52751
11811,1141506,1.05286,-0.571692,-0.8327721,-6.44,-268.2225,101.465
11812,1141603,1.129476,-0.6124401,-0.8967,1.5225,-265.02,111.65
11813,1141700,1.197308,-0.760304,-0.94916,12.1975,-263.025,122.1325
11814,1141796,1.271972,-0.853024,-0.942816,15.19,-259.455,133.4375
11815,1141893,1.391776,-0.924516,-0.915244,11.7775,-252.4725,145.145
11816,1141989,1.60552,-1.028704,-0.8576601,3.3425,-241.78,156.975
11817,1142086,1.857328,-1.0675,-0.7705521,-10.5,-230.965,167.755
11818,1142183,2.0984,-0.725656,-0.725412,-25.9175,-217.5075,180.3025
11819,1142279,2.485628,-0.426268,-0.63806,-27.2125,-201.1625,191.1875
11820,1142376,2.985584,-0.208132,-0.512644,-26.95,-189.8925,187.6875
11821,1142472,3.345728,-0.713212,0.05856,-34.5625,-195.5975,170.17
11822,1142569,3.292048,0.213744,0.61732,-108.325,-185.7275,120.6625
11823,1142666,3.832508,0.851804,0.8493641,-159.8625,-177.4675,58.03
11824,1142762,3.180784,1.149728,1.670424,-135.3275,-179.3925,21.0875
11825,1142859,3.092944,0.310124,2.714988,-30.66,-159.2675,2.87
11826,1142955,3.010228,-0.073444,3.54044,7.91,-56.2625,-2.625
11827,1143052,3.350364,-0.040016,3.960608,-4.865,94.99,22.8375
11828,1143148,1.56526,0.1769,-1.494988,-4.515,273.14,64.82
11829,1143245,1.900028,0.550708,-3.884724,-1.855,304.2025,45.7975
11830,1143342,1.354688,1.666276,-1.085068,-59.22,186.865,-22.9425
11831,1143438,1.402024,0.132248,-1.312964,14.7875,179.1475,-45.01
11832,1143535,0.495808,-0.38308,-1.123864,38.9725,159.4775,-32.3575
11833,1143631,0.579256,-0.047824,-0.690032,23.135,144.69,-28.105
11834,1143728,1.283684,-0.335744,-1.190964,34.72,156.8,-31.395
11835,1143825,2.281888,-1.660176,-1.42008,5.9325,99.05001,-57.0675
11836,1143921,0.5463161,-0.701744,-0.67466,-55.2125,0.0525,-46.9875
11837,1144018,0.9191481,0.356972,-1.121668,-56.735,2.555,-33.3375
11838,1144114,0.72346,-0.367952,-0.773724,-27.6325,-18.7775,-28.8575
11839,1144211,0.552416,-0.178852,-0.840824,-23.5025,-10.71,-13.475
11840,1144308,0.584868,-0.344284,-0.768112,-16.835,-11.48,-9.0825
11841,1144404,0.528748,-0.2806,-0.8030041,-18.8125,-13.4575,-9.45
11842,1144501,0.4697,-0.2318,-0.813496,-19.635,-16.1,-11.48
11843,1144597,0.494588,-0.249368,-0.8235001,-17.2025,-15.26,-11.8825
11844,1144694,0.464088,-0.263032,-0.818376,-14.5775,-16.2925,-12.9325
11845,1144791,0.51606,-0.166896,-0.832528,-13.685,-16.5375,-13.79
11846,1144887,0.517768,-0.151768,-0.85644,-11.0075,-15.2075,-12.0575
11847,1144984,0.49288,-0.174216,-0.843752,-6.9825,-13.545,-8.855
11848,1145080,0.491904,-0.197152,-0.8256961,-4.5675,-10.6225,-7.2625
11849,1145177,0.503128,-0.190808,-0.8215481,-3.045,-9.2225,-6.3
11850,1145274,0.510448,-0.175436,-0.818132,-1.0675,-8.33,-4.7425
11851,1145370,0.485804,-0.136396,-0.83936,0.945,-7.1925,-2.9925
11852,1145467,0.481168,-0.157624,-0.835212,4.4975,-5.425,-1.1375
11853,1145563,0.483364,-0.205448,-0.763476,7.5775,-2.1175,-0.14
11854,1145660,0.465552,-0.240828,-0.8147161,9.8,1.4525,-1.1025
11855,1145757,0.490684,-0.227164,-0.81374,9.7125,-1.1375,-2.8875
11856,1145853,0.499224,-0.204472,-0.805444,9.8,-0.595,-3.4825
11857,1145950,0.497272,-0.167628,-0.8149601,9.975,-0.7,-3.395
11858,1146046,0.492148,-0.175924,-0.822036,11.55,-0.63,-2.555
11859,1146143,0.490196,-0.204472,-0.8108121,13.3875,0.8925,-1.645
11860,1146240,0.483608,-0.190808,-0.813984,13.4225,3.22,-1.015
11861,1146336,0.488976,-0.193736,-0.8147161,13.65,6.0725,-0.455
11862,1146433,0.48922,-0.216672,-0.805932,14.35,8.4875,-0.0525
11863,1146529,0.493612,-0.2196,-0.8066641,14.175,11.375,-0.6475
11864,1146626,0.486292,-0.216672,-0.810324,14.175,13.3525,-1.47
11865,1146723,0.486536,-0.245952,-0.807152,14.07,16.8875,-2.135
11866,1146819,0.472628,-0.258152,-0.813496,13.4575,21.5075,-3.4475
11867,1146916,0.463356,-0.28304,-0.811056,12.075,26.9675,-5.425
11868,1147012,0.464576,-0.309148,-0.799588,10.36,33.46,-8.645
11869,1147109,0.480192,-0.19154,-0.843264,8.89,41.37,-11.8825
11870,1147206,0.438468,-0.34526,-0.8210601,14.035,48.1075,-15.2425
11871,1147302,0.546072,-0.135176,-0.8764481,11.3575,58.275,-15.3125
11872,1147399,0.529236,-0.18788,-0.863028,19.0925,66.255,-14.385
11873,1147495,0.560468,-0.14518,-0.868884,19.565,76.9825,-11.3925
11874,1147592,0.540948,-0.176656,-0.866688,23.8175,89.635,-7.1925
11875,1147689,0.549244,-0.16592,-0.860344,25.1475,103.3375,-3.57
11876,1147785,0.567544,-0.151768,-0.860344,27.9475,118.7725,-0.6825
11877,1147882,0.563152,-0.174216,-0.85888,32.9525,133.4025,2.17
11878,1147978,0.576328,-0.171776,-0.8791321,39.865,148.3825,5.0225
11879,1148075,0.557052,-0.169824,-0.8906,49.0175,164.3775,7.2625
11880,1148171,0.547292,-0.166896,-0.959164,61.32,182.0875,9.66
11881,1148268,0.486536,-0.186172,-0.9752681,75.775,206.745,9.345
11882,1148365,0.453108,-0.222284,-1.0126,90.8425,242.7425,7.245
11883,1148461,0.5309441,-0.310612,-1.050664,108.08,289.415,2.6075
11884,1148558,0.440908,-0.303536,-1.186572,126.0,339.045,-6.965
11885,1148654,0.934764,-0.5553441,-1.394704,152.5125,382.655,-21.21
11886,1148751,1.435452,-0.637084,-1.500356,171.745,415.415,-33.4075
11887,1148848,1.408856,-0.692228,-1.598444,186.4275,435.5925,-42.0
11888,1148944,1.810968,-0.798124,-1.80316,208.6875,441.84,-49.56
11889,1149041,1.989332,-0.8298441,-1.777052,227.2375,422.065,-56.175
11890,1149137,2.015196,-0.975024,-1.968348,224.14,373.275,-76.0025
11891,1149234,1.44692,-0.665144,-2.152324,218.9075,296.94,-94.90251
11892,1149331,0.321592,-0.17324,-1.923452,210.77,196.1225,-111.3
11893,1149427,0.244488,-0.413092,-2.202832,207.9875,107.03,-123.2525
11894,1149524,1.91052,-1.70312,-2.829424,188.1075,55.1775,-149.38
11895,1149620,-0.605364,-1.066036,-1.424472,77.7525,-136.2725,-191.66
11896,1149717,-0.260348,-0.8479,-1.235128,16.415,-140.07,-202.09
11897,1149814,0.321348,-0.833016,-1.27368,1.9425,-126.14,-183.4875
11898,1149910,0.166408,-0.99918,-1.031632,4.4275,-156.5025,-139.5275
11899,1150007,0.117608,-1.15534,-0.919636,0.6125,-179.1825,-91.56
11900,1150103,0.259372,-1.15046,-0.897188,-24.2725,-198.3975,-49.9625
11901,1150200,0.24644,-0.9396441,-0.813008,-59.2725,-224.945,-16.0825
11902,1150297,0.104676,-0.577304,-0.6836881,-86.04751,-251.8775,10.71
11903,1150393,-0.037088,-0.249612,-0.5368,-91.2975,-267.3825,28.805
11904,1150490,-0.05734,-0.067588,-0.422852,-76.16001,-269.4125,39.48
11905,1150586,0.053436,-0.105164,-0.416996,-52.6575,-262.2025,41.51
11906,1150683,0.256688,-0.238144,-0.473116,-38.3775,-255.6925,35.7175
11907,1150780,0.392352,-0.338428,-0.553392,-39.3925,-256.165,28.175
11908,1150876,0.468724,-0.332816,-0.5885281,-48.685,-261.3275,24.5
11909,1150973,0.49776,-0.284016,-0.62586,-52.22,-263.8825,28.385
11910,1151069,0.548756,-0.289872,-0.689544,-41.3175,-261.905,39.585
11911,1151166,0.707112,-0.397964,-0.8142281,-24.0275,-257.705,54.1625
11912,1151263,0.8532681,-0.465552,-0.854488,-12.8625,-261.5375,68.81
11913,1151359,0.9586761,-0.512156,-0.825452,-7.6825,-269.395,80.6575
11914,1151456,0.959408,-0.470188,-0.8066641,-5.705,-275.0825,88.34001
11915,1151552,0.9962521,-0.470188,-0.821304,1.4875,-276.2375,92.05001
11916,1151649,1.016992,-0.55266,-0.8579041,13.65,-273.945,96.39
11917,1151746,1.042612,-0.722972,-0.875228,22.6975,-269.92,101.5525
11918,1151842,1.120204,-0.830332,-0.8708361,23.4675,-259.49,109.3925
11919,1151939,1.292956,-0.937448,-0.8569281,21.42,-243.67,122.5875
11920,1152035,1.574288,-1.104832,-0.8662001,18.4275,-224.5425,142.1175
11921,1152132,1.989088,-1.1956,-0.8239881,9.765,-206.5875,165.0075
11922,1152229,2.362652,-0.922076,-0.7854361,-5.705,-191.3275,188.125
11923,1152325,2.840648,-0.614392,-0.743956,-11.4975,-178.7275,205.38
11924,1152422,3.473828,-0.296216,-0.6222,-7.6125,-175.595,211.435
11925,1152518,3.731492,-0.214476,-0.273524,-7.0175,-199.64,209.0725
11926,1152615,3.537512,-0.902556,0.563152,-33.46,-235.1125,191.6075
11927,1152712,2.99144,0.287432,1.377868,-147.0875,-222.25,127.12
11928,1152808,3.505304,1.258308,1.634556,-179.1825,-179.865,59.605
11929,1152905,2.869196,0.395768,2.605432,-69.87751,-138.3375,48.6325
11930,1153001,3.19152,-0.30378,3.338896,18.97,-63.28,60.095
11931,1153098,2.97436,0.328424,3.398188,-24.29,87.67501,73.1325
11932,1153195,1.346148,1.0065,-0.8210601,-19.915,239.4,99.8025
11933,1153291,1.518656,1.27002,-4.090172,4.8825,303.4325,62.79
11934,1153388,1.342244,2.040572,-1.422764,-30.2225,202.65,-27.265
11935,1153484,1.259772,0.23546,-1.080188,41.4575,176.1725,-74.55
11936,1153581,0.636596,-0.8976761,-0.94306,73.9375,168.77,-67.235
11937,1153678,0.5363121,-0.64904,-0.529724,48.335,162.8375,-42.7175
11938,1153774,1.318088,-0.24888,-1.005768,34.755,183.7325,-35.6475
11939,1153871,1.462536,-1.321016,-1.726056,11.9525,148.225,-62.1425
11940,1153967,1.423008,-1.086044,-0.833504,-61.6525,70.0,-74.7075
11941,1154064,1.233664,0.075396,-1.34444,-94.4125,11.97,-54.355
11942,1154161,0.755912,-0.157624,-0.8569281,-67.0775,-7.7175,-40.11
11943,1154257,0.6082921,-0.209596,-0.879376,-35.0,-20.195,-25.445
11944,1154354,0.610488,-0.226188,-0.808372,-34.51,-14.2625,-16.765
11945,1154450,0.555588,-0.20618,-0.8532681,-25.1825,-15.19,-12.1625
11946,1154547,0.518256,-0.143716,-0.8620521,-17.955,-12.39,-7.7875
11947,1154644,0.519232,-0.145424,-0.859856,-9.975,-8.26,-4.06
11948,1154740,0.504348,-0.166652,-0.8549761,-2.4325,-5.4075,-0.8575
11949,1154837,0.498004,-0.195444,-0.834724,2.555,-2.8175,0.735
11950,1154933,0.506788,-0.20252,-0.8147161,5.8625,-0.4025,1.6975
11951,1155030,0.512888,-0.175924,-0.822524,7.7175,1.4175,2.66
11952,1155127,0.49654,-0.181536,-0.820816,10.5525,2.8875,4.4625
11953,1155223,0.497272,-0.207644,-0.813008,13.1425,4.165,5.635
11954,1155320,0.520208,-0.256688,-0.7761641,15.54,3.8325,5.2325
11955,1155416,0.486048,-0.262788,-0.7854361,14.6475,1.4175,3.5525
11956,1155513,0.471652,-0.24156,-0.792268,13.3,2.2575,1.05
11957,1155610,0.50752,-0.253272,-0.785192,14.8575,1.8725,-2.625
11958,1155706,0.4819,-0.230336,-0.8066641,16.0475,1.7325,-4.305
11959,1155803,0.50142,-0.244976,-0.79422,19.1275,4.1825,-5.3025
11960,1155899,0.487512,-0.244976,-0.76494,19.355,6.02,-6.1075
11961,1155996,0.482144,-0.30256,-0.7449321,15.82,2.695,-7.7525
11962,1156093,0.508008,-0.25986,-0.7605481,9.835,1.3475,-9.7825
11963,1156189,0.504592,-0.208132,-0.779824,5.95,0.2275,-10.0975
11964,1156286,0.4984921,-0.210328,-0.793244,4.795,0.6475,-9.695
11965,1156383,0.505324,-0.203984,-0.8039801,4.83,2.3975,-9.275
11966,1156479,0.49044,-0.242536,-0.7869,6.37,4.4275,-8.82
11967,1156576,0.515328,-0.250344,-0.786412,6.055,6.9125,-9.4325
11968,1156672,0.52094,-0.237656,-0.78812,4.9875,9.1875,-10.85
11969,1156769,0.516304,-0.227896,-0.79544,5.1275,11.165,-11.2175
11970,1156866,0.564372,-0.234972,-0.8239881,5.11,13.51,-10.4125
11971,1156962,0.491904,-0.2684,-0.7903161,5.7225,17.78,-10.4825
11972,1157059,0.526064,-0.267912,-0.7998321,4.9175,24.4825,-10.5
11973,1157155,0.535824,-0.23668,-0.805444,5.8275,30.1,-11.5675
11974,1157252,0.539972,-0.233508,-0.809836,10.045,34.3175,-13.1775
11975,1157349,0.469212,-0.215696,-0.852536,16.7125,39.8125,-14.0175
11976,1157445,0.5214281,-0.199836,-0.8718121,17.5,51.38,-12.355
11977,1157542,0.523624,-0.227164,-0.8579041,18.6375,66.325,-9.2225
11978,1157638,0.533872,-0.157624,-0.906948,24.9725,81.3575,-6.3
11979,1157735,0.510204,-0.183732,-0.9098761,28.105,99.12001,-2.5025
11980,1157832,0.499468,-0.183976,-0.9333,32.97,118.8775,1.3125
11981,1157928,0.4984921,-0.162748,-0.959652,39.6725,141.6275,3.7275
11982,1158025,0.513132,-0.1708,-0.9684361,50.995,165.48,4.6025
11983,1158122,0.496052,-0.185928,-1.0065,63.0875,189.98,6.125
11984,1158218,0.482876,-0.160796,-1.06506,75.6,219.31,7.7525
11985,1158315,0.421632,-0.238144,-1.04676,93.87,256.9175,6.93
11986,1158411,0.414312,-0.219844,-1.070672,109.7075,305.9875,1.9075
11987,1158508,0.630252,-0.324276,-1.112152,130.9,360.9725,-7.9975
11988,1158605,0.8039801,-0.435296,-1.564528,159.7225,413.2975,-18.13
11989,1158701,1.372744,-0.667096,-1.567456,183.0675,446.95,-29.155
11990,1158798,1.421788,-0.737124,-1.619916,192.22,463.61,-45.64
11991,1158894,1.854888,-0.874984,-1.94102,217.6825,469.245,-52.885
11992,1158991,2.008364,-0.868396,-1.804624,246.89,441.42,-56.35
11993,1159088,2.054724,-0.899872,-1.945168,245.35,383.495,-79.0125
11994,1159184,1.373476,-0.547292,-2.162084,233.5725,293.7725,-103.32
11995,1159281,0.042212,-0.02074,-1.877824,228.3225,178.3075,-119.1925
11996,1159377,0.824232,-0.717848,-2.687416,218.1725,83.895,-135.065
11997,1159474,1.758996,-1.740452,-2.861632,168.8925,11.34,-172.9
11998,1159571,-0.764452,-1.041392,-1.215364,46.0425,-193.0425,-203.0175
11999,1159667,-0.255468,-0.904508,-1.123132,-3.71,-171.605,-196.56
12000,1159764,0.184952,-0.918416,-1.036268,-14.035,-162.785,-160.9475
12001,1159860,-0.030012,-0.974536,-0.8108121,-15.54,-184.345,-112.49
12002,1159957,0.02074,-0.9699,-0.7622561,-17.5875,-196.105,-63.595
12003,1160054,0.189344,-0.864736,-0.750544,-27.2825,-207.27,-23.485
12004,1160150,0.22692,-0.721996,-0.696376,-37.59,-226.4325,10.6575
12005,1160247,0.203008,-0.518256,-0.595848,-45.325,-246.1375,38.9375
12006,1160343,0.129564,-0.345016,-0.503128,-48.125,-260.1375,58.52
12007,1160440,0.104188,-0.240828,-0.442372,-48.2125,-266.7175,67.55001
12008,1160537,0.199104,-0.224968,-0.457012,-51.2225,-266.9975,66.57
12009,1160633,0.32086,-0.24644,-0.5185,-59.01,-267.9775,56.525
12010,1160730,0.459696,-0.216184,-0.633668,-66.185,-270.8125,45.29
12011,1160826,0.461648,-0.174216,-0.609024,-62.86,-277.725,40.3375
12012,1160923,0.440176,-0.230824,-0.587796,-52.78,-279.7025,36.4875
12013,1161020,0.593652,-0.282064,-0.7510321,-42.0175,-270.41,29.7675
12014,1161116,0.85034,-0.340624,-0.8764481,-27.3,-266.385,26.495
12015,1161213,0.981612,-0.543388,-0.849608,-10.465,-276.99,31.5525
12016,1161309,0.9357401,-0.62464,-0.7956841,-1.995,-283.64,42.4725
12017,1161406,0.877668,-0.600972,-0.764452,0.6125,-278.775,54.8625
12018,1161502,0.872788,-0.5885281,-0.730048,7.8925,-264.8275,66.6225
12019,1161599,0.9633121,-0.666608,-0.771528,21.2625,-242.9,79.6425
12020,1161696,1.073844,-0.803492,-0.8291121,34.9125,-221.0075,94.01
12021,1161792,1.246596,-1.009916,-0.8596121,43.1725,-200.445,110.215
12022,1161889,1.571116,-1.184864,-0.8805961,41.5975,-178.8325,128.5725
12023,1161985,1.916376,-1.363228,-0.83692,33.6875,-162.26,150.465
12024,1162082,2.275544,-1.444724,-0.711748,16.7475,-150.22,174.5625
12025,1162179,2.609824,-0.9711201,-0.661728,-7.8575,-139.825,199.4125
12026,1162275,3.179076,-0.557296,-0.6178081,-13.2825,-130.6375,223.65
12027,1162372,3.77102,-0.46116,-0.488732,-7.3675,-146.1775,239.015
12028,1162468,3.92718,-0.575352,-0.10248,-29.4175,-195.02,241.325
12029,1162565,3.229584,-0.628788,0.907192,-115.9375,-256.97,213.43
12030,1162662,2.621536,0.80764,1.493036,-249.62,-254.205,130.41
12031,1162758,3.228852,2.14232,1.76168,-240.1175,-196.735,67.8825
12032,1162855,2.584204,0.697108,2.667408,-50.365,-166.7575,46.9875
12033,1162951,3.221776,-0.022692,3.165412,47.145,-74.2175,48.93
12034,1163048,2.314584,0.792268,3.177368,-19.11,55.2825,41.58
12035,1163145,0.955504,0.639036,-1.678964,11.0775,204.2775,54.565
12036,1163241,1.510604,0.582916,-3.474804,31.3075,264.705,28.7175
12037,1163338,1.265628,1.28588,-0.9084121,-19.1625,170.485,-31.465
12038,1163435,1.325652,-0.001708,-1.412028,44.31,171.745,-49.945
12039,1163531,0.660996,-0.418216,-1.093608,61.915,152.3025,-36.4525
12040,1163628,0.5702281,-0.345748,-0.6646561,47.7925,134.5225,-33.5825
12041,1163724,0.787388,-0.453108,-0.866688,54.495,148.9075,-29.6975
12042,1163821,0.88816,-0.484096,-0.827892,46.2875,131.7925,-35.8925
12043,1163917,1.236592,-1.16144,-1.070184,23.6775,124.5475,-50.96
12044,1164014,1.28344,-1.048712,-0.89426,-29.47,74.9875,-54.5125
12045,1164111,0.708332,-0.20374,-0.961116,-76.44001,34.895,-52.045
12046,1164207,0.976,-0.120292,-1.034072,-63.385,23.1875,-41.195
12047,1164304,0.626104,-0.36356,-0.79056,-49.7175,0.14,-32.7425
12048,1164400,0.685396,-0.10492,-0.9650201,-43.8025,2.345,-22.8725
12049,1164497,0.557784,-0.240584,-0.850584,-29.4875,-8.68,-18.41
12050,1164593,0.544852,-0.17934,-0.8418,-24.815,-5.3375,-14.0875
12051,1164690,0.537776,-0.209596,-0.8281361,-19.1625,-6.72,-12.0925
12052,1164787,0.519232,-0.221552,-0.826916,-15.68,-6.1425,-10.0975
12053,1164883,0.514596,-0.223748,-0.810568,-13.1425,-5.285,-8.54
12054,1164980,0.52216,-0.239364,-0.804224,-10.885,-4.445,-7.245
12055,1165076,0.5063,-0.227164,-0.815448,-7.4725,-3.5525,-5.1275
12056,1165173,0.5246,-0.240584,-0.8127641,-4.8825,-1.3125,-3.0625
12057,1165270,0.505568,-0.209596,-0.803492,-2.135,-0.1925,-1.3125
12058,1165366,0.51606,-0.224236,-0.7944641,0.1575,-1.1375,-0.8925
12059,1165463,0.522648,-0.2196,-0.79544,0.7,-2.2225,-0.4725
12060,1165559,0.506056,-0.246928,-0.783484,2.03,-4.13,-0.4025
12061,1165656,0.504348,-0.243268,-0.785192,2.31,-6.3875,-1.1375
12062,1165753,0.476776,-0.257908,-0.7869,2.8175,-8.7675,-2.6425
12063,1165849,0.47946,-0.245708,-0.797636,3.15,-9.1175,-4.1475
12064,1165946,0.47336,-0.242536,-0.790072,4.2525,-7.7525,-5.705
12065,1166042,0.476288,-0.279624,-0.7854361,4.76,-7.21,-7.49
12066,1166139,0.509228,-0.238388,-0.785924,3.7625,-6.8775,-9.2575
12067,1166236,0.50752,-0.221064,-0.7903161,4.305,-6.44,-9.905
12068,1166332,0.500688,-0.180316,-0.806908,5.145,-4.9,-8.855
12069,1166429,0.503616,-0.188856,-0.812032,6.23,-2.66,-7.56
12070,1166525,0.496784,-0.216428,-0.803248,7.9625,0.42,-6.3875
12071,1166622,0.485072,-0.228384,-0.807396,8.82,3.115,-6.5625
12072,1166718,0.469456,-0.248636,-0.809836,8.6975,5.915,-7.455
12073,1166815,0.465308,-0.247172,-0.8195961,8.155,9.31,-9.1
12074,1166912,0.501176,-0.27572,-0.8049561,7.6475,14.595,-10.0975
12075,1167008,0.497516,-0.267912,-0.799344,6.3875,20.8775,-11.62
12076,1167105,0.522892,-0.248636,-0.795928,6.195,26.8975,-13.02
12077,1167201,0.548756,-0.243024,-0.813008,6.93,33.95,-13.44
12078,1167298,0.518012,-0.175192,-0.837164,9.03,39.2175,-13.16
12079,1167395,0.458476,-0.165676,-0.87474,15.645,45.535,-13.8425
12080,1167491,0.471408,-0.224968,-0.8723001,22.19,55.965,-13.615
12081,1167588,0.51362,-0.223016,-0.8713241,21.0175,72.485,-10.6925
12082,1167684,0.5185,-0.150304,-0.915976,27.4925,87.67501,-8.575
12083,1167781,0.514108,-0.173728,-0.922564,29.365,105.2625,-4.6375
12084,1167878,0.5023961,-0.166408,-0.936716,34.9125,124.46,-0.07
12085,1167974,0.5077641,-0.132004,-0.9699,41.3,147.84,3.6225
12086,1168071,0.5002,-0.196908,-0.9943001,54.6525,172.6375,7.5075
12087,1168167,0.488,-0.210328,-1.049932,66.2375,199.22,9.7825
12088,1168264,0.4636,-0.227896,-1.064084,81.25251,229.0575,9.8175
12089,1168361,0.391376,-0.2928,-1.049688,95.97,268.625,4.8825
12090,1168457,0.455792,-0.26718,-1.094828,112.3325,316.47,-3.815
12091,1168554,0.587796,-0.42944,-1.199992,135.835,368.48,-16.135
12092,1168650,1.120448,-0.59658,-1.456924,158.8825,416.2725,-27.0375
12093,1168747,1.188036,-0.589504,-1.5006,170.1,442.3475,-43.5575
12094,1168844,1.343952,-0.822768,-1.589904,182.49,453.8275,-70.14
12095,1168940,1.920524,-0.8569281,-2.02276,199.395,459.06,-79.975
12096,1169037,2.21064,-0.9208561,-1.89466,227.85,422.905,-78.12
12097,1169133,2.091568,-0.7895841,-2.203076,234.045,354.445,-91.49
12098,1169230,1.292224,-0.280844,-2.1716,236.705,246.4525,-104.825
12099,1169327,-0.9242721,0.09247601,-2.145736,240.38,122.815,-118.8775
12100,1169423,2.173308,-1.173396,-3.161752,231.07,38.045,-133.735
12101,1169520,0.212768,-1.381528,-2.061556,144.5325,-73.6225,-183.8025
12102,1169616,-0.964532,-0.857172,-0.953308,36.6975,-194.39,-215.32
12103,1169713,0.09442801,-0.849608,-1.291736,2.0825,-125.7375,-202.7025
12104,1169809,0.244732,-0.959896,-1.140456,2.6425,-137.62,-151.9175
12105,1169906,-0.033672,-1.077016,-0.9186601,3.22,-168.665,-92.575
12106,1170003,0.077592,-1.053348,-0.86742,-11.0075,-181.3875,-44.2225
12107,1170099,0.130784,-0.843996,-0.808372,-36.575,-194.1625,-8.8025
12108,1170196,0.128344,-0.557052,-0.74786,-55.8775,-211.225,20.335
12109,1170292,0.134932,-0.341356,-0.682468,-59.99,-225.4875,43.0675
12110,1170389,0.09906401,-0.216916,-0.614392,-54.285,-238.0,58.415
12111,1170486,0.144204,-0.190808,-0.60146,-49.035,-246.5225,64.5925
12112,1170582,0.24888,-0.173728,-0.658068,-50.61,-253.6975,59.99
12113,1170679,0.36722,-0.155672,-0.71126,-56.5075,-264.46,47.1625
12114,1170775,0.434564,-0.149084,-0.7659161,-58.7125,-277.375,34.23
12115,1170872,0.409676,-0.132248,-0.735172,-51.45,-289.135,27.1425
12116,1170969,0.401624,-0.144448,-0.652212,-37.38,-292.7925,24.6925
12117,1171065,0.502884,-0.192028,-0.656116,-20.65,-283.15,21.245
12118,1171162,0.80642,-0.298168,-0.8671761,-2.275,-270.4975,18.76
12119,1171258,1.052616,-0.4331,-0.983564,19.425,-272.1425,24.6575
12120,1171355,1.05286,-0.529724,-0.8957241,34.685,-285.5475,39.76
12121,1171451,0.99796,-0.589992,-0.814472,46.9175,-287.7175,58.905
12122,1171548,1.053348,-0.666364,-0.81618,57.2075,-277.9175,76.4225
12123,1171645,1.2017,-0.80886,-0.807396,66.4125,-261.9925,94.185
12124,1171741,1.32004,-1.036268,-0.750788,68.8975,-245.0875,115.0625
12125,1171838,1.48474,-1.23708,-0.686616,58.975,-225.12,137.27
12126,1171934,1.721908,-1.384212,-0.659044,38.1325,-202.23,161.4725
12127,1172031,2.061556,-1.4579,-0.632936,12.075,-179.2525,188.9475
12128,1172128,2.40218,-1.295152,-0.504592,-17.5175,-161.7875,216.265
12129,1172224,2.740364,-0.5838921,-0.580964,-42.175,-147.035,240.7825
12130,1172321,3.445768,-0.130296,-0.594628,-37.765,-138.0925,259.2975
12131,1172417,3.685864,-0.122732,-0.316956,-39.97,-168.9625,258.65
12132,1172514,3.449916,-0.485316,0.6307401,-89.2325,-214.235,224.63
12133,1172610,2.979972,0.494344,1.151436,-213.9725,-207.9175,135.66
12134,1172707,3.479928,1.671156,1.4091,-237.755,-183.12,65.0125
12135,1172804,2.552728,0.6405,2.453664,-94.22,-161.805,49.7175
12136,1172900,2.923608,-0.367708,3.217384,28.91,-82.6,62.2125
12137,1172997,3.099288,0.206424,3.55264,-5.775,62.825,68.11
12138,1173094,1.613328,0.6756361,-0.238144,8.26,229.25,90.02
12139,1173190,1.511092,0.7761641,-4.047472,45.2725,289.52,69.4925
12140,1173287,1.272704,1.758996,-1.415688,-15.365,205.52,-11.6025
12141,1173383,1.37372,0.15006,-1.154608,44.8875,182.595,-60.515
12142,1173480,0.7093081,-0.824964,-1.011136,79.31,169.8025,-49.8575
12143,1173577,0.5504641,-0.521672,-0.632204,50.505,155.505,-33.7575
12144,1173673,1.190232,-0.274256,-0.9762441,47.5825,173.4075,-29.995
12145,1173770,1.398364,-0.9486721,-1.267336,32.2875,147.07,-51.6075
12146,1173866,1.420568,-1.47498,-0.825452,-16.625,79.6775,-65.0825
12147,1173963,0.6605081,-0.358924,-0.9125601,-77.98,33.005,-55.9825
12148,1174060,1.05164,0.144692,-1.110688,-74.83,27.1775,-46.55
12149,1174156,0.713944,-0.448716,-0.787632,-49.21,-0.1575,-34.3525
12150,1174253,0.648796,-0.18056,-0.8959681,-42.7,-2.0825,-22.82
12151,1174349,0.588284,-0.279868,-0.817156,-34.7375,-10.9025,-20.79
12152,1174446,0.534604,-0.238632,-0.828868,-32.2,-13.5975,-19.3025
12153,1174543,0.536068,-0.235216,-0.81618,-29.995,-14.735,-18.585
12154,1174639,0.524356,-0.22936,-0.8383841,-26.95,-13.9475,-17.08
12155,1174736,0.50874,-0.227652,-0.8322841,-22.715,-13.545,-14.8225
12156,1174832,0.510204,-0.216428,-0.8215481,-18.06,-11.0075,-12.4075
12157,1174929,0.521672,-0.17202,-0.830332,-13.23,-7.8225,-9.2575
12158,1175025,0.5246,-0.161772,-0.845704,-7.1925,-5.04,-5.1625
12159,1175122,0.500932,-0.174216,-0.837408,-1.54,-3.815,-1.75
12160,1175219,0.510204,-0.210084,-0.8147161,2.03,-2.2225,0.28
12161,1175315,0.49898,-0.209352,-0.798124,4.3575,-1.9425,0.7875
12162,1175412,0.499956,-0.249124,-0.709796,5.3725,-2.1,0.665
12163,1175508,0.481168,-0.252784,-0.789828,6.405,-1.2775,-0.1925
12164,1175605,0.49044,-0.231312,-0.8081281,7.6475,-7.28,-1.4525
12165,1175702,0.473848,-0.217648,-0.8091041,8.4,-6.8425,-3.0975
12166,1175798,0.468236,-0.22814,-0.809348,9.625,-4.445,-4.3575
12167,1175895,0.477508,-0.24888,-0.79178,9.3625,-1.295,-6.265
12168,1175991,0.491904,-0.25498,-0.784704,8.5925,-0.49,-7.6825
12169,1176088,0.49166,-0.202032,-0.80642,7.4375,-1.1725,-8.3825
12170,1176185,0.513864,-0.184952,-0.80886,7.14,-0.0875,-7.7175
12171,1176281,0.507276,-0.176656,-0.81618,8.54,2.03,-6.2825
12172,1176378,0.508984,-0.21838,-0.801052,10.675,4.9525,-4.935
12173,1176474,0.490196,-0.241316,-0.800564,11.27,7.1925,-4.55
12174,1176571,0.476288,-0.266692,-0.799588,10.85,8.9775,-5.46
12175,1176668,0.496052,-0.250832,-0.795928,9.31,11.8125,-7.8225
12176,1176764,0.489952,-0.25132,-0.79422,7.9275,15.225,-9.275
12177,1176861,0.497028,-0.261324,-0.790072,6.9125,20.0375,-10.045
12178,1176957,0.516792,-0.304024,-0.794708,6.2125,27.125,-11.095
12179,1177054,0.516304,-0.243512,-0.808372,5.775,31.9375,-12.6175
12180,1177151,0.518256,-0.2196,-0.8215481,8.54,36.1375,-14.4375
12181,1177247,0.442616,-0.250344,-0.855708,15.225,42.4025,-16.3975
12182,1177344,0.541436,-0.10004,-0.89426,14.14,53.4625,-15.435
12183,1177440,0.509716,-0.207888,-0.859856,21.385,66.0975,-12.635
12184,1177537,0.542168,-0.132248,-0.9010921,24.71,79.87,-9.065
12185,1177634,0.513864,-0.159576,-0.921344,29.19,96.5125,-4.0425
12186,1177730,0.50142,-0.171776,-0.927932,33.3375,116.2,1.2075
12187,1177827,0.510936,-0.125904,-0.96258,38.85,138.495,4.585
12188,1177923,0.51606,-0.138836,-0.995764,50.75,162.7325,8.61
12189,1178020,0.491416,-0.194224,-1.024312,66.2375,188.72,13.1775
12190,1178116,0.477752,-0.1769,-1.074332,81.585,216.335,15.5925
12191,1178213,0.40138,-0.24644,-1.067256,99.295,253.2775,13.7725
12192,1178310,0.3965,-0.22082,-1.062132,115.4475,300.58,8.6975
12193,1178406,0.582428,-0.284748,-1.089704,139.895,354.165,2.38
12194,1178503,0.641964,-0.383812,-1.472296,171.815,406.6125,-5.81
12195,1178599,1.264652,-0.524112,-1.543544,199.9025,441.7,-15.0675
12196,1178696,1.594052,-0.79178,-1.535248,219.6075,454.8075,-29.855
12197,1178793,1.809016,-0.726388,-1.814628,236.3025,458.2025,-32.9175
12198,1178889,2.098156,-0.930616,-1.754116,260.82,430.4125,-39.2
12199,1178986,2.050332,-1.02846,-1.965176,260.435,371.0525,-56.455
12200,1179082,1.45912,-0.633912,-2.24236,248.2375,280.49,-82.215
12201,1179179,0.304512,-0.411384,-1.973472,242.0075,163.0475,-100.6425
12202,1179276,0.165676,-0.8949921,-2.301896,214.865,61.145,-108.4825
12203,1179372,1.513776,-1.780468,-2.797216,150.9375,15.7325,-131.985
12204,1179469,-0.989908,-0.770308,-1.20414,18.7075,-173.32,-188.72
12205,1179565,-0.215696,-0.6653881,-1.309548,-18.165,-144.795,-199.8675
12206,1179662,0.303048,-0.7754321,-1.279292,-10.01,-140.035,-176.2775
12207,1179758,0.01098,-0.990396,-0.9969841,-0.595,-173.9325,-130.305
12208,1179855,-0.012444,-1.058716,-0.8869401,-9.2225,-191.625,-86.765
12209,1179952,0.109556,-0.9010921,-0.851804,-35.07,-202.6325,-52.325
12210,1180048,0.151524,-0.660752,-0.813496,-58.8,-218.2075,-22.8725
12211,1180145,0.170556,-0.405772,-0.765184,-69.265,-234.7975,2.5375
12212,1180242,0.07856801,-0.183,-0.6527,-67.1825,-250.845,20.6675
12213,1180338,0.07832401,-0.07417601,-0.57218,-58.485,-258.93,29.68
12214,1180435,0.208864,-0.076372,-0.587308,-50.4525,-259.525,28.5425
12215,1180531,0.320616,-0.149816,-0.616588,-49.07,-263.76,18.7775
12216,1180628,0.364536,-0.191052,-0.61976,-51.765,-271.3375,7.63
12217,1180724,0.36844,-0.20862,-0.590236,-52.15,-275.1875,1.855
12218,1180821,0.437736,-0.263032,-0.653188,-45.85,-270.06,3.885
12219,1180918,0.647332,-0.360632,-0.80642,-31.115,-262.535,14.0525
12220,1181014,0.840824,-0.470188,-0.8852321,-17.255,-264.495,29.715
12221,1181111,0.9037761,-0.490196,-0.822768,-12.0925,-273.8575,48.4925
12222,1181207,0.9469641,-0.474092,-0.7829961,-7.805,-277.725,62.4225
12223,1181304,0.987956,-0.46238,-0.813008,0.42,-276.01,71.1375
12224,1181401,1.025776,-0.5458281,-0.8759601,15.4525,-272.055,77.595
12225,1181497,1.109468,-0.703696,-0.932568,29.5575,-266.245,86.22251
12226,1181594,1.193648,-0.863028,-0.9442801,38.045,-257.495,100.52
12227,1181690,1.32126,-1.038952,-0.9269561,40.075,-243.74,121.905
12228,1181787,1.596004,-1.180228,-0.868884,31.71,-225.75,147.1925
12229,1181884,1.954684,-1.319552,-0.820328,12.5475,-207.7775,174.6675
12230,1181980,2.278228,-1.00894,-0.752496,-15.995,-195.4925,199.1325
12231,1182077,2.6047,-0.507276,-0.67588,-36.19,-181.755,217.9975
12232,1182173,3.088552,-0.17934,-0.5309441,-35.1925,-173.18,222.0575
12233,1182270,3.451136,-0.20374,-0.31476,-34.51,-179.795,208.145
12234,1182367,3.392088,-0.259616,0.464576,-72.5025,-199.6925,169.1725
12235,1182463,3.47334,0.447984,0.900848,-168.1225,-191.975,94.6225
12236,1182560,3.254716,1.141676,1.428864,-172.095,-185.22,47.1625
12237,1182656,2.685708,0.24644,2.35582,-55.02,-171.9725,37.5375
12238,1182753,3.199816,-0.365512,2.837964,11.13,-84.33249,39.0775
12239,1182850,3.073424,-0.102968,3.371348,-7.49,16.0475,46.48
12240,1182946,1.999336,0.739564,1.86538,-18.55,164.92,75.4775
12241,1183043,1.57014,0.307196,-3.927912,29.12,278.8275,74.515
12242,1183139,1.240984,1.7385,-2.088884,-20.0025,225.995,7.49
12243,1183236,1.26636,0.8786441,-0.934764,13.3875,169.715,-52.1675
12244,1183333,0.9655081,-0.584868,-1.282952,82.04,171.885,-47.4425
12245,1183429,0.411384,-0.513864,-0.625616,62.3875,145.2325,-32.6725
12246,1183526,1.055544,-0.412116,-0.903044,57.925,162.505,-27.2475
12247,1183622,1.346392,-0.866932,-1.178764,48.3,149.135,-36.505
12248,1183719,1.62382,-1.69824,-0.984296,3.29,88.8125,-57.2775
12249,1183816,0.691252,-0.480192,-0.8405801,-63.4025,34.4925,-47.5125
12250,1183912,0.965996,0.111508,-1.069452,-65.29251,24.4125,-40.705
12251,1184009,0.782752,-0.363316,-0.854488,-43.855,2.1525,-29.96
12252,1184105,0.62586,-0.225456,-0.869372,-33.88,-3.2025,-16.8175
12253,1184202,0.592188,-0.248392,-0.825208,-24.7275,-6.7725,-12.775
12254,1184299,0.553392,-0.167384,-0.8642481,-20.5275,-6.7025,-9.5375
12255,1184395,0.5267961,-0.18666,-0.828868,-14.385,-5.775,-6.51
12256,1184492,0.527528,-0.220576,-0.81984,-9.52,-4.3225,-4.1125
12257,1184588,0.49898,-0.25254,-0.80642,-6.3175,-4.9175,-3.395
12258,1184685,0.504104,-0.243512,-0.8091041,-4.9,-3.115,-3.22
12259,1184781,0.5172801,-0.228384,-0.8030041,-3.7275,-2.4325,-2.975
12260,1184878,0.514352,-0.212036,-0.808372,-2.275,-2.3975,-2.2925
12261,1184975,0.4933681,-0.23424,-0.8044681,-0.0175,-2.5375,-1.12
12262,1185071,0.500444,-0.258884,-0.800076,1.4,-1.96,-0.6825
12263,1185168,0.504592,-0.26108,-0.777872,2.52,-2.5025,-1.4175
12264,1185264,0.518744,-0.244,-0.775188,1.9425,-3.185,-2.275
12265,1185361,0.504348,-0.262544,-0.773968,2.0125,-6.4575,-3.2025
12266,1185458,0.50874,-0.241316,-0.79422,2.5375,-7.91,-3.8675
12267,1185554,0.539484,-0.230336,-0.796172,2.2575,-5.8625,-4.6025
12268,1185651,0.467504,-0.257664,-0.77836,5.6875,-7.525,-5.6175
12269,1185747,0.495564,-0.258396,-0.783484,5.53,-4.3575,-7.63
12270,1185844,0.496296,-0.245952,-0.782752,3.605,-5.5125,-9.87
12271,1185941,0.48678,-0.232776,-0.787876,1.9075,-6.055,-10.57
12272,1186037,0.501176,-0.206424,-0.803492,0.7525,-5.6875,-10.955
12273,1186134,0.507032,-0.207888,-0.8039801,1.015,-4.235,-10.6225
12274,1186230,0.508252,-0.214964,-0.792756,2.7475,-2.31,-9.73
12275,1186327,0.506544,-0.218868,-0.800808,3.115,-0.14,-9.31
12276,1186423,0.503128,-0.251808,-0.792512,4.06,2.2925,-9.135
12277,1186520,0.488732,-0.229116,-0.81252,4.1475,4.1825,-9.66
12278,1186617,0.49654,-0.231556,-0.8020281,4.27,7.735,-10.57
12279,1186713,0.465796,-0.244244,-0.797636,4.8825,13.0725,-10.7975
12280,1186810,0.488488,-0.264252,-0.811544,3.9725,22.155,-11.1475
12281,1186906,0.492392,-0.292068,-0.8108121,4.305,29.855,-12.7225
12282,1187003,0.515328,-0.248636,-0.816668,4.4275,35.14,-14.945
12283,1187100,0.509716,-0.22326,-0.8337481,8.5925,39.8125,-18.1125
12284,1187196,0.410652,-0.310368,-0.849852,14.77,46.095,-21.175
12285,1187293,0.5504641,-0.091256,-0.918416,12.6525,60.025,-20.3875
12286,1187389,0.504348,-0.200812,-0.8808401,22.61,74.165,-18.6375
12287,1187486,0.5429,-0.107604,-0.9191481,23.3975,90.4575,-14.5425
12288,1187583,0.524356,-0.139324,-0.9140241,28.42,109.4975,-8.47
12289,1187679,0.51362,-0.135176,-0.951356,33.04,131.425,-2.555
12290,1187776,0.523136,-0.118828,-0.972828,40.5475,154.3675,1.855
12291,1187872,0.526552,-0.154208,-0.987224,53.3575,179.235,6.0025
12292,1187969,0.491172,-0.162016,-1.046272,65.38,206.2025,8.6275
12293,1188066,0.474092,-0.208864,-1.065548,80.5875,237.72,9.1
12294,1188162,0.424316,-0.280844,-1.018456,95.865,280.665,4.165
12295,1188259,0.517768,-0.33794,-1.07238,112.0,334.67,-4.9525
12296,1188355,0.583648,-0.438712,-1.335412,132.93,387.03,-19.2325
12297,1188452,1.227564,-0.576816,-1.458388,152.11,431.27,-34.3175
12298,1188549,1.287344,-0.760792,-1.56282,164.36,452.8475,-59.0975
12299,1188645,1.409588,-0.81862,-1.691164,174.79,465.71,-83.58001
12300,1188742,1.940776,-0.886452,-1.943216,206.7275,462.98,-82.5825
12301,1188838,1.96664,-0.822768,-1.847812,239.5925,425.5825,-80.2025
12302,1188935,1.904176,-0.8296,-2.180872,247.415,359.3275,-97.45749
12303,1189032,1.1224,-0.36356,-1.942484,250.3025,245.4375,-115.4475
12304,1189128,-0.996008,-0.169092,-1.824388,240.905,129.885,-125.755
12305,1189225,2.394372,-1.877336,-3.094896,226.485,74.445,-129.8675
12306,1189321,0.283528,-1.530368,-1.998116,111.5625,-63.035,-153.0725
12307,1189418,-1.072624,-0.821792,-0.928176,-2.31,-187.5475,-172.7775
12308,1189515,0.052704,-0.57462,-1.220976,-31.8675,-113.9075,-161.8925
12309,1189611,0.288652,-0.65514,-1.079456,-13.37,-125.4225,-119.4375
12310,1189708,-0.025864,-0.8908441,-0.854732,6.3,-162.3125,-72.1
12311,1189804,0.09906401,-0.97234,-0.8244761,-2.1875,-180.355,-38.9375
12312,1189901,0.216184,-0.790072,-0.807152,-30.065,-198.6775,-17.01
12313,1189998,0.308904,-0.555588,-0.79422,-50.7675,-222.1625,5.3025
12314,1190094,0.268156,-0.358436,-0.701012,-56.0175,-248.15,27.7025
12315,1190191,0.211548,-0.227896,-0.5795,-50.89,-269.01,44.03
12316,1190287,0.160796,-0.210572,-0.502884,-44.905,-281.05,50.435
12317,1190384,0.241804,-0.190076,-0.478972,-46.655,-285.355,47.6
12318,1190481,0.321104,-0.19642,-0.48922,-52.6225,-287.14,39.165
12319,1190577,0.424316,-0.192272,-0.543876,-55.65,-286.3875,31.29
12320,1190674,0.451156,-0.189588,-0.571692,-49.0875,-284.6375,30.94
12321,1190770,0.450424,-0.214476,-0.540704,-35.525,-279.37,37.3625
12322,1190867,0.62708,-0.351116,-0.635864,-20.3,-264.6525,44.4675
12323,1190963,0.937936,-0.46848,-0.847412,-5.46,-254.45,55.0375
12324,1191060,1.081652,-0.589992,-0.915244,4.0775,-261.87,70.735
12325,1191157,1.03822,-0.615124,-0.898896,4.8475,-274.2075,87.60501
12326,1191253,1.013332,-0.581208,-0.896212,4.165,-278.95,100.625
12327,1191350,1.17608,-0.606584,-0.960384,9.555,-275.9575,111.8425
12328,1191446,1.371036,-0.7766521,-1.039684,22.0325,-273.42,126.2625
12329,1191543,1.473028,-1.022848,-1.0004,26.7925,-275.8525,144.3575
12330,1191640,1.650904,-1.202188,-0.91744,14.0875,-273.525,165.5325
12331,1191736,1.88246,-1.249524,-0.80154,-11.095,-264.9675,186.1125
12332,1191833,2.084736,-0.879864,-0.69662,-38.3075,-252.77,204.7675
12333,1191929,2.314584,-0.410164,-0.588772,-49.7525,-234.675,217.8575
12334,1192026,2.705228,-0.06563601,-0.495564,-44.9575,-214.2175,212.0475
12335,1192123,3.178344,-0.6985721,0.25742,-40.04,-201.3375,186.2
12336,1192219,2.957768,0.767136,0.734684,-118.93,-159.145,119.8225
12337,1192316,4.158004,1.068476,0.619028,-110.3725,-124.25,67.795
12338,1192412,3.514576,0.057828,1.6226,-45.115,-129.465,57.505
12339,1192509,2.978752,0.286944,2.481724,-36.225,-119.8225,35.315
12340,1192606,3.350608,0.225456,3.009496,-26.4075,-20.4925,27.6675
12341,1192702,3.801764,-0.034404,3.300588,11.375,99.31251,50.9775
12342,1192799,1.75802,0.51484,0.074664,0.63,214.7075,83.23001
12343,1192895,2.012268,0.549,-4.125064,2.7825,288.3125,61.6
12344,1192992,1.11142,1.7629,-1.762412,-42.84,181.37,-16.5725
12345,1193088,0.9298841,0.581696,-0.7986121,6.23,141.3825,-56.875
12346,1193185,0.7510321,-0.65148,-1.090436,65.29251,155.155,-39.9175
12347,1193282,0.462136,-0.387472,-0.64416,44.135,134.33,-29.085
12348,1193378,1.270752,-0.579988,-1.04676,39.2175,147.4725,-31.71
12349,1193475,2.082784,-1.730692,-1.317844,7.875,106.6625,-53.585
12350,1193571,0.457012,-0.537044,-0.63318,-62.23,16.3975,-50.575
12351,1193668,1.1834,0.108336,-1.237568,-64.8725,12.39,-41.7375
12352,1193765,0.644892,-0.20008,-0.8298441,-46.935,-4.6725,-32.7775
12353,1193861,0.624396,-0.186416,-0.870592,-27.37,-13.93,-19.4075
12354,1193958,0.562908,-0.33184,-0.756888,-23.03,-11.935,-13.6325
12355,1194054,0.541436,-0.264496,-0.8066641,-24.9025,-13.195,-13.4225
12356,1194151,0.481412,-0.245952,-0.8174001,-23.9575,-17.1325,-14.875
12357,1194248,0.482388,-0.27816,-0.805688,-22.3825,-16.485,-16.4675
12358,1194344,0.504836,-0.21472,-0.827404,-20.5275,-15.645,-16.9575
12359,1194441,0.549732,-0.175192,-0.834968,-16.0475,-14.5775,-14.63
12360,1194537,0.508008,-0.1647,-0.858392,-9.1175,-14.805,-10.85
12361,1194634,0.501908,-0.156404,-0.8388721,-3.8325,-11.585,-7.63
12362,1194731,0.521184,-0.183488,-0.83204,-0.245,-7.4375,-5.25
12363,1194827,0.506788,-0.153232,-0.828624,1.995,-6.2475,-3.745
12364,1194924,0.501908,-0.19764,-0.807884,3.4825,-5.355,-2.8
12365,1195020,0.494588,-0.166652,-0.837652,4.8825,-5.285,-1.89
12366,1195117,0.499956,-0.188612,-0.820816,6.4925,-3.15,-1.3475
12367,1195214,0.497272,-0.251564,-0.7978801,7.945,-2.5725,-1.54
12368,1195310,0.489708,-0.259128,-0.792024,7.21,-3.325,-3.465
12369,1195407,0.505568,-0.232044,-0.7986121,5.495,-3.535,-5.0925
12370,1195503,0.518744,-0.187636,-0.808372,4.935,-3.0625,-5.3725
12371,1195600,0.494832,-0.17446,-0.81374,5.355,-2.135,-4.7075
12372,1195697,0.494344,-0.184952,-0.811544,6.4575,-0.0525,-3.7275
12373,1195793,0.498248,-0.183976,-0.8091041,7.21,2.345,-3.395
12374,1195890,0.499956,-0.193248,-0.809348,8.1725,4.4625,-3.0975
12375,1195986,0.490928,-0.225944,-0.803736,8.89,6.44,-3.15
12376,1196083,0.5002,-0.229848,-0.796416,8.505,8.575,-3.9375
12377,1196179,0.4933681,-0.221796,-0.794952,7.98,10.99,-4.655
12378,1196276,0.498004,-0.211304,-0.8049561,8.05,13.3875,-5.11
12379,1196373,0.490684,-0.2379,-0.7998321,8.5225,16.0475,-5.53
12380,1196469,0.480192,-0.248148,-0.805444,8.5925,19.845,-6.58
12381,1196566,0.471408,-0.261324,-0.8049561,8.05,24.08,-8.435
12382,1196662,0.476044,-0.275476,-0.815936,7.3675,30.415,-10.78
12383,1196759,0.414312,-0.260104,-0.83936,8.015,37.52,-13.615
12384,1196856,0.509472,-0.216672,-0.850584,9.0125,47.25,-16.625
12385,1196952,0.535092,-0.174704,-0.8513161,13.125,56.35,-17.78
12386,1197049,0.563152,-0.128832,-0.861808,16.0475,64.925,-16.695
12387,1197145,0.561932,-0.119316,-0.8671761,19.67,75.5125,-12.1975
12388,1197242,0.549488,-0.13908,-0.8527801,23.345,87.92,-6.5275
12389,1197339,0.543876,-0.159332,-0.860344,25.8125,101.815,-1.68
12390,1197435,0.563152,-0.162748,-0.8679081,27.86,116.8475,1.75
12391,1197532,0.565104,-0.183488,-0.8676641,31.6925,132.5625,4.3225
12392,1197628,0.543876,-0.173972,-0.8959681,37.345,149.5025,5.145
12393,1197725,0.540948,-0.171044,-0.92598,45.4825,168.875,5.845
12394,1197822,0.534848,-0.214476,-0.9696561,57.8025,191.695,6.265
12395,1197919,0.467992,-0.200568,-1.01504,70.1225,219.415,3.9025
12396,1198015,0.4636,-0.288896,-1.028216,83.4925,259.7,-0.455
12397,1198111,0.5309441,-0.367952,-1.053104,95.585,308.875,-10.815
12398,1198208,0.5673,-0.463112,-1.317356,114.0825,358.5925,-24.64
12399,1198304,1.180228,-0.6075601,-1.403732,129.9025,400.96,-42.1925
12400,1198401,1.26148,-0.599264,-1.511092,141.54,428.3825,-62.16
12401,1198498,1.343464,-0.772992,-1.60796,159.0225,446.2675,-80.64
12402,1198594,1.978108,-0.843508,-1.97518,185.815,452.06,-80.64
12403,1198691,1.972984,-0.793488,-1.879776,213.3075,421.715,-77.1925
12404,1198787,2.04228,-0.920368,-2.133048,222.075,362.6175,-92.015
12405,1198884,1.35786,-0.549,-2.142808,225.4525,264.53,-107.7125
12406,1198981,-0.626104,-0.36844,-1.78608,207.76,149.345,-121.1
12407,1199077,1.704828,-1.33102,-2.8914,188.16,80.605,-113.855
12408,1199174,0.837408,-1.571604,-2.441464,118.51,-3.29,-125.9825
12409,1199270,-1.029436,-0.795928,-1.0553,10.115,-166.6175,-149.555
12410,1199367,-0.033184,-0.514352,-1.31638,-19.635,-101.745,-147.8225
12411,1199464,0.4213881,-0.591456,-1.287588,-0.2975,-108.4825,-114.31
12412,1199560,0.120536,-0.879864,-1.037,20.3175,-151.375,-69.9475
12413,1199657,0.18422,-1.072868,-0.976976,10.745,-178.255,-34.79
12414,1199753,0.355996,-0.9150001,-0.955992,-30.2575,-202.7725,-12.7575
12415,1199850,0.238876,-0.5368,-0.8418,-70.35,-237.545,4.3925
12416,1199947,0.172264,-0.128832,-0.70638,-83.825,-263.165,18.2175
12417,1200043,0.09394001,0.039528,-0.5785241,-66.395,-276.5,27.23
12418,1200140,0.096624,0.015372,-0.471408,-36.995,-280.5075,32.9875
12419,1200236,0.209108,-0.17324,-0.443104,-18.4975,-276.815,33.8275
12420,1200333,0.292556,-0.280844,-0.476776,-22.47,-273.1575,28.2625
12421,1200430,0.42944,-0.28304,-0.526308,-38.2025,-270.34,22.1725
12422,1200526,0.448716,-0.196176,-0.549244,-45.3425,-267.7675,23.8875
12423,1200623,0.457744,-0.159088,-0.5856,-37.5375,-259.8225,32.2525
12424,1200719,0.622932,-0.240096,-0.720776,-18.83,-246.505,40.3725
12425,1200816,0.974292,-0.331108,-0.8940161,-2.7475,-240.555,48.51
12426,1200912,1.079456,-0.441396,-0.8718121,5.4425,-254.5025,56.84
12427,1201009,0.974536,-0.435296,-0.754936,5.6525,-271.8625,62.335
12428,1201106,0.945744,-0.342332,-0.6985721,9.52,-273.5775,66.46501
12429,1201202,1.031876,-0.383812,-0.74542,29.1725,-265.3875,72.7475
12430,1201299,1.034804,-0.587308,-0.74908,53.4975,-259.875,83.79001
12431,1201395,1.104344,-0.866932,-0.724436,65.2575,-249.2,100.695
12432,1201492,1.21024,-1.033828,-0.731268,59.15,-229.74,125.2825
12433,1201589,1.387872,-1.126304,-0.718092,43.4,-207.5325,153.6325
12434,1201685,1.743624,-1.189256,-0.69662,22.365,-183.6975,184.205
12435,1201782,2.066436,-0.84912,-0.713944,-3.325,-165.48,209.965
12436,1201878,2.441952,-0.469456,-0.673928,-17.7975,-152.6,225.715
12437,1201975,2.86822,-0.125904,-0.552904,-20.5275,-147.07,225.47
12438,1202071,3.332064,0.047336,-0.39772,-22.3825,-152.39,208.1975
12439,1202168,3.54654,0.156892,-0.15128,-39.515,-178.2725,175.6825
12440,1202265,3.544344,0.176412,0.104676,-74.04251,-216.3875,134.8375
12441,1202361,3.105632,-0.23546,0.443104,-112.175,-252.9275,91.0875
12442,1202458,2.699372,0.199836,1.75802,-160.5625,-257.1625,35.14
12443,1202554,2.451468,0.987224,2.346548,-176.89,-189.2275,-22.82
12444,1202651,2.634224,-0.198128,3.028528,-48.0725,-92.82001,-3.955
12445,1202748,2.804536,-0.604876,3.5258,23.1875,32.2875,53.025
12446,1202844,1.089216,0.397232,-0.177388,-13.195,202.65,112.8225
12447,1202941,1.076284,0.635864,-3.639992,14.1225,294.35,107.415
12448,1203037,1.394216,1.875872,-1.755824,-28.8225,222.915,26.355
12449,1203134,1.329556,0.8357,-1.142652,21.35,190.54,-27.5625
12450,1203230,0.931836,-0.284504,-1.37006,73.5875,176.33,-37.8875
12451,1203327,0.405284,-0.460916,-0.651968,64.33,150.5525,-35.91
12452,1203424,0.80154,-0.384056,-0.80764,65.415,166.2325,-25.97
12453,1203520,1.052616,-0.24522,-1.009184,63.7175,160.055,-29.2075
12454,1203617,1.653832,-1.585512,-1.42618,45.5175,139.51,-53.2525
12455,1203713,1.271484,-1.0858,-0.625616,-34.195,71.71501,-53.9
12456,1203810,0.745908,-0.20374,-1.004792,-76.3875,8.4,-53.76
12457,1203907,0.9730721,-0.144936,-0.996496,-67.3225,24.01,-36.8725
12458,1204003,0.630496,-0.273524,-0.811788,-37.555,-6.545,-26.3725
12459,1204100,0.61854,-0.225456,-0.85644,-35.7875,-2.6425,-16.3275
12460,1204196,0.549244,-0.276696,-0.8344801,-26.74,-8.9425,-13.895
12461,1204293,0.548512,-0.197396,-0.8430201,-23.2225,-6.5275,-10.7275
12462,1204389,0.549488,-0.211792,-0.8296,-16.135,-7.1225,-8.5575
12463,1204486,0.519964,-0.216428,-0.818132,-12.355,-6.2475,-6.72
12464,1204583,0.513132,-0.21716,-0.821792,-8.33,-5.4775,-4.5325
12465,1204679,0.5214281,-0.241316,-0.80642,-4.9525,-3.7625,-2.6425
12466,1204776,0.51972,-0.2196,-0.806176,-2.9225,-2.3625,-1.3475
12467,1204872,0.5172801,-0.219356,-0.80276,-0.8925,-1.68,-0.175
12468,1204969,0.514108,-0.221552,-0.800808,1.26,-0.7875,1.1725
12469,1205066,0.512888,-0.220088,-0.79544,2.625,-0.42,1.89
12470,1205162,0.512888,-0.218136,-0.79422,3.7625,-0.245,2.555
12471,1205259,0.505324,-0.2379,-0.7937321,5.145,-0.49,3.01
12472,1205355,0.49166,-0.268156,-0.7285841,4.725,-0.14,2.4325
12473,1205452,0.475068,-0.258396,-0.7700641,0.9625,-1.6975,0.5075
12474,1205549,0.480192,-0.270352,-0.772504,7.0875,-2.3625,-1.435
12475,1205645,0.4636,-0.284016,-0.77592,8.085,1.435,-5.3375
12476,1205742,0.475312,-0.306708,-0.77348,7.315,2.8525,-9.275
12477,1205838,0.46116,-0.317444,-0.767136,4.445,0.665,-13.09
12478,1205935,0.4984921,-0.28426,-0.76982,0.7,-1.8025,-16.1175
12479,1206032,0.523624,-0.233996,-0.7854361,-1.47,-3.815,-17.185
12480,1206128,0.532164,-0.199836,-0.790072,-1.9075,-5.7225,-16.5725
12481,1206225,0.545584,-0.138104,-0.815204,-0.4375,-5.0225,-13.93
12482,1206321,0.525088,-0.205692,-0.8047121,3.9025,-3.3075,-10.5875
12483,1206418,0.527284,-0.212768,-0.7944641,5.5125,-0.35,-8.365
12484,1206515,0.508008,-0.249612,-0.781776,6.3175,2.4675,-7.4725
12485,1206611,0.476532,-0.280844,-0.785192,6.4225,5.18,-7.84
12486,1206708,0.478484,-0.27328,-0.785192,4.5325,7.84,-9.59
12487,1206805,0.491416,-0.284016,-0.781776,2.52,12.985,-11.6375
12488,1206901,0.520208,-0.281088,-0.797148,0.245,20.965,-13.7025
12489,1206998,0.5499761,-0.252052,-0.811788,0.6475,26.215,-15.155
12490,1207094,0.548756,-0.217648,-0.81984,2.59,30.1525,-15.225
12491,1207191,0.5248441,-0.141032,-0.846924,6.615,36.225,-14.7525
12492,1207288,0.438956,-0.256688,-0.865956,16.2225,43.1375,-15.0675
12493,1207384,0.512644,-0.119316,-0.905484,18.165,55.9475,-14.0525
12494,1207481,0.49288,-0.255224,-0.8805961,22.4875,73.6225,-11.1125
12495,1207577,0.501908,-0.132492,-0.94672,28.4375,91.77,-7.9975
12496,1207674,0.48434,-0.175436,-0.9486721,34.475,114.45,-3.57
12497,1207771,0.48434,-0.125904,-0.995032,40.53,141.2075,0.98
12498,1207867,0.49776,-0.140788,-1.025044,51.3975,170.17,4.9525
12499,1207964,0.490684,-0.181048,-1.065304,65.7475,199.9025,8.1375
12500,1208060,0.435052,-0.203984,-1.120936,80.1325,232.47,9.835
12501,1208157,0.388936,-0.275232,-1.10166,96.65251,274.12,6.7725
12502,1208254,0.393572,-0.299144,-1.089948,114.3275,326.5675,-2.66
12503,1208350,0.5846241,-0.356728,-1.159732,135.31,384.7725,-15.505
12504,1208447,1.052128,-0.517036,-1.638704,163.9925,437.5,-27.4925
12505,1208543,1.303204,-0.637816,-1.530368,182.0525,464.1525,-41.8075
12506,1208640,1.623576,-0.872056,-1.724348,191.17,472.675,-66.78
12507,1208737,2.030568,-0.903044,-2.081564,209.3175,466.3575,-73.045
12508,1208833,2.128168,-0.898408,-1.844152,237.5625,419.1775,-73.4825
12509,1208930,1.889048,-0.77836,-2.139392,236.25,343.525,-91.4375
12510,1209026,1.01138,-0.26108,-1.88856,239.12,229.495,-106.085
12511,1209123,-1.023336,0.380152,-2.08742,234.15,113.715,-119.5425
12512,1209220,2.319464,-1.34688,-2.977532,238.9975,51.8,-140.735
12513,1209316,-0.061,-1.304668,-1.776564,146.86,-87.3775,-188.9125
12514,1209413,-0.859368,-0.8579041,-0.9103641,43.645,-186.0075,-215.53
12515,1209509,0.149572,-0.743712,-1.180472,8.9075,-125.055,-201.7925
12516,1209606,0.11712,-0.843996,-0.954528,12.3375,-143.3075,-153.0725
12517,1209703,-0.1037,-1.059692,-0.756156,19.3025,-167.615,-97.44
12518,1209799,0.030256,-1.072624,-0.721996,4.1475,-174.6675,-51.4675
12519,1209896,0.145668,-0.908656,-0.736392,-25.025,-184.8,-16.065
12520,1209992,0.20374,-0.68076,-0.749568,-49.4025,-201.5825,14.805
12521,1210089,0.215696,-0.402112,-0.716872,-60.27,-220.8325,39.9
12522,1210185,0.173972,-0.235704,-0.660752,-56.035,-238.315,57.3475
12523,1210282,0.122,-0.160064,-0.5694961,-47.5475,-252.5075,65.135
12524,1210379,0.204716,-0.170068,-0.552172,-45.71,-259.1575,61.32
12525,1210475,0.329156,-0.176412,-0.619028,-50.785,-262.92,48.3175
12526,1210572,0.414068,-0.110532,-0.692228,-53.55,-268.485,36.1025
12527,1210668,0.443348,-0.085156,-0.7015,-43.9075,-273.91,31.0625
12528,1210765,0.461404,-0.162992,-0.705892,-26.1625,-274.54,31.815
12529,1210862,0.63562,-0.334524,-0.7666481,-9.275,-268.38,35.7525
12530,1210958,0.859368,-0.46726,-0.8554641,-1.785,-265.3525,45.64
12531,1211055,0.9906401,-0.57462,-0.885476,1.3475,-270.655,61.635
12532,1211151,0.980636,-0.599752,-0.868152,-2.5725,-277.5325,78.295
12533,1211248,1.003816,-0.532896,-0.91988,-5.1275,-277.095,92.1375
12534,1211345,1.06872,-0.534604,-0.9972281,1.5925,-274.3825,103.005
12535,1211441,1.166564,-0.68686,-1.057008,13.7025,-272.195,113.12
12536,1211538,1.299788,-0.860344,-1.056032,20.2475,-268.1,124.0225
12537,1211634,1.464732,-1.010892,-1.020164,17.22,-261.17,137.1825
12538,1211731,1.725812,-1.171932,-0.948184,7.4725,-249.2,152.4775
12539,1211828,2.012268,-1.282708,-0.854732,-8.2425,-235.5675,170.17
12540,1211924,2.306532,-1.081408,-0.7237041,-28.35,-220.36,189.35
12541,1212021,2.640324,-0.643428,-0.671976,-40.0225,-201.3375,207.5675
12542,1212117,3.44284,-0.9108521,0.322812,-37.0125,-182.665,213.5875
12543,1212214,3.52824,0.08100801,0.372832,-116.1125,-134.6275,167.7025
12544,1212311,4.519612,0.4087,0.602192,-111.2475,-142.7825,145.7575
12545,1212407,3.148332,0.245708,1.712148,-94.97251,-189.2275,132.4575
12546,1212504,2.753052,0.6729521,2.325564,-77.77,-161.455,104.125
12547,1212600,3.150528,0.377224,2.808196,-30.4325,-65.625,83.79001
12548,1212697,2.976312,0.159332,3.17078,-2.87,32.4975,74.69
12549,1212794,2.992172,0.7278521,2.541016,-20.1775,175.245,85.225
12550,1212890,1.612352,0.493612,-2.996076,12.4775,278.3725,87.60501
12551,1212987,1.326872,1.699948,-2.94996,-17.465,246.4875,20.335
12552,1213083,1.065548,1.53354,-0.847412,-7.91,157.5175,-52.5175
12553,1213180,1.159244,-0.431148,-1.206336,79.135,166.4775,-65.555
12554,1213277,0.452376,-0.97356,-0.72712,77.0,142.905,-50.225
12555,1213373,1.213168,-0.783484,-0.80886,51.7825,149.4325,-37.4325
12556,1213470,1.657492,-1.453752,-1.447408,18.165,137.6025,-47.6
12557,1213567,0.916464,-0.5838921,-0.783972,-55.3,53.5325,-57.61
12558,1213663,0.860588,-0.25864,-1.026752,-69.09,12.285,-50.1725
12559,1213760,0.9635561,-0.058804,-1.015284,-64.6275,17.92,-37.2225
12560,1213856,0.609024,-0.23058,-0.8276481,-36.295,-17.1325,-28.385
12561,1213953,0.589748,-0.280844,-0.820572,-31.8675,-8.645,-17.6575
12562,1214050,0.5648601,-0.242292,-0.823256,-26.7575,-12.3025,-14.7525
12563,1214146,0.51606,-0.233996,-0.815936,-23.66,-13.0725,-13.265
12564,1214243,0.498736,-0.208864,-0.830576,-20.6325,-14.105,-12.9675
12565,1214339,0.5002,-0.204716,-0.827404,-17.815,-13.2125,-12.355
12566,1214436,0.51362,-0.219356,-0.827892,-13.9475,-12.565,-11.2875
12567,1214533,0.504104,-0.193736,-0.8425321,-10.22,-11.69,-10.08
12568,1214629,0.513864,-0.191784,-0.836676,-6.02,-10.185,-8.54
12569,1214726,0.516792,-0.222772,-0.823256,-2.5025,-8.3125,-6.7725
12570,1214822,0.5267961,-0.212524,-0.8025161,-0.9275,-7.4025,-5.3025
12571,1214919,0.520208,-0.199104,-0.803492,0.3675,-7.42,-4.06
12572,1215016,0.5063,-0.174948,-0.81252,2.1875,-6.7025,-2.45
12573,1215112,0.509228,-0.207644,-0.7442,3.64,-4.655,-1.3125
12574,1215209,0.489952,-0.211304,-0.807152,4.6375,0.2625,-0.9975
12575,1215305,0.497272,-0.237656,-0.8113001,7.8225,-4.6025,-0.9975
12576,1215402,0.499956,-0.238876,-0.8052,7.805,-3.99,-2.065
12577,1215499,0.508252,-0.21106,-0.795928,7.7,-3.5875,-2.4675
12578,1215595,0.504104,-0.189588,-0.7986121,8.0325,-3.535,-2.1875
12579,1215692,0.498004,-0.183244,-0.810324,8.9775,-3.4125,-1.75
12580,1215788,0.482876,-0.21228,-0.810324,10.2025,-2.7125,-1.5575
12581,1215885,0.49654,-0.208132,-0.804224,10.115,-1.2075,-2.3275
12582,1215982,0.49166,-0.222528,-0.7986121,9.3275,0.035,-3.115
12583,1216078,0.50142,-0.223992,-0.793488,8.575,1.7325,-3.5175
12584,1216175,0.499224,-0.227164,-0.7895841,7.8225,2.66,-4.165
12585,1216271,0.492148,-0.229604,-0.798124,7.805,3.71,-4.48
12586,1216368,0.490684,-0.2318,-0.800076,7.455,5.5125,-5.005
12587,1216465,0.486292,-0.240584,-0.799588,7.525,8.05,-5.8975
12588,1216561,0.482144,-0.249124,-0.797636,7.5075,11.1475,-6.8775
12589,1216658,0.456036,-0.259128,-0.820572,7.63,15.6975,-7.9625
12590,1216755,0.480192,-0.26962,-0.8142281,7.4375,22.5925,-9.555
12591,1216851,0.482388,-0.25986,-0.816424,7.4025,30.7825,-11.5675
12592,1216948,0.491904,-0.243512,-0.82228,9.3625,38.3775,-14.2625
12593,1217044,0.428708,-0.23546,-0.85034,12.7925,45.43,-16.6075
12594,1217141,0.544852,-0.139324,-0.879376,12.9325,56.315,-15.4875
12595,1217237,0.512156,-0.181048,-0.858148,20.8775,66.115,-13.16
12596,1217334,0.53924,-0.156404,-0.8740081,21.8925,79.5025,-9.8
12597,1217431,0.52338,-0.168604,-0.8842561,25.34,93.4325,-5.6175
12598,1217527,0.519476,-0.192516,-0.8827921,28.105,108.535,-1.96
12599,1217624,0.536556,-0.165676,-0.898164,31.57,126.035,0.245
12600,1217720,0.54656,-0.168848,-0.911828,38.2725,145.25,2.625
12601,1217817,0.542168,-0.160796,-0.947452,47.425,165.9,4.235
12602,1217914,0.540948,-0.178852,-0.959408,59.15,187.95,6.65
12603,1218010,0.512888,-0.185928,-1.01382,74.585,211.925,8.6975
12604,1218107,0.440176,-0.239364,-0.978196,89.1625,244.6325,6.755
12605,1218203,0.531676,-0.276452,-1.030412,103.495,289.345,1.2075
12606,1218300,0.565104,-0.37576,-1.098488,122.9725,337.3125,-7.8575
12607,1218397,0.9037761,-0.49166,-1.473516,146.02,384.6675,-18.865
12608,1218493,1.088484,-0.5355801,-1.486692,166.7225,418.39,-31.815
12609,1218590,1.166808,-0.748592,-1.479128,177.835,438.76,-57.505
12610,1218686,1.5616,-0.813496,-1.729472,191.905,454.5975,-75.6
12611,1218783,2.13744,-0.883768,-1.880508,228.515,446.9675,-70.77
12612,1218880,2.18258,-0.809348,-2.009096,252.7525,397.495,-69.93
12613,1218976,1.789252,-0.589748,-2.265296,256.48,314.8425,-85.26
12614,1219073,0.8383841,-0.257908,-1.731668,254.1525,187.67,-104.09
12615,1219169,-0.840824,-0.148108,-2.010316,238.56,84.33249,-116.69
12616,1219266,2.335812,-1.776564,-3.025356,212.5375,37.835,-132.0025
12617,1219363,-0.686616,-1.09312,-1.41154,79.835,-144.41,-175.14
12618,1219459,-0.7093081,-0.665144,-1.00772,-4.7425,-178.1675,-193.48
12619,1219556,0.316712,-0.651236,-1.262212,-11.6375,-125.1775,-170.5025
12620,1219652,0.12688,-0.898164,-1.031632,5.39,-156.625,-114.1175
12621,1219749,0.027328,-1.102148,-0.889136,6.0725,-182.5775,-60.76
12622,1219846,0.147864,-0.9567241,-0.853756,-23.7825,-200.165,-23.9225
12623,1219942,0.1647,-0.58804,-0.790804,-56.8925,-220.3775,1.225
12624,1220039,0.164456,-0.290604,-0.7190681,-66.8675,-239.2075,22.2775
12625,1220135,0.144448,-0.109068,-0.629032,-57.61,-253.9425,37.4675
12626,1220232,0.102724,-0.066856,-0.537288,-41.265,-263.83,45.325
12627,1220329,0.13542,-0.121756,-0.50874,-30.52,-267.6975,44.485
12628,1220425,0.268644,-0.183,-0.54168,-33.6875,-268.1175,35.455
12629,1220522,0.4148,-0.2074,-0.63928,-43.295,-269.815,24.2375
12630,1220618,0.41602,-0.19276,-0.662704,-48.055,-274.715,19.6
12631,1220715,0.343064,-0.16348,-0.618784,-43.995,-276.3775,22.1375
12632,1220812,0.549488,-0.26352,-0.762988,-30.73,-262.85,26.04
12633,1220908,0.860344,-0.367464,-0.920612,-13.79,-256.13,34.9475
12634,1221005,1.010404,-0.552172,-0.921344,0.3675,-265.86,52.3425
12635,1221101,1.0004,-0.619272,-0.90646,3.29,-276.8325,71.085
12636,1221198,1.018944,-0.55022,-0.908656,0.56,-279.3175,87.3075
12637,1221294,1.105808,-0.531676,-0.9784401,6.93,-277.2,101.01
12638,1221391,1.21024,-0.648308,-1.04432,20.125,-275.625,112.9275
12639,1221488,1.3298,-0.836676,-1.064816,27.965,-275.3275,123.5675
12640,1221584,1.484496,-0.9525761,-1.041636,23.8175,-272.16,135.3975
12641,1221681,1.70678,-1.061156,-0.95038,12.9675,-265.545,149.03
12642,1221778,1.932236,-1.1529,-0.822036,-2.66,-256.3225,163.695
12643,1221874,2.181604,-0.954284,-0.697596,-23.415,-241.5875,180.3375
12644,1221971,2.42292,-0.5553441,-0.580964,-37.695,-220.7275,196.875
12645,1222067,2.53516,-1.01138,-0.331352,-36.4175,-200.48,201.915
12646,1222164,2.623732,0.110044,0.662948,-89.9675,-151.865,169.4
12647,1222261,3.832752,0.226676,0.227896,-113.9425,-107.485,126.0
12648,1222357,3.81982,-0.142252,0.7605481,-91.105,-106.26,125.2125
12649,1222454,2.940444,0.000244,1.662128,-80.64,-158.0775,110.6875
12650,1222550,2.501976,0.40748,2.26432,-71.4,-113.82,85.90751
12651,1222647,3.094164,0.007320001,2.614216,-23.135,-30.8175,74.18251
12652,1222743,3.093432,-0.03538,3.110268,-11.0775,70.1225,77.525
12653,1222840,2.085956,0.7705521,1.55184,-31.0625,196.7875,94.6225
12654,1222937,1.86172,0.250344,-3.579968,12.005,295.3125,85.27751
12655,1223033,1.439112,1.490352,-2.367044,-38.36,235.655,16.6425
12656,1223130,1.140212,1.353956,-0.9089001,-19.11,156.1175,-41.5275
12657,1223226,1.072624,-0.060512,-1.40666,62.02,163.9575,-43.365
12658,1223323,0.477264,-0.423584,-0.778604,65.59,135.31,-36.4875
12659,1223420,1.104588,-0.6117081,-0.8574161,61.25,137.76,-34.9825
12660,1223516,1.874652,-1.782664,-1.404952,36.6975,122.71,-43.4525
12661,1223613,0.6836881,-0.635132,-0.630496,-43.1375,40.6525,-44.5025
12662,1223709,0.798368,-0.153232,-1.080432,-57.7325,7.4725,-40.4075
12663,1223806,0.913536,-0.102968,-0.947452,-50.435,15.5225,-29.8725
12664,1223903,0.596092,-0.223504,-0.8364321,-24.5875,-12.5125,-20.685
12665,1223999,0.599264,-0.21472,-0.82228,-20.0725,-4.9,-10.605
12666,1224096,0.556564,-0.312564,-0.79178,-12.5475,-6.685,-7.28
12667,1224192,0.514596,-0.261568,-0.81252,-12.8975,-6.475,-6.09
12668,1224289,0.504592,-0.211792,-0.823256,-9.7475,-6.7375,-6.4225
12669,1224385,0.53314,-0.19154,-0.817156,-7.1225,-5.0925,-5.495
12670,1224482,0.516792,-0.231556,-0.794708,-3.5525,-5.5475,-3.9025
12671,1224579,0.498004,-0.232288,-0.8271601,-1.435,-5.9675,-3.2725
12672,1224675,0.512888,-0.217648,-0.81862,0.8225,-4.6725,-3.0975
12673,1224772,0.513132,-0.238876,-0.8049561,3.64,-2.9925,-2.3975
12674,1224868,0.477996,-0.266936,-0.8471681,5.11,-3.465,-2.0825
12675,1224965,0.50508,-0.216916,-0.796172,6.3525,-5.7225,-1.8025
12676,1225062,0.507276,-0.238876,-0.805932,8.015,-2.1875,-1.4175
12677,1225158,0.49776,-0.246196,-0.792024,9.0825,-2.3625,-1.8025
12678,1225255,0.509228,-0.249124,-0.7895841,9.52,-1.925,-3.15
12679,1225351,0.493124,-0.278404,-0.787388,9.6775,-1.6975,-4.7775
12680,1225448,0.499956,-0.261812,-0.79544,8.155,-0.175,-6.2125
12681,1225545,0.521916,-0.219356,-0.787632,7.0875,1.5925,-6.615
12682,1225641,0.526308,-0.238144,-0.780312,7.945,3.3425,-6.055
12683,1225738,0.533872,-0.226432,-0.773968,7.63,3.6575,-5.6875
12684,1225834,0.5214281,-0.223748,-0.783972,7.63,3.4825,-5.4075
12685,1225931,0.512888,-0.23302,-0.782752,8.05,3.9375,-5.0925
12686,1226028,0.519476,-0.248636,-0.7712841,7.7,4.7075,-5.3725
12687,1226124,0.513864,-0.257908,-0.770308,6.7725,4.9175,-6.1075
12688,1226221,0.52338,-0.26474,-0.770308,5.4775,5.67,-7.455
12689,1226317,0.5246,-0.250588,-0.76494,4.2875,5.6175,-8.505
12690,1226414,0.521916,-0.23912,-0.7812881,4.06,5.915,-9.1
12691,1226511,0.520452,-0.233752,-0.787876,4.27,7.105,-9.3625
12692,1226607,0.516792,-0.249612,-0.789828,5.285,9.52,-9.9575
12693,1226704,0.4697,-0.263764,-0.7754321,5.3375,12.425,-11.4625
12694,1226800,0.495808,-0.271816,-0.779092,5.8975,18.795,-13.65
12695,1226897,0.466528,-0.247416,-0.810568,7.8575,24.78,-16.9225
12696,1226993,0.49288,-0.28182,-0.808372,8.1375,31.045,-18.4275
12697,1227090,0.542412,-0.18544,-0.82228,6.9825,38.325,-18.2875
12698,1227187,0.538508,-0.197396,-0.824964,12.95,45.5175,-17.36
12699,1227283,0.561444,-0.190076,-0.830576,16.1875,54.7575,-14.665
12700,1227380,0.548756,-0.196908,-0.8420441,19.67,65.415,-11.76
12701,1227476,0.559736,-0.194224,-0.830576,20.8775,76.1775,-9.1525
12702,1227573,0.566812,-0.191052,-0.831064,23.0475,87.78,-5.74
12703,1227670,0.565104,-0.186416,-0.84546,26.53,99.715,-2.3275
12704,1227766,0.5702281,-0.174704,-0.86498,31.5525,113.4,1.505
12705,1227863,0.569252,-0.158844,-0.879376,38.7975,128.345,4.725
12706,1227960,0.572424,-0.178852,-0.903288,47.565,146.2125,8.435
12707,1228056,0.537288,-0.15616,-0.943548,58.03,166.075,12.04
12708,1228153,0.518988,-0.157624,-1.011136,72.0125,192.0975,14.8575
12709,1228249,0.461404,-0.255956,-0.994056,87.6575,226.8875,16.7125
12710,1228346,0.418704,-0.273768,-0.9823441,102.2875,269.605,13.475
12711,1228442,0.609756,-0.292312,-1.02358,121.2575,318.0625,5.32
12712,1228539,0.66978,-0.338184,-1.297592,148.6975,366.1525,-2.9225
12713,1228636,1.101416,-0.47824,-1.343952,177.94,404.145,-9.38
12714,1228732,1.469856,-0.807396,-1.394216,199.08,424.62,-25.06
12715,1228829,1.59576,-0.8410681,-1.5738,213.465,435.995,-38.0625
12716,1228925,2.085468,-0.9423281,-1.841712,236.005,427.6125,-47.46
12717,1229022,2.093032,-0.929152,-1.779492,243.1275,385.2275,-56.9975
12718,1229119,1.804624,-0.671732,-2.01666,236.1975,320.2325,-73.99
12719,1229215,1.034316,-0.363804,-1.818532,234.4125,218.015,-91.42
12720,1229312,-0.562664,-0.121268,-1.951756,227.2725,112.0175,-102.725
12721,1229408,1.965664,-1.148752,-2.737924,202.23,26.3725,-122.185
12722,1229505,0.440908,-1.153144,-2.037156,116.0425,-73.9375,-177.8
12723,1229601,-0.735172,-0.516304,-0.949892,17.29,-206.92,-219.31
12724,1229698,0.132004,-0.600484,-1.144848,6.9825,-155.61,-218.4175
12725,1229795,0.358924,-0.8764481,-0.9928361,20.3175,-168.0175,-183.4875
12726,1229891,0.155184,-1.159976,-0.793,17.9375,-197.645,-137.515
12727,1229988,0.185196,-1.179252,-0.730048,-8.925,-214.5325,-95.07751
12728,1230084,0.195444,-0.9298841,-0.66368,-47.8975,-228.6375,-61.8975
12729,1230181,0.147376,-0.631716,-0.590236,-71.8375,-241.85,-34.0725
12730,1230278,0.120536,-0.385276,-0.518988,-74.375,-250.4775,-9.0125
12731,1230374,0.069052,-0.29646,-0.470432,-60.3925,-255.185,12.18
12732,1230471,0.08759601,-0.298168,-0.42944,-46.2525,-255.8325,27.4575
12733,1230567,0.237656,-0.356972,-0.473604,-42.315,-252.56,34.58
12734,1230664,0.305244,-0.38308,-0.532652,-46.5325,-252.4025,35.0175
12735,1230761,0.398208,-0.395036,-0.621224,-53.865,-256.9175,34.9475
12736,1230857,0.316956,-0.324032,-0.596336,-56.4725,-261.87,39.095
12737,1230954,0.382592,-0.316956,-0.54656,-51.4325,-257.985,45.9025
12738,1231050,0.535092,-0.386008,-0.645868,-38.01,-245.035,51.8
12739,1231147,0.753228,-0.495808,-0.7795801,-24.3425,-239.0325,58.905
12740,1231244,0.922564,-0.643428,-0.820328,-11.3925,-243.5825,73.29
12741,1231340,0.9232961,-0.725412,-0.784216,-7.98,-249.69,92.1725
12742,1231437,0.882304,-0.669048,-0.749568,-9.7125,-249.1475,109.515
12743,1231533,0.906704,-0.622688,-0.7754321,-7.7525,-240.1,122.71
12744,1231630,0.987224,-0.650992,-0.8210601,-0.385,-227.745,131.6175
12745,1231727,1.073356,-0.758352,-0.8576601,6.3875,-215.2325,137.7075
12746,1231823,1.286612,-0.953308,-0.8671761,9.7475,-200.76,144.5675
12747,1231920,1.579656,-1.173152,-0.828624,4.83,-186.7775,154.4025
12748,1232016,1.8788,-1.346148,-0.738832,-9.94,-175.1575,170.975
12749,1232113,2.188192,-1.284172,-0.630008,-34.0025,-164.5,193.445
12750,1232210,2.522228,-0.992348,-0.581452,-58.1175,-151.7775,217.525
12751,1232306,3.13418,-0.836188,-0.60512,-70.735,-143.57,235.6025
12752,1232403,3.495544,-0.667828,-0.371612,-88.2,-162.47,245.1925
12753,1232499,3.46968,-0.660264,-0.048068,-119.0525,-203.8575,240.59
12754,1232596,3.325232,-0.208376,1.016504,-184.7125,-232.0325,204.68
12755,1232692,2.50466,1.067744,1.715076,-248.0975,-200.2525,126.525
12756,1232789,2.765984,0.5797441,2.07888,-112.4025,-160.0025,114.31
12757,1232886,2.867976,-0.434808,2.789164,5.5475,-86.22251,119.2975
12758,1232983,2.76818,0.140788,3.385744,-18.3925,10.465,114.66
12759,1233079,2.7145,0.765184,3.056832,-22.1025,173.0575,122.2725
12760,1233175,1.552084,0.25132,-2.314828,45.15,308.1925,121.6425
12761,1233272,1.913692,1.345904,-3.514088,0.9975,307.16,56.8575
12762,1233369,1.251232,1.871968,-1.078968,-2.835,176.295,-21.805
12763,1233465,1.306376,0.052704,-1.300032,74.25251,168.4725,-61.5475
12764,1233562,0.643916,-0.71248,-0.925736,97.4225,149.485,-48.8775
12765,1233658,1.115324,-1.088728,-0.886452,76.79,139.965,-34.79
12766,1233755,2.33264,-1.855864,-1.170956,22.9775,125.195,-42.8925
12767,1233852,0.36722,-0.678808,-0.616344,-59.5,17.15,-41.5625
12768,1233948,0.89182,0.08759601,-1.06994,-62.545,8.7325,-40.4425
12769,1234045,0.875472,-0.34526,-0.844972,-49.595,3.0975,-32.8825
12770,1234142,0.630252,-0.191296,-0.87718,-32.13,-12.705,-21.9625
12771,1234238,0.5934081,-0.246684,-0.801784,-26.6,-13.58,-15.8375
12772,1234335,0.530456,-0.341356,-0.767624,-22.89,-15.6275,-14.0175
12773,1234431,0.517768,-0.264252,-0.8039801,-27.0725,-18.41,-16.205
12774,1234528,0.512888,-0.275476,-0.8003201,-28.105,-20.8075,-18.865
12775,1234625,0.492148,-0.219844,-0.806176,-28.35,-21.5425,-19.635
12776,1234721,0.493612,-0.235704,-0.816424,-27.7375,-22.4,-19.9325
12777,1234818,0.516304,-0.191784,-0.83204,-25.2525,-21.14,-17.9375
12778,1234914,0.52704,-0.122732,-0.8625401,-19.4775,-18.06,-14.0
12779,1235011,0.51362,-0.14274,-0.845704,-11.62,-14.9275,-8.645
12780,1235108,0.497516,-0.166408,-0.8383841,-6.7375,-12.355,-4.9175
12781,1235204,0.49288,-0.199836,-0.820816,-3.0975,-9.9925,-2.7475
12782,1235301,0.48678,-0.209108,-0.812032,-1.1725,-8.75,-2.1875
12783,1235397,0.493856,-0.211304,-0.804224,-0.42,-8.155,-2.5025
12784,1235494,0.492636,-0.216916,-0.80764,0.0525,-9.1525,-3.29
12785,1235591,0.486292,-0.167872,-0.828624,0.6475,-10.395,-4.27
12786,1235687,0.489708,-0.180072,-0.817156,2.1,-9.24,-4.3575
12787,1235784,0.487512,-0.17324,-0.8244761,3.1675,-7.4025,-3.745
12788,1235880,0.476776,-0.2318,-0.8132521,4.935,-6.51,-3.71
12789,1235977,0.486536,-0.233264,-0.8052,3.605,-6.125,-4.7075
12790,1236074,0.479948,-0.187636,-0.815692,2.9575,-6.545,-6.1075
12791,1236170,0.48678,-0.19032,-0.802272,1.75,-7.07,-7.35
12792,1236267,0.480924,-0.198616,-0.807396,1.015,-7.3675,-7.84
12793,1236363,0.490928,-0.181292,-0.81862,1.5225,-6.2475,-7.875
12794,1236460,0.497272,-0.184952,-0.8169121,2.38,-4.515,-7.6825
12795,1236557,0.494832,-0.192516,-0.8169121,3.01,-3.115,-7.4025
12796,1236653,0.489952,-0.173972,-0.8210601,3.5,-1.8025,-6.86
12797,1236750,0.476044,-0.201056,-0.811788,5.075,0.5075,-6.37
12798,1236846,0.474092,-0.201788,-0.82838,5.81,3.71,-6.3875
12799,1236943,0.46604,-0.215452,-0.8261841,6.3875,7.5075,-6.615
12800,1237040,0.47946,-0.211792,-0.831308,6.44,11.7075,-7.21
12801,1237136,0.477752,-0.210572,-0.826916,6.755,16.485,-7.91
12802,1237233,0.478484,-0.212524,-0.8244761,7.385,21.5425,-8.6625
12803,1237329,0.485804,-0.233264,-0.8210601,7.8575,26.5475,-9.695
12804,1237426,0.476776,-0.238144,-0.8230121,7.21,31.535,-11.1475
12805,1237523,0.482388,-0.222284,-0.840824,6.3525,37.5725,-13.09
12806,1237619,0.431636,-0.248392,-0.848388,7.6125,44.0475,-14.665
12807,1237716,0.5077641,-0.166164,-0.879864,8.645,53.7425,-15.0675
12808,1237812,0.5016641,-0.170068,-0.8827921,16.275,64.225,-14.21
12809,1237909,0.50874,-0.134932,-0.8996281,17.465,76.5275,-11.9875
12810,1238006,0.512644,-0.132492,-0.911828,20.5625,92.76751,-7.84
12811,1238102,0.490928,-0.144692,-0.927688,25.4975,111.3525,-4.4975
12812,1238199,0.503372,-0.134688,-0.96624,29.5925,133.42,-2.94
12813,1238295,0.500444,-0.116144,-0.9989361,35.5075,158.585,-0.8400001
12814,1238392,0.495564,-0.18666,-1.018212,44.3975,187.915,2.835
12815,1238489,0.45994,-0.208864,-1.047736,52.5,219.24,3.395
12816,1238585,0.483364,-0.206912,-1.074576,65.905,250.705,0.4375
12817,1238682,0.46726,-0.235216,-1.032852,78.47,288.8725,-7.77
12818,1238778,0.564616,-0.330132,-1.156072,92.3825,333.7075,-16.7125
12819,1238875,0.852536,-0.39284,-1.367864,104.4225,375.8125,-26.0925
12820,1238972,1.228052,-0.380396,-1.3908,116.69,403.41,-36.82
12821,1239068,1.37006,-0.612928,-1.419104,130.76,414.4,-52.92
12822,1239165,1.453752,-0.69418,-1.570628,133.21,416.78,-60.9
12823,1239262,1.710196,-0.7373681,-1.654564,126.4725,394.73,-65.7475
12824,1239358,1.485228,-0.5077641,-1.565748,119.6125,352.2925,-68.65251
12825,1239455,1.271728,-0.402844,-1.637972,128.9575,304.85,-69.615
12826,1239551,0.7327321,-0.242048,-1.439844,143.4825,234.78,-70.8925
12827,1239648,-0.393328,0.062464,-1.923452,143.675,160.0025,-58.03
12828,1239745,2.105476,-1.108736,-2.556388,145.7925,114.5375,-60.795
12829,1239841,-0.295484,-0.9484281,-1.3847,72.06501,-27.7375,-96.25
12830,1239938,-0.295972,-0.7034521,-1.05042,-6.09,-73.29,-115.43
12831,1240034,0.40748,-0.519964,-1.295396,-45.885,-54.845,-119.49
12832,1240131,0.321836,-0.5458281,-1.106052,-50.155,-96.49501,-99.7325
12833,1240228,0.163968,-0.725412,-0.960628,-41.72,-134.19,-72.5725
12834,1240324,0.198372,-0.829356,-0.837164,-48.44,-160.72,-51.5025
12835,1240421,0.182024,-0.842288,-0.721508,-70.595,-184.275,-37.5375
12836,1240517,0.162504,-0.7046721,-0.634644,-95.5675,-203.4725,-25.305
12837,1240614,0.132004,-0.563396,-0.564616,-109.2875,-216.8425,-14.4375
12838,1240711,0.133224,-0.513864,-0.491416,-107.9225,-225.435,-2.52
12839,1240807,0.151768,-0.548024,-0.447496,-100.2225,-228.13,10.2725
12840,1240904,0.19398,-0.620736,-0.411628,-94.78,-227.5175,22.645
12841,1241001,0.27206,-0.6954,-0.409676,-93.485,-224.3325,35.2975
12842,1241097,0.349164,-0.750788,-0.413092,-95.34,-220.2725,50.3125
12843,1241194,0.40382,-0.796172,-0.400648,-98.175,-215.775,67.6025
12844,1241290,0.452132,-0.8025161,-0.400404,-101.255,-209.405,86.9575
12845,1241387,0.5185,-0.78324,-0.474824,-101.4825,-201.2675,105.6125
12846,1241484,0.648308,-0.716628,-0.62342,-98.385,-196.0175,120.68
12847,1241580,0.7503,-0.654408,-0.715652,-90.0375,-199.815,128.7825
12848,1241677,0.860344,-0.667096,-0.762988,-77.0525,-209.4225,130.235
12849,1241773,0.936472,-0.7556681,-0.754204,-63.6475,-221.9525,129.78
12850,1241870,0.9486721,-0.916464,-0.678808,-57.2425,-233.9925,130.9875
12851,1241967,0.972828,-1.120204,-0.58316,-59.185,-239.7325,137.445
12852,1242063,1.023336,-1.30662,-0.487756,-68.88,-235.6725,152.1625
12853,1242160,1.086532,-1.4701,-0.374296,-84.945,-223.1775,175.91
12854,1242256,1.121912,-1.549644,-0.274256,-106.295,-202.1075,205.9575
12855,1242353,1.284904,-1.623088,-0.2379,-129.8325,-171.7625,236.7925
12856,1242450,1.527928,-1.627968,-0.254492,-155.7325,-139.2125,262.1675
12857,1242546,2.014952,-1.697508,-0.419924,-176.4175,-111.58,281.785
12858,1242643,2.74378,-1.649684,-0.6944241,-189.245,-98.82251,303.1
12859,1242739,3.156384,-1.587708,-0.71614,-201.46,-121.1,329.3325
12860,1242836,2.857972,-1.213656,-0.242292,-231.9625,-173.215,339.2025
12861,1242933,3.243736,0.8081281,0.723948,-254.275,-201.1275,317.2925
12862,1243029,1.37738,-0.517768,2.288964,-104.3525,-144.9525,283.78
12863,1243126,3.553616,-1.347368,1.68116,-64.8375,-16.59,246.4875
12864,1243222,3.32206,0.014396,1.801452,-116.0075,41.2475,209.755
12865,1243319,2.595428,0.039772,2.51442,-47.915,54.2325,194.005
12866,1243416,2.745244,0.4594521,2.790872,17.92,142.2575,155.3125
12867,1243512,2.324344,-0.325252,-0.36234,76.8775,261.2925,83.4575
12868,1243609,2.39242,0.724192,-4.001844,44.9575,260.26,7.805
12869,1243705,0.378932,1.20048,-1.416908,25.83,109.34,-36.785
12870,1243802,0.9489161,-0.098576,-0.666364,84.6475,97.7375,-70.0525
12871,1243899,1.043832,-1.053836,-0.9679481,111.58,125.7025,-52.4125
12872,1243995,1.184376,-1.545984,-1.207556,55.2125,88.6375,-38.43
12873,1244092,1.0553,-0.777872,-0.730536,-9.45,51.9225,-28.735
12874,1244188,0.58072,-0.388204,-0.8344801,-27.475,9.52,-21.63
12875,1244285,0.9108521,-0.053924,-0.9437921,-21.6825,27.0025,-11.3575
12876,1244382,0.488732,-0.495564,-0.748104,-2.0475,-2.6425,-8.2775
12877,1244478,0.709796,-0.284504,-0.8317961,-3.7975,6.2475,-3.9025
12878,1244575,0.589748,-0.23668,-0.7510321,1.54,-0.56,-2.9225
12879,1244671,0.557296,-0.278648,-0.757864,6.9825,-5.3375,0.5075
12880,1244768,0.518988,-0.350384,-0.74908,6.23,-6.44,1.6625
12881,1244865,0.499712,-0.355752,-0.7795801,3.9025,-8.995,-0.385
12882,1244961,0.49044,-0.357704,-0.7407841,1.3475,-10.325,-4.5325
12883,1245058,0.513132,-0.327936,-0.7639641,-1.6625,-10.1325,-8.33
12884,1245154,0.533384,-0.24156,-0.782264,-4.06,-10.255,-10.7275
12885,1245251,0.5587601,-0.230336,-0.792512,-5.53,-5.8625,-10.2375
12886,1245348,0.515084,-0.253272,-0.793244,-1.5925,-7.315,-8.1375
12887,1245444,0.509228,-0.258396,-0.79056,0.245,-4.0425,-6.755
12888,1245541,0.516792,-0.268888,-0.791292,0.98,-2.275,-6.545
12889,1245637,0.511424,-0.260348,-0.7812881,0.98,-2.9925,-7.49
12890,1245734,0.520452,-0.25376,-0.78446,1.3125,-2.7475,-8.05
12891,1245831,0.520452,-0.252052,-0.7795801,1.4525,-2.6425,-8.1725
12892,1245927,0.520208,-0.244488,-0.787632,1.1375,-2.205,-7.8925
12893,1246024,0.522404,-0.243024,-0.783484,1.225,-1.75,-7.28
12894,1246120,0.513376,-0.257908,-0.780556,1.68,-0.7525,-6.7725
12895,1246217,0.5165481,-0.260104,-0.777384,1.9775,0.455,-6.545
12896,1246314,0.528748,-0.244,-0.774212,2.065,1.3825,-6.755
12897,1246410,0.5309441,-0.239852,-0.776408,1.8725,0.805,-6.79
12898,1246507,0.526064,-0.2501,-0.774456,2.2925,0.7525,-5.95
12899,1246603,0.5309441,-0.26108,-0.776408,2.1875,0.42,-5.7225
12900,1246700,0.532896,-0.244732,-0.7808001,1.4875,-0.3675,-6.16
12901,1246797,0.534848,-0.25498,-0.7666481,1.435,-1.05,-6.09
12902,1246893,0.531676,-0.249856,-0.7707961,1.0675,-1.995,-6.0025
12903,1246990,0.532164,-0.239364,-0.773236,0.8575,-3.115,-5.845
12904,1247086,0.525576,-0.237412,-0.787388,1.12,-3.3075,-5.7225
12905,1247183,0.506056,-0.270596,-0.782264,2.5375,-2.135,-5.5125
12906,1247280,0.512888,-0.265228,-0.790804,3.2375,0.3325,-6.1075
12907,1247376,0.52582,-0.244732,-0.7937321,3.3075,2.4675,-7.1225
12908,1247473,0.52338,-0.229848,-0.792268,3.9375,4.795,-7.105
12909,1247569,0.5309441,-0.230092,-0.795928,4.9875,7.91,-6.545
12910,1247666,0.519476,-0.233508,-0.797148,6.825,10.815,-5.845
12911,1247763,0.5165481,-0.215452,-0.8086161,8.365,16.555,-5.495
12912,1247859,0.497516,-0.198128,-0.815936,10.7975,24.395,-4.5675
12913,1247956,0.504104,-0.209352,-0.8215481,14.315,34.685,-2.9225
12914,1248052,0.491172,-0.208376,-0.829356,20.1425,44.065,-1.365
12915,1248149,0.480192,-0.253028,-0.839848,26.495,54.0225,-0.8925
12916,1248246,0.46848,-0.32574,-0.849852,31.2375,67.06,-0.9975
12917,1248342,0.500688,-0.217648,-0.893284,30.0475,83.80751,-0.5075
12918,1248439,0.506056,-0.217648,-0.9345201,36.82,101.3075,2.0125
12919,1248535,0.483852,-0.150548,-1.043588,42.9625,120.085,6.2125
12920,1248632,0.399672,-0.244244,-1.124596,55.2825,146.475,13.23
12921,1248729,0.317932,-0.31232,-1.142652,67.6725,185.85,16.73
12922,1248825,0.322812,-0.374784,-1.147776,78.34751,230.4925,10.255
12923,1248922,0.282552,-0.382104,-1.111176,85.0675,275.3275,-3.36
12924,1249018,0.399428,-0.41724,-1.095804,86.8,322.0875,-19.425
12925,1249115,0.9242721,-0.536556,-1.178276,81.77751,368.2175,-43.96
12926,1249212,1.807796,-0.9803921,-1.432036,46.9525,396.41,-72.31
12927,1249308,1.602348,-0.865468,-1.222928,-16.345,386.855,-91.8575
12928,1249405,1.315892,-0.801296,-1.38104,-75.67,364.2975,-108.115
12929,1249501,1.171932,-0.5429,-1.427644,-102.7075,346.1325,-92.41751
12930,1249598,0.9738041,-0.5314321,-1.235372,-106.6625,308.0175,-73.57
12931,1249695,0.718824,-0.45262,-0.9994241,-106.715,268.9225,-58.135
12932,1249791,0.350384,0.36356,-1.528904,-123.235,230.65,-49.7525
12933,1249888,0.6422081,0.457988,-1.903932,-121.7475,163.38,-54.4425
12934,1249985,1.17242,-0.213744,-2.125972,-105.7525,100.3975,-90.42251
12935,1250081,-0.275964,-0.299876,-1.122156,-121.7475,-24.4475,-129.7625
12936,1250178,0.188368,-0.6456241,-1.128256,-137.935,-35.5775,-157.0275
12937,1250274,0.310612,-0.9269561,-1.02724,-159.9325,-61.25,-169.12
12938,1250371,0.208864,-1.230492,-0.828624,-177.8525,-99.31251,-160.72
12939,1250468,0.169092,-1.424228,-0.688324,-196.14,-122.01,-138.4425
12940,1250564,0.169336,-1.551108,-0.576816,-213.5525,-136.5525,-109.2525
12941,1250661,0.238632,-1.642364,-0.524356,-225.085,-146.3525,-73.6225
12942,1250757,0.299876,-1.699216,-0.457256,-231.1925,-157.36,-32.62
12943,1250854,0.301584,-1.743868,-0.341356,-233.345,-169.6275,10.325
12944,1250951,0.2623,-1.710928,-0.206424,-233.3625,-177.2575,52.2375
12945,1251047,0.255956,-1.643828,-0.138104,-229.6,-177.1525,89.8975
12946,1251144,0.247416,-1.554524,-0.116632,-220.255,-172.375,122.255
12947,1251240,0.293044,-1.50304,-0.145424,-207.0425,-164.955,150.0275
12948,1251337,0.390156,-1.461316,-0.20496,-193.06,-156.415,171.78
12949,1251433,0.489464,-1.433744,-0.264984,-182.42,-151.41,187.0575
12950,1251530,0.609024,-1.432768,-0.298412,-176.12,-149.7125,196.525
12951,1251627,0.705404,-1.440088,-0.310368,-174.4225,-151.5325,202.4925
12952,1251723,0.756156,-1.438624,-0.335744,-176.0325,-154.665,206.955
12953,1251820,0.795928,-1.385188,-0.365268,-177.8175,-156.9225,212.6075
12954,1251917,0.863028,-1.333704,-0.415532,-175.385,-156.9925,219.3975
12955,1252013,0.942572,-1.372256,-0.450424,-168.3675,-158.3575,226.2575
12956,1252110,1.00406,-1.471564,-0.430172,-162.7325,-160.8775,234.0275
12957,1252206,1.082628,-1.612596,-0.386496,-164.115,-160.685,245.4025
12958,1252303,1.161928,-1.70312,-0.355264,-173.0225,-156.1,260.8725
12959,1252400,1.237812,-1.735572,-0.326228,-185.675,-148.19,279.86
12960,1252496,1.285148,-1.71288,-0.25864,-197.4525,-137.9875,300.86
12961,1252593,1.287832,-1.697752,-0.233996,-206.4125,-125.475,322.2275
12962,1252689,1.392996,-1.629676,-0.210816,-211.75,-108.9725,341.39
12963,1252786,1.450824,-1.503772,-0.187148,-215.3025,-93.625,353.2725
12964,1252883,1.520364,-1.40788,-0.163724,-212.5375,-80.29,357.105
12965,1252979,1.638216,-1.375916,-0.139324,-206.3775,-68.8625,353.1675
12966,1253076,1.760948,-1.340536,-0.160064,-200.935,-63.21,343.7525
12967,1253172,2.101816,-1.037244,-0.2623,-193.4975,-62.4225,334.4425
12968,1253269,2.103524,-0.368196,-0.248636,-177.7475,-73.0625,332.3075
12969,1253366,2.4644,-0.421144,0.747128,-121.275,-74.165,327.5475
12970,1253462,1.497916,-0.41358,1.76778,-67.3575,-38.3775,288.96
12971,1253559,3.19518,-0.03172,1.057252,-92.12001,71.89,238.6825
12972,1253655,3.108316,0.163724,1.335412,-78.27751,88.32251,202.7025
12973,1253752,3.202744,0.141764,1.87148,-33.845,118.755,178.78
12974,1253849,3.387452,0.371856,1.814384,-10.4475,169.4525,126.665
12975,1253945,2.275056,-0.040992,-1.064084,24.6575,207.9525,63.91
12976,1254042,1.549644,0.722972,-2.948496,-13.5275,151.27,-2.5375
12977,1254138,0.044164,0.926224,-1.403,-5.705,37.6075,-23.59
12978,1254235,0.677344,-0.515328,-0.9967401,41.8425,40.915,-39.27
12979,1254332,1.447896,-1.389092,-0.784216,37.9225,52.08,-25.6025
12980,1254428,0.353556,-0.488,-0.624396,-10.9725,-3.395,-6.1425
12981,1254525,0.712236,-0.184952,-0.9845401,-17.9375,7.63,-9.765
12982,1254622,0.611952,-0.497272,-0.664412,-13.23,-6.7375,-11.7425
12983,1254718,0.6273241,-0.266692,-0.827404,-13.6675,-5.775,-8.4875
12984,1254815,0.590968,-0.121024,-0.837408,-12.1625,-6.2125,-5.3025
12985,1254911,0.5458281,-0.326228,-0.754204,-0.945,-9.5025,0.56
12986,1255008,0.563396,-0.226432,-0.787632,-4.025,-7.665,2.2575
12987,1255105,0.522404,-0.253028,-0.797636,-3.885,-10.2725,2.38
12988,1255201,0.506544,-0.263276,-0.807884,-2.3275,-11.6725,2.205
12989,1255298,0.5023961,-0.261568,-0.8047121,-2.38,-11.235,1.54
12990,1255394,0.504592,-0.268644,-0.797392,-2.4675,-10.6575,0.2625
12991,1255491,0.519476,-0.244244,-0.800564,-2.6075,-9.9575,-0.2275
12992,1255588,0.49044,-0.269864,-0.8025161,-1.5925,-9.5725,-0.14
12993,1255684,0.498736,-0.262056,-0.8030041,-0.595,-7.98,0.0175
12994,1255781,0.508496,-0.260592,-0.792268,0.035,-6.5275,-0.385
12995,1255877,0.501176,-0.268644,-0.7937321,0.91,-6.265,-0.35
12996,1255974,0.504592,-0.283772,-0.78446,0.5425,-6.3175,-1.225
12997,1256071,0.505324,-0.27206,-0.775188,-0.455,-5.81,-1.6625
12998,1256167,0.50508,-0.28426,-0.772504,-2.1525,-6.4925,-2.52
12999,1256264,0.498004,-0.30256,-0.7625,-5.74,-8.855,-4.6025
13000,1256361,0.488732,-0.296704,-0.7639641,-10.8325,-11.06,-7.63
13001,1256457,0.487024,-0.290116,-0.765428,-16.24,-14.56,-11.2525
13002,1256554,0.491904,-0.27694,-0.773724,-20.5275,-18.1125,-14.945
13003,1256650,0.495564,-0.262788,-0.780556,-22.015,-20.1075,-17.15
13004,1256747,0.493856,-0.247904,-0.792756,-21.9625,-23.1175,-18.795
13005,1256844,0.5119121,-0.20618,-0.812276,-20.1775,-22.54,-19.565
13006,1256940,0.516304,-0.123952,-0.845704,-14.525,-16.0825,-15.925
13007,1257037,0.48922,-0.180804,-0.8095921,-7.0175,-12.18,-12.18
13008,1257133,0.421876,-0.163236,-0.833016,-3.85,-10.5875,-10.4825
13009,1257230,0.467016,-0.18544,-0.8239881,-0.4025,-7.525,-10.2725
13010,1257327,0.440908,-0.175192,-0.821304,1.715,-5.1275,-10.2025
13011,1257423,0.464576,-0.1708,-0.825208,4.69,-4.2525,-10.2725
13012,1257520,0.525576,-0.202032,-0.8100801,7.8225,-0.8925,-9.8875
13013,1257616,0.515572,-0.18056,-0.8215481,9.0125,0.7175,-8.3825
13014,1257713,0.515084,-0.18056,-0.81862,9.87,2.485,-6.5275
13015,1257810,0.5185,-0.22204,-0.8081281,11.375,4.7425,-4.8825
13016,1257906,0.5119121,-0.204716,-0.8100801,10.815,6.965,-3.955
13017,1258003,0.502884,-0.217648,-0.8095921,10.815,7.8575,-3.8675
13018,1258099,0.494588,-0.244244,-0.805444,10.2025,9.7125,-4.165
13019,1258196,0.503616,-0.214232,-0.8193521,9.3625,12.8975,-4.0425
13020,1258293,0.486048,-0.216672,-0.8132521,9.2225,16.695,-3.64
13021,1258389,0.5077641,-0.250344,-0.7978801,8.365,23.1875,-3.4825
13022,1258486,0.510204,-0.187392,-0.847412,6.9125,31.255,-3.045
13023,1258582,0.496296,-0.219356,-0.835456,5.7925,37.3975,-2.1875
13024,1258679,0.464332,-0.155428,-0.8959681,5.18,45.9375,-0.735
13025,1258776,0.460916,-0.228384,-0.87962,14.0525,55.2125,0.35
13026,1258872,0.430904,-0.326472,-0.870592,17.045,67.375,-0.105
13027,1258969,0.45872,-0.272548,-0.875472,19.8625,81.2875,-1.82
13028,1259066,0.480436,-0.292312,-0.883524,19.8275,98.0875,-4.83
13029,1259162,0.487512,-0.24522,-0.888648,23.03,113.33,-7.7175
13030,1259259,0.505568,-0.20008,-0.930128,25.1475,132.7725,-9.4325
13031,1259355,0.50996,-0.224236,-0.946232,32.0075,151.9175,-11.13
13032,1259452,0.533384,-0.232776,-0.936716,35.21,174.055,-11.1125
13033,1259549,0.495808,-0.235704,-0.96868,35.21,197.6275,-12.74
13034,1259645,0.485804,-0.250588,-0.962092,37.7825,225.9075,-18.585
13035,1259742,0.500688,-0.213012,-0.9828321,40.74,260.33,-28.1925
13036,1259838,0.528992,-0.287676,-1.03212,41.2825,300.615,-42.9625
13037,1259935,0.787876,-0.5429,-1.227808,49.4025,342.0025,-55.65
13038,1260032,1.158024,-0.6375721,-1.334192,52.99,377.335,-71.3125
13039,1260128,1.031632,-0.705892,-1.31638,61.9325,399.0525,-97.6325
13040,1260225,1.099464,-1.113372,-1.413736,63.5075,420.0175,-136.325
13041,1260322,1.838296,-1.211948,-1.766316,54.04,437.15,-159.355
13042,1260418,1.833172,-1.197064,-1.74094,47.0225,406.6475,-161.595
13043,1260515,1.518656,-1.1285,-1.482544,47.3725,348.285,-158.55
13044,1260611,1.485228,-0.917928,-1.72874,36.2075,286.1425,-163.485
13045,1260708,-0.127124,-0.781776,-1.169736,1.96,193.1125,-174.685
13046,1260805,-0.128344,-1.343952,-1.6104,-56.5775,127.4525,-144.06
13047,1260901,1.552328,-1.132892,-2.460252,-61.18,150.5,-50.4
13048,1260998,-0.776408,-0.565104,-1.048468,-84.8225,-34.1775,-10.92
13049,1261094,-0.079056,-0.434808,-1.16144,-58.73,-11.7775,-1.085
13050,1261191,0.42212,-0.481656,-1.200968,-38.2025,-25.9,1.1375
13051,1261288,0.206424,-0.640744,-1.007964,-27.3,-81.375,5.4075
13052,1261384,0.265472,-0.720288,-0.9423281,-34.4575,-120.6275,8.3475
13053,1261481,0.343064,-0.738344,-0.88328,-53.2875,-155.6275,9.6425
13054,1261577,0.37454,-0.690032,-0.8047121,-72.1175,-192.29,15.295
13055,1261674,0.431148,-0.629032,-0.724924,-84.7,-225.3825,26.1625
13056,1261771,0.377224,-0.5458281,-0.589504,-90.1775,-255.4825,39.0075
13057,1261867,0.304512,-0.454328,-0.457744,-89.845,-276.2375,50.435
13058,1261964,0.239852,-0.399184,-0.360632,-83.825,-285.74,58.485
13059,1262060,0.203252,-0.415776,-0.30866,-75.46,-285.775,62.195
13060,1262157,0.251564,-0.45994,-0.312564,-71.155,-277.83,63.49
13061,1262254,0.37332,-0.451156,-0.40992,-71.75,-266.315,64.295
13062,1262350,0.463356,-0.35136,-0.496052,-70.6125,-258.3875,63.8225
13063,1262447,0.479216,-0.22204,-0.457744,-62.6325,-254.765,60.2875
13064,1262543,0.648796,-0.28182,-0.5551,-42.77,-243.565,50.6975
13065,1262640,0.944524,-0.40626,-0.764696,-17.78,-235.8475,44.1
13066,1262737,1.012356,-0.596336,-0.799344,3.4125,-246.7325,49.14
13067,1262833,0.9489161,-0.679784,-0.7449321,9.6425,-258.0375,60.8475
13068,1262930,0.972828,-0.597556,-0.75274,12.7225,-253.1025,75.8625
13069,1263026,1.026508,-0.575352,-0.72956,24.8325,-242.4625,93.135
13070,1263123,1.125328,-0.706136,-0.703696,42.14,-227.92,112.315
13071,1263220,1.186328,-0.884012,-0.667584,49.0175,-210.3325,133.77
13072,1263316,1.30662,-1.03456,-0.6600201,39.7425,-189.0175,156.065
13073,1263413,1.5372,-1.017968,-0.67466,20.0725,-164.535,178.5525
13074,1263509,1.781688,-0.769576,-0.69052,1.295,-142.45,201.6525
13075,1263606,2.090348,-0.502152,-0.673196,-8.4175,-123.5325,220.0975
13076,1263703,2.422188,-0.22448,-0.598044,-15.3475,-111.965,225.2075
13077,1263799,2.671556,0.000488,-0.41114,-23.9225,-110.6,215.0575
13078,1263896,2.801608,0.052704,-0.186172,-38.815,-120.4175,189.84
13079,1263992,3.164192,0.027328,-0.107604,-66.395,-130.13,154.8925
13080,1264089,3.171512,-0.539484,0.145912,-100.835,-159.4075,121.03
13081,1264186,2.943372,0.137616,0.805688,-175.035,-187.5475,63.0175
13082,1264282,2.884324,1.322724,1.453752,-218.925,-196.4025,-10.9025
13083,1264379,2.076684,1.144848,2.525644,-128.6075,-171.185,-47.3025
13084,1264475,2.13378,-0.3294,3.340604,30.52,-77.9275,-28.035
13085,1264572,2.003484,0.108092,2.374608,1.26,109.725,13.125
13086,1264669,1.315892,-0.895236,-2.669848,22.96,243.7925,55.055
13087,1264765,1.193404,0.293288,-2.469768,-14.9275,233.52,46.48
13088,1264862,1.039928,1.197308,-0.858392,-41.8775,157.185,1.9425
13089,1264958,1.116788,0.506788,-1.405928,20.7025,162.4525,-4.7425
13090,1265055,0.504348,0.233752,-1.140456,44.59,136.4125,-9.975
13091,1265152,0.600728,0.022936,-0.735904,53.585,119.9975,-26.985
13092,1265248,1.188768,-0.512156,-0.991372,73.36,128.38,-22.995
13093,1265345,1.569408,-1.677256,-1.312964,51.1875,93.87,-34.7375
13094,1265441,0.71004,-0.788852,-0.610976,-18.9,33.285,-33.0225
13095,1265538,0.813496,-0.024156,-1.106296,-43.82,8.6625,-31.745
13096,1265635,0.83936,-0.177632,-0.8461921,-33.39,8.12,-23.7475
13097,1265731,0.609756,-0.393328,-0.749812,-16.625,-11.76,-15.89
13098,1265828,0.58316,-0.274744,-0.77226,-18.7775,-9.52,-9.9925
13099,1265924,0.548756,-0.30866,-0.7712841,-17.6225,-11.7075,-10.5
13100,1266021,0.514108,-0.239852,-0.80276,-19.005,-13.9475,-10.7975
13101,1266118,0.516792,-0.211792,-0.8108121,-18.2875,-14.3675,-11.795
13102,1266214,0.49898,-0.25986,-0.78934,-17.4825,-15.12,-12.0925
13103,1266311,0.486536,-0.247904,-0.765184,-18.7075,-16.2575,-13.4225
13104,1266407,0.50264,-0.266204,-0.789828,-21.42,-17.0275,-14.98
13105,1266504,0.507032,-0.244976,-0.800808,-23.0125,-18.4625,-15.5925
13106,1266601,0.503372,-0.220088,-0.81618,-23.4325,-17.3075,-15.365
13107,1266697,0.511668,-0.202032,-0.824964,-22.3825,-15.855,-14.2625
13108,1266794,0.514108,-0.186416,-0.83082,-19.8275,-13.5625,-12.1625
13109,1266890,0.510692,-0.17446,-0.833992,-15.995,-11.4275,-9.4675
13110,1266987,0.512156,-0.196176,-0.8193521,-11.48,-10.6225,-7.28
13111,1267084,0.504104,-0.178364,-0.8086161,-8.6275,-9.94,-5.2325
13112,1267180,0.509716,-0.186904,-0.8132521,-6.0025,-9.695,-3.8325
13113,1267277,0.507276,-0.222528,-0.8030041,-4.8475,-9.3625,-2.9575
13114,1267373,0.495564,-0.17568,-0.820328,-3.185,-9.6425,-2.555
13115,1267470,0.484096,-0.22692,-0.8047121,-2.2225,-10.185,-3.045
13116,1267567,0.488732,-0.2257,-0.805932,-2.485,-10.15,-3.71
13117,1267663,0.469944,-0.24278,-0.8025161,-1.505,-11.935,-5.4775
13118,1267760,0.48434,-0.205936,-0.8020281,-2.765,-12.705,-7.7
13119,1267856,0.4758,-0.191784,-0.8127641,-2.1175,-14.105,-8.855
13120,1267953,0.473848,-0.181048,-0.81862,-0.4375,-14.0525,-8.96
13121,1268050,0.486048,-0.132248,-0.833992,1.855,-11.655,-8.3825
13122,1268146,0.475556,-0.14396,-0.8298441,5.355,-9.1875,-6.5275
13123,1268243,0.466528,-0.170312,-0.8357,8.4525,-6.44,-4.865
13124,1268339,0.473116,-0.1769,-0.8291121,9.485,-3.3775,-4.375
13125,1268436,0.47702,-0.212036,-0.8020281,10.5,-0.4025,-4.2525
13126,1268533,0.47214,-0.243268,-0.796904,10.08,1.925,-4.69
13127,1268629,0.472384,-0.213988,-0.815692,9.6075,3.99,-5.8625
13128,1268726,0.465796,-0.223748,-0.819108,9.765,7.035,-6.58
13129,1268822,0.497028,-0.223992,-0.8195961,8.89,11.305,-7.175
13130,1268919,0.49044,-0.22204,-0.8132521,7.9275,16.1525,-7.7
13131,1269016,0.513132,-0.215696,-0.820328,7.0175,20.79,-8.05
13132,1269112,0.504836,-0.20618,-0.8244761,7.1575,24.22,-8.225
13133,1269209,0.524356,-0.203496,-0.822768,8.225,28.0175,-8.1025
13134,1269305,0.508984,-0.200568,-0.8230121,9.87,32.3575,-7.49
13135,1269402,0.52094,-0.192028,-0.831308,11.4975,37.5725,-6.93
13136,1269499,0.480436,-0.122732,-0.854488,13.9825,44.1175,-6.335
13137,1269595,0.433344,-0.349652,-0.84424,20.965,53.0775,-5.6875
13138,1269692,0.500444,-0.159576,-0.914756,21.6475,66.185,-5.39
13139,1269788,0.488,-0.183976,-0.903288,27.5975,79.2925,-5.355
13140,1269885,0.491172,-0.157136,-0.928664,30.065,95.8825,-3.675
13141,1269982,0.470676,-0.16226,-0.949892,35.945,114.94,-0.525
13142,1270078,0.480192,-0.187636,-0.98942,40.5825,139.7025,1.715
13143,1270175,0.460672,-0.270596,-1.003084,45.2725,168.735,3.01
13144,1270271,0.437492,-0.308904,-1.031144,49.7525,199.745,-0.5775
13145,1270368,0.503372,-0.26474,-1.041148,56.7,230.0375,-7.525
13146,1270465,0.441152,-0.257664,-1.0492,67.55001,262.6225,-15.295
13147,1270561,0.506056,-0.349652,-1.06628,78.3125,305.55,-26.46
13148,1270658,0.632204,-0.453352,-1.250256,91.3675,353.2025,-40.18
13149,1270754,1.066524,-0.461648,-1.431548,104.6325,392.0525,-52.9725
13150,1270851,1.12362,-0.460916,-1.39324,117.4075,411.2675,-67.305
13151,1270948,1.081408,-0.7027201,-1.458144,131.53,423.78,-89.495
13152,1271044,1.622112,-0.725168,-1.62992,149.555,429.625,-94.65751
13153,1271141,1.8178,-0.81618,-1.58234,168.525,406.14,-90.49251
13154,1271237,1.757776,-0.726144,-1.701168,169.785,359.31,-98.0
13155,1271334,1.389336,-0.6878361,-1.808772,164.5,289.135,-110.4775
13156,1271431,0.296704,-0.324764,-1.40056,148.89,189.4375,-125.72
13157,1271527,0.154208,-0.302804,-1.952732,126.7525,101.29,-115.92
13158,1271624,1.52988,-1.03212,-2.575176,118.895,67.305,-113.295
13159,1271720,-0.926712,-0.52216,-1.018456,56.875,-109.935,-135.2225
13160,1271817,-0.24034,-0.432856,-1.12606,30.8525,-79.9225,-145.46
13161,1271914,0.513864,-0.466284,-1.316136,32.165,-72.17,-131.67
13162,1272010,0.231312,-0.716384,-1.080188,44.17,-122.57,-94.16751
13163,1272107,0.189344,-0.9084121,-0.9860041,36.505,-159.11,-60.4625
13164,1272204,0.311832,-0.804224,-0.9699,2.6425,-184.8,-40.565
13165,1272300,0.261812,-0.51972,-0.892064,-29.3475,-215.4075,-22.365
13166,1272397,0.228384,-0.276452,-0.807152,-39.0075,-241.0975,-2.5375
13167,1272493,0.160552,-0.184952,-0.667096,-28.8225,-259.56,15.3825
13168,1272590,0.06466001,-0.17446,-0.538508,-15.47,-269.85,28.91
13169,1272686,0.054656,-0.206668,-0.470188,-8.4175,-269.7975,36.1025
13170,1272783,0.208376,-0.212524,-0.495564,-10.185,-261.94,37.2225
13171,1272880,0.316712,-0.249124,-0.553636,-14.84,-256.4275,34.2825
13172,1272976,0.42822,-0.228628,-0.614148,-21.035,-253.575,32.2875
13173,1273073,0.438468,-0.13176,-0.662704,-23.31,-251.0375,32.165
13174,1273170,0.609268,-0.133712,-0.78202,-12.2325,-245.1225,33.81
13175,1273266,0.798368,-0.25986,-0.9028,7.805,-244.335,40.32
13176,1273363,0.893284,-0.42944,-0.902068,21.0175,-253.6975,54.425
13177,1273459,0.86498,-0.49654,-0.8359441,19.18,-261.9575,70.7525
13178,1273556,0.852048,-0.409188,-0.809348,11.515,-259.2275,83.8425
13179,1273653,0.877912,-0.382836,-0.8427761,13.9825,-250.18,93.08249
13180,1273749,0.903532,-0.476532,-0.898896,23.905,-240.1175,100.555
13181,1273846,1.024556,-0.601948,-0.8866961,30.4675,-227.22,109.4275
13182,1273942,1.250988,-0.761524,-0.899872,31.6575,-210.0875,122.85
13183,1274039,1.496208,-0.9440361,-0.889624,27.265,-195.265,140.2975
13184,1274136,1.821216,-0.99552,-0.869128,14.42,-181.4225,161.6475
13185,1274232,2.120604,-0.743956,-0.834968,-1.8725,-167.1775,186.8475
13186,1274329,2.612996,-0.5429,-0.805688,-10.9025,-153.9125,208.1275
13187,1274425,3.299368,-0.4331,-0.820572,-22.6275,-149.87,214.095
13188,1274522,3.659756,-0.298412,-0.551928,-48.0025,-178.675,206.15
13189,1274619,3.4038,-0.143716,-0.136152,-91.42,-231.4375,182.9975
13190,1274715,3.130032,-0.036356,0.293288,-133.84,-267.33,148.96
13191,1274812,2.658624,0.233264,1.327848,-167.8075,-279.51,100.9225
13192,1274908,1.958344,1.032852,1.82878,-171.0625,-218.26,39.6375
13193,1275005,2.814296,-0.06954,2.008364,-30.1875,-146.09,38.885
13194,1275102,2.883104,-0.700036,2.473672,27.405,-69.51,61.915
13195,1275198,2.289208,0.038796,2.865048,-12.0575,22.295,89.8975
13196,1275295,0.6946681,0.360144,0.317688,-3.5,157.2725,133.63
13197,1275391,1.061644,0.333792,-3.292048,19.3375,267.6975,125.3
13198,1275488,0.678564,1.505724,-1.701412,-14.105,197.505,68.6875
13199,1275585,1.160952,1.243668,-1.003816,11.165,177.52,12.5125
13200,1275681,1.12972,0.345504,-1.599908,67.1825,172.025,-18.55
13201,1275778,0.474824,-0.098576,-0.921588,73.6925,133.42,-39.935
13202,1275874,0.708088,-0.59902,-0.681004,82.8275,134.12,-39.375
13203,1275971,0.78202,-0.797148,-0.7622561,77.8575,140.3675,-25.9
13204,1276068,0.6790521,-0.545584,-0.7666481,55.9125,127.785,-25.6375
13205,1276164,1.064572,-0.800076,-0.9506241,35.56,127.05,-34.5975
13206,1276261,1.561356,-1.396412,-1.009672,-9.7125,90.195,-51.2925
13207,1276357,0.7141881,-0.537288,-0.790072,-74.6375,33.3025,-52.64
13208,1276454,0.9738041,0.005368,-1.067988,-73.4475,13.9475,-45.0275
13209,1276551,0.820328,-0.283772,-0.876692,-56.98,-5.11,-36.575
13210,1276647,0.585112,-0.25132,-0.839116,-40.1625,-22.435,-27.4925
13211,1276744,0.563884,-0.213744,-0.8359441,-34.0025,-24.1675,-23.6425
13212,1276841,0.52704,-0.251808,-0.823256,-30.5025,-24.045,-21.5075
13213,1276937,0.524356,-0.19886,-0.824964,-28.035,-22.2775,-18.8825
13214,1277034,0.52094,-0.173972,-0.848632,-22.0675,-17.255,-14.7
13215,1277130,0.512888,-0.188368,-0.8364321,-14.5775,-12.915,-9.835
13216,1277227,0.518012,-0.17202,-0.8430201,-10.115,-10.185,-7.07
13217,1277323,0.510936,-0.173728,-0.8332601,-6.1775,-7.1925,-4.6375
13218,1277420,0.503372,-0.179584,-0.827892,-2.415,-4.9525,-2.7475
13219,1277517,0.503372,-0.183732,-0.824232,0.1225,-3.2025,-1.365
13220,1277613,0.500444,-0.182756,-0.81862,2.4675,-1.82,-0.0525
13221,1277710,0.4984921,-0.186416,-0.815936,4.2,-0.4375,1.1725
13222,1277807,0.499468,-0.210084,-0.8039801,5.95,0.245,1.995
13223,1277903,0.515328,-0.313052,-0.828624,6.1075,0.7175,2.205
13224,1278000,0.497272,-0.245708,-0.782264,4.97,-0.7175,2.7125
13225,1278096,0.506788,-0.244976,-0.779824,5.285,-1.085,1.5925
13226,1278193,0.503616,-0.25254,-0.775188,3.7975,-2.17,0.6825
13227,1278290,0.49898,-0.216184,-0.7937321,2.24,-3.57,-0.21
13228,1278386,0.496052,-0.241072,-0.77714,1.61,-5.6525,-1.225
13229,1278483,0.486536,-0.290116,-0.767624,-0.175,-7.14,-2.555
13230,1278579,0.549732,-0.168116,-0.755912,-1.3125,-9.275,-3.08
13231,1278676,0.4404201,-0.293532,-0.769088,-1.12,-11.34,-4.8825
13232,1278773,0.51118,-0.225212,-0.803492,-3.0975,-11.0775,-4.515
13233,1278869,0.5165481,-0.26352,-0.79666,-1.19,-10.85,-5.04
13234,1278966,0.500688,-0.169824,-0.8230121,0.4375,-10.7975,-3.1675
13235,1279062,0.456036,-0.211304,-0.798368,1.435,-10.4125,-3.92
13236,1279159,0.457012,-0.216916,-0.806908,2.2225,-9.9575,-4.7075
13237,1279256,0.466772,-0.212524,-0.815448,2.87,-8.715,-5.6875
13238,1279352,0.432124,-0.223992,-0.815936,4.62,-7.56,-6.02
13239,1279449,0.4819,-0.233752,-0.8230121,7.595,-5.1975,-6.6325
13240,1279546,0.494588,-0.235704,-0.806908,9.7825,-3.08,-6.93
13241,1279642,0.483608,-0.21228,-0.817644,11.0075,-1.7675,-7.21
13242,1279739,0.509472,-0.204716,-0.813008,10.535,0.49,-6.6325
13243,1279835,0.52216,-0.271572,-0.7944641,12.495,3.5,-5.355
13244,1279932,0.484828,-0.203008,-0.820572,10.99,5.6875,-5.7225
13245,1280029,0.4594521,-0.258396,-0.8149601,11.4625,10.3425,-5.565
13246,1280125,0.452864,-0.251808,-0.8344801,10.8675,18.0425,-5.705
13247,1280222,0.456036,-0.270352,-0.84424,10.0275,25.5675,-7.7525
13248,1280318,0.496784,-0.267912,-0.815936,9.765,32.76,-9.8525
13249,1280415,0.51118,-0.241804,-0.826672,10.15,42.0525,-11.1475
13250,1280512,0.506788,-0.205936,-0.83204,12.1975,49.77,-11.4625
13251,1280608,0.40016,-0.081496,-0.91134,17.15,58.38,-12.5475
13252,1280705,0.432368,-0.407968,-0.8476561,30.1525,69.44,-14.21
13253,1280801,0.517036,-0.160064,-0.9516,24.22,88.13,-12.95
13254,1280898,0.458232,-0.206912,-0.958432,37.415,103.95,-12.8275
13255,1280995,0.459696,-0.198616,-1.002108,40.565,128.7475,-9.5725
13256,1281091,0.459696,-0.235216,-1.01504,47.53,156.4675,-7.0
13257,1281188,0.477508,-0.22082,-1.043344,54.8275,186.935,-6.475
13258,1281284,0.489952,-0.234728,-1.063596,67.0075,216.5975,-7.5425
13259,1281381,0.448472,-0.185196,-1.074088,78.925,252.245,-10.885
13260,1281478,0.404796,-0.193248,-1.114592,97.2475,295.785,-15.785
13261,1281574,0.6161,-0.234484,-1.106052,116.8475,346.08,-22.505
13262,1281671,0.880352,-0.3843,-1.457412,147.175,395.4825,-28.5425
13263,1281767,1.20536,-0.498004,-1.486692,167.44,424.4975,-36.505
13264,1281864,1.129476,-0.618052,-1.429108,172.095,431.97,-58.625
13265,1281961,1.520608,-0.850096,-1.638704,181.1775,437.4475,-75.18
13266,1282057,1.952976,-0.816424,-1.681648,196.175,416.4825,-72.45
13267,1282154,1.841956,-0.702964,-1.611376,206.64,358.33,-75.4775
13268,1282250,1.334192,-0.258396,-1.66652,205.3275,280.77,-85.33
13269,1282347,0.456524,0.083204,-1.250256,215.495,179.7425,-92.8025
13270,1282444,-0.768844,0.231068,-2.049844,233.765,91.875,-92.27751
13271,1282540,2.062776,-1.256112,-2.66814,220.535,41.09,-105.105
13272,1282637,-0.5267961,-0.8239881,-1.293932,116.865,-126.28,-154.875
13273,1282733,-0.393816,-0.5214281,-1.009672,38.9375,-170.6425,-179.62
13274,1282830,0.25986,-0.409676,-1.084092,19.95,-151.62,-173.18
13275,1282927,0.04758,-0.6771,-0.808372,34.3525,-182.245,-135.6775
13276,1283023,0.11956,-1.008208,-0.7278521,39.2525,-197.9775,-92.26001
13277,1283120,0.256688,-1.096048,-0.692716,10.01,-213.08,-54.4775
13278,1283216,0.255224,-0.874984,-0.6470881,-33.775,-232.1725,-22.8375
13279,1283313,0.236924,-0.559736,-0.594628,-63.735,-247.9925,5.7575
13280,1283410,0.212036,-0.333792,-0.53436,-68.3375,-258.405,30.2225
13281,1283506,0.175924,-0.234728,-0.477264,-55.2825,-263.655,49.175
13282,1283603,0.1525,-0.2501,-0.431148,-38.745,-263.8475,60.1475
13283,1283700,0.147376,-0.299388,-0.435052,-31.5,-259.14,61.6
13284,1283796,0.319152,-0.292068,-0.554856,-33.845,-250.1975,55.9825
13285,1283893,0.495564,-0.199592,-0.654408,-38.255,-246.5575,46.445
13286,1283989,0.56852,-0.14274,-0.718824,-34.9475,-249.4975,35.2975
13287,1284086,0.7088201,-0.2257,-0.7998321,-16.975,-250.7225,25.6725
13288,1284183,0.778116,-0.399672,-0.85888,5.4075,-255.01,26.425
13289,1284279,0.7903161,-0.5734,-0.826428,19.1975,-259.77,38.4475
13290,1284376,0.8113001,-0.657824,-0.779092,19.635,-258.93,56.105
13291,1284472,0.8991401,-0.595116,-0.820328,15.4,-251.0725,74.655
13292,1284569,0.9718521,-0.561688,-0.8481441,18.8475,-241.325,93.7125
13293,1284666,0.984784,-0.647332,-0.907436,29.855,-232.365,111.9475
13294,1284762,1.096048,-0.807396,-0.9489161,36.5225,-219.9575,128.3975
13295,1284859,1.318332,-1.003816,-0.920368,32.2875,-205.695,143.0275
13296,1284955,1.586244,-1.10532,-0.811056,15.1375,-191.8175,158.025
13297,1285052,1.862208,-0.772504,-0.784216,-10.1675,-176.47,174.58
13298,1285149,2.242848,-0.35136,-0.744444,-24.64,-158.48,188.615
13299,1285245,2.627636,-0.041236,-0.620248,-30.73,-147.1925,186.41
13300,1285342,2.875052,-0.072468,-0.548756,-40.8975,-148.155,162.6275
13301,1285438,3.2818,0.22936,0.115412,-81.67251,-144.6025,115.0975
13302,1285535,3.702212,0.476776,0.18544,-150.9375,-140.2625,51.2925
13303,1285632,3.439668,0.992592,0.9345201,-149.835,-174.6325,27.1075
13304,1285728,2.30336,0.505324,2.251144,-77.91,-201.0925,13.2475
13305,1285825,2.130852,-0.109068,2.911652,-8.575,-115.7275,7.945
13306,1285921,2.595428,-0.240584,2.942152,-9.38,27.65,25.1825
13307,1286018,2.000556,-0.035868,1.67994,-13.6325,164.5875,77.1225
13308,1286115,1.435696,-0.140788,-2.416576,-9.975,254.5375,106.435
13309,1286211,0.879376,0.919636,-2.53516,-43.05,228.935,71.1375
13310,1286308,0.608048,1.541836,-0.9418401,-40.6875,154.9975,20.44
13311,1286404,0.9630681,0.899872,-1.0553,24.22,167.72,-4.025
13312,1286501,1.104588,0.07856801,-1.330288,65.7125,160.7725,-22.68
13313,1286598,1.067988,-0.687104,-1.098732,73.2375,124.7575,-37.8875
13314,1286694,2.404864,-2.03496,-1.06506,37.38,93.2225,-43.925
13315,1286791,0.504104,-0.625372,-0.573888,-40.9675,9.765,-26.95
13316,1286887,0.937936,0.178852,-1.16388,-40.0925,7.07,-22.295
13317,1286984,0.660264,-0.255956,-0.755424,-22.645,-3.2025,-17.29
13318,1287081,0.5777921,-0.278892,-0.811788,-8.4175,-10.045,-7.735
13319,1287177,0.5612,-0.289872,-0.7625,-9.275,-6.5975,-3.5525
13320,1287274,0.564616,-0.350872,-0.732244,-6.615,-8.2075,-3.3075
13321,1287370,0.541192,-0.263032,-0.76372,-10.535,-10.535,-4.41
13322,1287467,0.514596,-0.242536,-0.789828,-10.4825,-12.5125,-5.705
13323,1287564,0.507276,-0.234484,-0.7951961,-10.0275,-12.3725,-5.3375
13324,1287660,0.526308,-0.24888,-0.798856,-8.7675,-12.215,-4.97
13325,1287757,0.510204,-0.242536,-0.801052,-8.4875,-12.6875,-5.1625
13326,1287853,0.515572,-0.240096,-0.798856,-7.665,-11.9175,-4.6375
13327,1287950,0.520208,-0.232776,-0.806908,-6.51,-11.06,-3.92
13328,1288047,0.518012,-0.213012,-0.8108121,-5.355,-10.465,-3.29
13329,1288143,0.51362,-0.225944,-0.8174001,-3.185,-8.995,-2.485
13330,1288240,0.553636,-0.218624,-0.835456,0.56,-4.655,-1.61
13331,1288336,0.496784,-0.208864,-0.801052,2.73,-4.725,-1.0325
13332,1288433,0.5124001,-0.21228,-0.8003201,2.9925,-2.905,-0.2625
13333,1288530,0.515572,-0.207156,-0.799588,4.1475,-2.03,0.4375
13334,1288626,0.519476,-0.231312,-0.790804,5.075,-1.4,1.1025
13335,1288723,0.520452,-0.248636,-0.784216,5.495,-1.1375,1.54
13336,1288820,0.5206961,-0.249856,-0.779824,5.5825,-1.8025,1.5925
13337,1288916,0.516304,-0.260348,-0.782752,5.425,-2.275,1.3125
13338,1289013,0.483608,-0.276452,-0.7812881,5.11,-3.7275,0.665
13339,1289109,0.486292,-0.281332,-0.773724,4.3575,-3.885,-0.7525
13340,1289206,0.461892,-0.307196,-0.77714,3.325,-6.5625,-3.815
13341,1289303,0.472384,-0.282552,-0.762744,0.385,-8.7325,-7.9275
13342,1289399,0.466528,-0.2806,-0.781532,-2.275,-12.915,-11.9175
13343,1289496,0.50752,-0.23668,-0.791292,-3.745,-15.0675,-14.21
13344,1289592,0.5214281,-0.195444,-0.807152,-2.4675,-13.37,-13.65
13345,1289689,0.505324,-0.187636,-0.811056,0.525,-11.8125,-11.76
13346,1289786,0.498004,-0.171288,-0.813984,2.8525,-8.925,-9.66
13347,1289882,0.494588,-0.215208,-0.80886,5.2325,-6.2125,-8.3825
13348,1289979,0.5077641,-0.270596,-0.787388,6.195,-3.115,-7.84
13349,1290075,0.49898,-0.253516,-0.785192,5.005,-1.0325,-7.98
13350,1290172,0.492148,-0.243512,-0.798124,4.585,0.56,-8.855
13351,1290269,0.487512,-0.251564,-0.803736,4.41,2.6075,-9.2225
13352,1290365,0.487268,-0.241316,-0.810568,3.85,6.37,-9.625
13353,1290462,0.478972,-0.2623,-0.8108121,3.4125,11.4625,-10.22
13354,1290558,0.500688,-0.260348,-0.783484,2.415,17.605,-11.865
13355,1290655,0.506544,-0.239364,-0.803736,1.2775,24.9725,-13.1775
13356,1290752,0.560468,-0.204472,-0.815448,2.555,29.9425,-12.3375
13357,1290848,0.5546121,-0.227896,-0.801296,5.5475,33.2675,-11.27
13358,1290945,0.526308,-0.176412,-0.820084,8.2775,36.7675,-10.5875
13359,1291041,0.462624,-0.186172,-0.858636,14.3325,40.1975,-11.655
13360,1291138,0.464576,-0.257664,-0.853024,19.6875,48.9125,-11.3575
13361,1291235,0.518988,-0.208376,-0.876204,18.725,64.12,-9.5025
13362,1291331,0.505324,-0.172264,-0.90036,25.2525,77.63,-8.4
13363,1291428,0.50874,-0.181048,-0.926712,28.8575,95.97,-5.3375
13364,1291525,0.491172,-0.178364,-0.9577,35.525,116.4275,-2.065
13365,1291621,0.49044,-0.197152,-0.981124,41.79,141.2775,1.8375
13366,1291718,0.482876,-0.248636,-1.023092,53.0775,167.7025,5.0225
13367,1291814,0.444812,-0.273036,-1.045052,65.2575,194.5825,3.955
13368,1291911,0.424316,-0.253028,-1.07848,77.28,227.5875,-0.6475
13369,1292008,0.382836,-0.319396,-1.053348,91.7175,265.965,-7.0175
13370,1292104,0.524112,-0.307684,-1.069452,105.735,311.2025,-17.2375
13371,1292201,0.704916,-0.391376,-1.086044,121.1525,357.105,-30.3275
13372,1292297,1.242448,-0.542412,-1.321748,142.17,392.63,-40.88
13373,1292394,1.219024,-0.59902,-1.29442,146.5625,399.245,-56.875
13374,1292491,1.238056,-0.745176,-1.377136,155.2425,397.95,-78.5225
13375,1292587,1.509872,-0.8276481,-1.487912,167.9475,392.7175,-84.3675
13376,1292684,1.726544,-0.74664,-1.464488,184.065,367.5875,-81.935
13377,1292780,1.601128,-0.590968,-1.549156,192.3425,323.9075,-86.32751
13378,1292877,1.07848,-0.09735601,-1.656272,205.8875,259.875,-87.53501
13379,1292974,0.486536,-0.08466801,-1.34932,232.085,182.735,-92.96
13380,1293070,-0.160796,-0.549732,-1.778516,236.915,100.38,-86.22251
13381,1293167,1.887584,-1.587708,-2.410964,191.905,48.615,-96.4075
13382,1293263,-0.4819,-0.793976,-1.219024,67.6025,-103.81,-139.4225
13383,1293360,-0.3721,-0.3172,-1.031876,-6.0025,-132.0025,-156.73
13384,1293457,0.267668,-0.205936,-1.176812,-6.195,-113.505,-151.235
13385,1293553,0.338184,-0.5023961,-1.048468,20.9825,-141.9425,-122.36
13386,1293650,0.35868,-0.909632,-0.976976,32.8825,-173.3025,-87.08
13387,1293746,0.33184,-1.019432,-0.896212,3.15,-207.865,-58.73
13388,1293843,0.24888,-0.787144,-0.81374,-48.44,-237.23,-41.5275
13389,1293940,0.18178,-0.36112,-0.70516,-83.93001,-259.77,-27.685
13390,1294036,0.066124,-0.054412,-0.533872,-83.30001,-273.5425,-14.4375
13391,1294133,-0.035868,0.049288,-0.401136,-55.4575,-275.5375,-2.73
13392,1294229,0.039528,-0.099552,-0.3538,-21.77,-262.3775,5.355
13393,1294326,0.270596,-0.36844,-0.449448,-5.25,-245.595,8.6275
13394,1294423,0.409676,-0.48434,-0.539972,-13.5975,-240.0125,11.5325
13395,1294519,0.411628,-0.3965,-0.556076,-33.3375,-239.0325,19.145
13396,1294616,0.51972,-0.256444,-0.7041841,-37.94,-229.3375,30.6775
13397,1294712,0.725412,-0.245464,-0.837652,-23.2225,-222.355,45.71
13398,1294809,0.895236,-0.344772,-0.865956,-5.04,-225.7675,62.5275
13399,1294906,0.915244,-0.436272,-0.837652,-2.1175,-235.5325,75.3725
13400,1295002,0.9274441,-0.353556,-0.830576,-12.145,-242.585,79.3625
13401,1295099,0.9821,-0.265716,-0.8554641,-15.435,-245.665,79.38
13402,1295195,0.9921041,-0.318908,-0.872788,-2.17,-247.4675,81.655
13403,1295292,0.969412,-0.447496,-0.8652241,14.07,-247.205,88.3575
13404,1295389,0.98942,-0.587064,-0.862784,21.7,-240.905,97.7025
13405,1295485,1.075064,-0.654896,-0.8493641,19.705,-229.9675,108.8675
13406,1295582,1.212192,-0.705892,-0.8493641,13.615,-216.7025,122.745
13407,1295679,1.435696,-0.790804,-0.842288,6.8425,-203.3675,138.9675
13408,1295775,1.698972,-0.860588,-0.839116,-3.3425,-191.135,156.695
13409,1295872,2.227964,-0.7664041,-1.051396,-18.2,-178.955,176.7675
13410,1295968,2.9951,-0.665632,-1.251232,-32.0775,-180.3725,199.2725
13411,1296065,4.112864,-0.970632,0.245464,-62.475,-219.8,208.67
13412,1296162,2.023736,1.251476,1.131184,-173.9675,-183.47,154.1225
13413,1296258,3.479928,0.741272,1.191696,-99.34751,-166.0925,116.3925
13414,1296355,3.497252,-0.223016,1.584048,-25.5675,-82.3375,114.1
13415,1296451,2.949228,0.166652,2.197952,-54.5825,-75.46,93.9225
13416,1296548,2.782332,0.368928,2.737436,-44.1,-0.805,85.3825
13417,1296645,3.50506,0.1525,2.908236,-0.21,119.2275,85.54
13418,1296741,1.977376,0.33428,-0.601216,12.705,214.69,71.85501
13419,1296838,1.603568,0.533628,-3.559472,8.8725,223.825,29.365
13420,1296934,0.352824,1.19926,-1.065792,-18.235,118.3875,-20.7375
13421,1297031,0.793976,-0.029768,-0.606584,36.155,124.67,-42.2275
13422,1297128,0.7503,-0.546804,-1.003816,60.095,143.815,-23.2225
13423,1297224,0.8784,-0.5504641,-1.186084,35.14,122.29,-27.8775
13424,1297321,1.884656,-1.294664,-1.140944,-4.7775,93.03,-51.695
13425,1297417,0.439932,-0.7449321,-0.7788481,-47.0225,6.4925,-47.81
13426,1297514,1.0736,0.188612,-0.968192,-47.9325,16.3625,-33.495
13427,1297611,0.6326921,-0.416996,-0.7522521,-22.3475,-14.9275,-30.2225
13428,1297707,0.58804,-0.220576,-0.828624,-26.3025,-8.47,-21.105
13429,1297804,0.599996,-0.24034,-0.7956841,-20.5275,-8.085,-19.5125
13430,1297900,0.58194,-0.257664,-0.785192,-19.46,-7.875,-16.31
13431,1297997,0.556808,-0.284504,-0.7998321,-18.1475,-10.9025,-15.3125
13432,1298094,0.52948,-0.193248,-0.8086161,-17.255,-13.6325,-15.3825
13433,1298189,0.53924,-0.16836,-0.82594,-14.525,-13.895,-13.3875
13434,1298285,0.537044,-0.154452,-0.826428,-10.535,-13.1075,-10.045
13435,1298382,0.543144,-0.154208,-0.8291121,-6.58,-10.8675,-6.5275
13436,1298479,0.516792,-0.19276,-0.811056,-3.0975,-9.2575,-3.9375
13437,1298575,0.523136,-0.20618,-0.8100801,-1.365,-8.1025,-2.5375
13438,1298672,0.51118,-0.23546,-0.7991,-0.56,-7.84,-2.415
13439,1298768,0.511668,-0.226188,-0.791048,-1.33,-8.89,-3.1325
13440,1298865,0.504592,-0.213012,-0.8047121,-1.82,-10.2375,-3.36
13441,1298962,0.520452,-0.215452,-0.798856,-1.0675,-10.605,-2.8875
13442,1299058,0.52094,-0.216672,-0.8020281,-1.225,-11.0075,-2.94
13443,1299155,0.523136,-0.201056,-0.801784,-2.1175,-11.305,-3.325
13444,1299251,0.514352,-0.186172,-0.805932,-2.2925,-11.5675,-3.43
13445,1299348,0.508984,-0.181048,-0.812276,-2.0475,-11.7075,-3.0625
13446,1299445,0.499712,-0.193004,-0.818376,-1.3125,-11.1825,-2.4325
13447,1299541,0.500932,-0.205204,-0.814472,-0.4025,-10.3075,-2.205
13448,1299638,0.491172,-0.201788,-0.80642,0.0175,-9.1175,-2.3975
13449,1299734,0.508252,-0.200568,-0.804224,0.1575,-9.135,-2.8875
13450,1299831,0.503128,-0.199592,-0.8030041,0.0525,-9.3975,-3.185
13451,1299928,0.50752,-0.202764,-0.80276,0.0525,-9.835,-3.29
13452,1300024,0.507032,-0.194224,-0.8049561,-0.1925,-10.3075,-3.64
13453,1300121,0.503128,-0.194712,-0.812276,-0.28,-10.7975,-3.745
13454,1300217,0.496784,-0.199104,-0.807884,-0.245,-10.9025,-3.885
13455,1300314,0.490928,-0.196908,-0.8113001,-0.1925,-10.6925,-4.025
13456,1300411,0.488488,-0.20374,-0.8108121,-0.14,-10.6925,-4.375
13457,1300507,0.493856,-0.197396,-0.811056,-0.21,-11.025,-5.075
13458,1300604,0.489952,-0.200568,-0.8100801,-0.28,-11.1475,-5.705
13459,1300700,0.488732,-0.205204,-0.8132521,-0.2975,-10.85,-6.2825
13460,1300797,0.489708,-0.201056,-0.8108121,-0.5075,-10.115,-6.93
13461,1300894,0.4933681,-0.173484,-0.820816,-0.6475,-9.2925,-7.315
13462,1300990,0.496784,-0.185684,-0.80642,-0.035,-8.4,-7.14
13463,1301087,0.493124,-0.188612,-0.820572,0.1925,-7.5075,-6.79
13464,1301183,0.48678,-0.202764,-0.8261841,1.5575,-5.95,-5.915
13465,1301280,0.491172,-0.193736,-0.822768,2.94,-3.4125,-5.145
13466,1301377,0.487756,-0.175924,-0.8357,3.9725,-0.8225,-4.655
13467,1301473,0.488732,-0.183488,-0.826916,5.6525,1.8725,-4.235
13468,1301570,0.488732,-0.186172,-0.83936,7.175,5.4425,-3.7975
13469,1301666,0.46482,-0.194224,-0.8569281,9.065,9.8875,-3.7625
13470,1301763,0.420656,-0.235216,-0.8676641,11.8475,19.4775,-4.69
13471,1301860,0.414312,-0.275964,-0.862784,14.1925,32.7075,-8.47
13472,1301956,0.42334,-0.228628,-0.885964,14.6825,44.9925,-12.3025
13473,1302053,0.354776,-0.320372,-0.876692,18.9,55.0025,-16.7475
13474,1302149,0.418704,-0.208132,-0.918416,20.1425,68.2675,-22.6625
13475,1302246,0.512644,-0.23668,-0.9254921,22.925,85.12,-25.0425
13476,1302343,0.509228,-0.178364,-0.93696,25.7075,97.05501,-25.2875
13477,1302439,0.5119121,-0.21594,-0.9315921,26.775,113.1025,-26.6175
13478,1302536,0.543632,-0.171044,-0.940132,24.605,131.985,-26.9325
13479,1302632,0.549244,-0.175436,-0.918416,25.8125,149.7125,-26.67
13480,1302729,0.5926761,-0.207644,-0.875472,28.455,165.27,-27.3525
13481,1302826,0.624396,-0.25498,-0.851804,27.8075,174.7025,-29.0675
13482,1302922,0.677588,-0.220576,-0.824964,24.43,181.2825,-32.655
13483,1303019,0.9228081,-0.268156,-0.922076,23.0475,183.435,-35.385
13484,1303116,0.955992,-0.302072,-0.957456,22.1725,172.06,-36.9075
13485,1303212,0.9489161,-0.232532,-0.898408,19.9675,152.2325,-35.77
13486,1303309,0.8188641,-0.250588,-0.74786,19.215,131.95,-33.9675
13487,1303405,0.73566,-0.178852,-0.870104,19.3375,119.0875,-32.9175
13488,1303502,0.4933681,-0.025376,-1.087752,24.22,96.11,-32.7425
13489,1303599,0.176656,0.131272,-1.037488,28.1925,60.4275,-42.595
13490,1303695,0.13542,0.165676,-1.10532,33.6175,30.2225,-61.4075
13491,1303792,0.291824,0.07490801,-1.065792,35.735,-4.935,-83.59751
13492,1303888,0.2501,-0.156892,-0.9921041,28.7,-42.5425,-104.58
13493,1303985,0.05856,-0.263276,-0.749812,17.5875,-75.705,-110.6875
13494,1304082,0.139812,-0.404308,-0.7266321,9.7475,-90.37001,-106.54
13495,1304178,0.25254,-0.58072,-0.723948,7.035,-102.5675,-90.58001
13496,1304275,0.23424,-0.735172,-0.6653881,2.135,-119.3325,-63.98
13497,1304371,0.1708,-0.7237041,-0.587064,-8.575,-132.09,-32.3575
13498,1304468,0.183244,-0.6117081,-0.5690081,-14.875,-136.5875,2.0125
13499,1304565,0.21838,-0.534848,-0.591456,-11.0425,-138.425,35.735
13500,1304661,0.24888,-0.481168,-0.6224441,-4.7775,-140.7,64.0675
13501,1304758,0.264252,-0.38796,-0.63562,-1.4525,-143.395,83.895
13502,1304854,0.149816,-0.305732,-0.559248,-1.505,-144.9525,93.4325
13503,1304951,0.111996,-0.195932,-0.493856,-2.3275,-136.255,93.8
13504,1305048,0.327936,-0.261324,-0.752984,-0.1925,-116.9875,90.8775
13505,1305144,0.8276481,-0.368928,-1.1285,4.2875,-106.295,92.155
13506,1305241,0.65514,-0.230092,-1.055056,2.5725,-125.405,101.955
13507,1305337,0.49288,0.024156,-0.903532,1.82,-134.1375,107.205
13508,1305434,1.556232,0.421876,-1.552084,17.22,-121.345,110.075
13509,1305531,2.092544,-0.39772,-1.100196,48.6325,-135.6075,112.455
13510,1305627,2.224548,0.33794,1.08946,-31.9725,-140.6825,45.78
13511,1305724,4.41884,1.330776,1.004304,-101.22,-31.605,-21.4375
13512,1305820,3.418196,-0.09735601,0.361852,-1.855,45.675,-19.5125
13513,1305917,1.356396,-0.421144,0.5172801,15.1025,-64.4875,-18.97
13514,1306014,0.9701441,-0.3294,-0.570472,9.555,20.09,-8.9425
13515,1306110,0.393572,0.052216,-0.97478,-1.645,-5.9675,2.94
13516,1306207,0.421144,-0.205936,-0.9145121,4.9,-9.59,1.96
13517,1306303,0.648064,-0.234972,-0.73688,3.85,-4.8825,3.4475
13518,1306400,0.58804,-0.312564,-0.701012,4.655,-11.2,4.305
13519,1306496,0.478728,-0.25986,-0.811056,2.3975,-16.94,3.43
13520,1306593,0.50996,-0.23424,-0.7998321,1.47,-14.7,1.5925
13521,1306690,0.580476,-0.2379,-0.776896,1.225,-12.67,0.5425
13522,1306786,0.535336,-0.252296,-0.781044,1.54,-14.0175,0.3675
13523,1306883,0.510692,-0.239364,-0.79056,1.4175,-13.6675,0.4025
13524,1306979,0.510448,-0.216672,-0.8025161,1.6625,-11.7775,0.21
13525,1307076,0.489708,-0.237412,-0.805688,3.5,-10.7275,0.1575
13526,1307173,0.525088,-0.257664,-0.7856801,4.13,-8.365,-0.7
13527,1307269,0.536068,-0.208132,-0.780312,2.6075,-7.3675,-1.925
13528,1307366,0.531676,-0.180316,-0.798124,2.7475,-6.7025,-1.8725
13529,1307462,0.535824,-0.178852,-0.797392,4.305,-5.9325,-0.7875
13530,1307559,0.533628,-0.187636,-0.794708,5.845,-5.1975,0.5775
13531,1307656,0.527284,-0.207888,-0.791536,7.1575,-4.9875,1.365
13532,1307752,0.528992,-0.234972,-0.781044,8.015,-4.515,1.7325
13533,1307849,0.555832,-0.258152,-0.7812881,6.09,-2.555,1.7325
13534,1307945,0.509472,-0.264496,-0.7598161,6.125,-5.5125,0.7
13535,1308042,0.517768,-0.268156,-0.7712841,4.48,-5.9675,-0.595
13536,1308139,0.517524,-0.25742,-0.769332,2.38,-6.8775,-2.135
13537,1308235,0.519964,-0.24156,-0.773968,0.5775,-7.385,-3.325
13538,1308332,0.517768,-0.237412,-0.769332,-0.56,-8.1025,-4.2525
13539,1308428,0.522404,-0.220332,-0.7890961,-1.155,-8.26,-4.5675
13540,1308525,0.521916,-0.221064,-0.792268,-0.805,-8.75,-4.6025
13541,1308622,0.51972,-0.225212,-0.791292,-0.42,-8.5925,-4.5675
13542,1308718,0.521184,-0.218624,-0.791536,-0.2625,-8.1725,-4.655
13543,1308815,0.528992,-0.214232,-0.791292,0.21,-7.63,-4.515
13544,1308911,0.535824,-0.217404,-0.785192,0.525,-7.2275,-4.1475
13545,1309008,0.533872,-0.22082,-0.784704,0.5775,-7.5425,-3.71
13546,1309105,0.531676,-0.219356,-0.784216,0.4375,-7.735,-3.4125
13547,1309201,0.528504,-0.219112,-0.781532,0.3675,-8.05,-3.22
13548,1309298,0.520208,-0.224724,-0.7849481,0.2275,-8.505,-3.045
13549,1309394,0.51972,-0.224968,-0.7869,0.1575,-8.6625,-3.15
13550,1309491,0.5206961,-0.222772,-0.79056,0.0175,-8.4175,-3.4125
13551,1309588,0.520452,-0.216184,-0.7903161,0.14,-7.9625,-3.395
13552,1309684,0.51972,-0.21716,-0.79178,0.525,-7.5075,-3.29
13553,1309781,0.523624,-0.215696,-0.79178,1.0675,-7.14,-3.045
13554,1309877,0.526308,-0.213012,-0.788608,1.47,-6.4925,-2.625
13555,1309974,0.524356,-0.218624,-0.7854361,1.785,-6.475,-2.415
13556,1310071,0.523868,-0.220088,-0.7903161,1.855,-6.475,-2.1525
13557,1310167,0.520208,-0.224968,-0.78812,1.995,-6.51,-2.1
13558,1310264,0.515816,-0.229116,-0.788364,1.9075,-6.5275,-2.1875
13559,1310360,0.522892,-0.224724,-0.787632,1.5925,-6.4575,-2.4675
13560,1310457,0.521916,-0.224236,-0.7869,1.5575,-6.5275,-2.485
13561,1310553,0.518988,-0.221064,-0.789828,1.505,-6.615,-2.3975
13562,1310650,0.515572,-0.222284,-0.791536,1.4875,-6.5275,-2.5375
13563,1310747,0.516304,-0.221064,-0.7895841,1.5575,-6.3,-2.59
13564,1310843,0.5206961,-0.219844,-0.79056,1.68,-6.0375,-2.5025
13565,1310940,0.517768,-0.222284,-0.787876,1.8375,-5.845,-2.555
13566,1311036,0.518012,-0.22204,-0.785924,1.82,-5.8275,-2.66
13567,1311133,0.51972,-0.218136,-0.790072,1.5925,-5.8625,-2.7125
13568,1311230,0.515816,-0.220088,-0.790072,1.5925,-6.055,-2.8175
13569,1311326,0.520208,-0.220576,-0.7903161,1.715,-5.985,-2.8175
13570,1311423,0.519232,-0.221308,-0.793488,1.8725,-5.9675,-2.7475
13571,1311519,0.522892,-0.221308,-0.792268,1.9075,-5.7925,-2.7825
13572,1311616,0.52338,-0.221064,-0.790804,1.9425,-5.495,-2.73
13573,1311713,0.52094,-0.218624,-0.788852,1.9425,-5.46,-2.695
13574,1311809,0.5206961,-0.224236,-0.785924,1.96,-5.4775,-2.59
13575,1311906,0.517768,-0.226188,-0.7895841,1.995,-5.6,-2.5025
13576,1312002,0.517524,-0.228384,-0.789828,1.715,-5.635,-2.7125
13577,1312099,0.518256,-0.222284,-0.788608,1.5225,-5.5825,-2.94
13578,1312196,0.519232,-0.221552,-0.7861681,1.3475,-5.74,-3.1325
13579,1312292,0.518988,-0.221308,-0.7903161,1.2425,-5.7225,-3.2375
13580,1312389,0.5214281,-0.223016,-0.7856801,1.155,-5.74,-3.0975
13581,1312485,0.518012,-0.225456,-0.788608,1.12,-6.0375,-2.9925
13582,1312582,0.521916,-0.224724,-0.786412,0.945,-6.125,-2.9925
13583,1312679,0.521184,-0.219356,-0.788852,0.8400001,-6.2475,-2.975
13584,1312775,0.521184,-0.219844,-0.788852,0.9975,-6.2825,-2.835
13585,1312872,0.522892,-0.220088,-0.7903161,0.9975,-6.2475,-2.7825
13586,1312968,0.51972,-0.218136,-0.78934,1.1375,-6.1775,-2.6425
13587,1313065,0.520452,-0.21838,-0.790072,1.2425,-6.265,-2.6075
13588,1313162,0.518744,-0.22204,-0.787876,1.295,-6.2825,-2.6075
13589,1313258,0.51972,-0.224236,-0.789828,1.225,-6.1425,-2.52
13590,1313355,0.518744,-0.223992,-0.79056,1.1375,-6.16,-2.625
13591,1313451,0.518988,-0.222772,-0.78934,0.9975,-6.0725,-2.8525
13592,1313548,0.51972,-0.2196,-0.78812,0.8925,-6.09,-2.975
13593,1313645,0.519476,-0.220332,-0.787876,0.8225,-6.2125,-2.94
13594,1313741,0.519476,-0.220088,-0.788364,0.77,-6.3175,-2.9575
13595,1313838,0.5165481,-0.220576,-0.792512,0.8225,-6.3175,-2.9575
13596,1313934,0.5185,-0.221796,-0.7895841,0.8925,-6.4225,-2.905
13597,1314031,0.52094,-0.217648,-0.78934,0.8575,-6.4575,-2.87
13598,1314127,0.519232,-0.219112,-0.79056,0.9625,-6.545,-2.73
13599,1314224,0.518744,-0.220576,-0.788364,1.1025,-6.405,-2.695
13600,1314321,0.515328,-0.221796,-0.7890961,1.015,-6.405,-2.6775
13601,1314417,0.517768,-0.221308,-0.79056,1.015,-6.335,-2.7125
13602,1314514,0.517524,-0.221308,-0.7895841,0.9975,-6.545,-2.8525
13603,1314610,0.518012,-0.22326,-0.787632,0.8925,-6.615,-3.0625
13604,1314707,0.519964,-0.223016,-0.78934,0.6475,-6.685,-3.115
13605,1314804,0.518012,-0.219112,-0.792268,0.595,-6.8775,-3.1325
13606,1314900,0.515572,-0.216428,-0.793976,0.5425,-6.8775,-3.0625
13607,1314997,0.516792,-0.217404,-0.7903161,0.7525,-6.755,-3.045
13608,1315093,0.518988,-0.2196,-0.793244,0.9625,-6.6325,-2.9225
13609,1315190,0.516792,-0.214232,-0.794952,1.085,-6.4225,-2.9575
13610,1315287,0.5172801,-0.218624,-0.790804,1.155,-6.37,-2.905
13611,1315383,0.5185,-0.220088,-0.792268,1.155,-6.2825,-2.8175
13612,1315480,0.517768,-0.221064,-0.792024,1.1725,-6.3175,-2.7125
13613,1315576,0.51606,-0.219112,-0.791536,1.1375,-6.37,-2.8175
13614,1315673,0.5172801,-0.218868,-0.792024,0.9275,-6.3875,-2.8875
13615,1315770,0.517036,-0.218136,-0.788364,0.8400001,-6.4225,-2.9575
13616,1315866,0.5165481,-0.219112,-0.790072,0.8925,-6.3525,-2.905
13617,1315963,0.515328,-0.217892,-0.7895841,0.9975,-6.3875,-2.8
13618,1316059,0.517036,-0.21838,-0.7937321,1.085,-6.4225,-2.73
13619,1316156,0.515084,-0.217892,-0.7903161,1.19,-6.2475,-2.6775
13620,1316253,0.517036,-0.219356,-0.793976,1.26,-6.2475,-2.6425
13621,1316349,0.515572,-0.219356,-0.790804,1.155,-6.2475,-2.7825
13622,1316446,0.51484,-0.218136,-0.790072,1.0675,-6.195,-2.8
13623,1316542,0.5165481,-0.217648,-0.790804,1.155,-6.2125,-2.8175
13624,1316639,0.516304,-0.220576,-0.793,1.12,-6.195,-2.695
13625,1316736,0.516304,-0.216428,-0.792024,1.085,-6.16,-2.765
13626,1316832,0.515816,-0.219112,-0.79422,1.12,-6.265,-2.765
13627,1316929,0.51484,-0.216672,-0.792756,1.155,-6.125,-2.7125
13628,1317025,0.515328,-0.217648,-0.791048,1.1375,-6.0025,-2.66
13629,1317122,0.517768,-0.216672,-0.791536,1.1725,-6.1425,-2.6075
13630,1317219,0.5172801,-0.21716,-0.793244,1.12,-6.23,-2.555
13631,1317315,0.517524,-0.21838,-0.794708,0.9975,-6.3525,-2.4675
13632,1317412,0.516304,-0.218136,-0.79422,0.9975,-6.44,-2.555
13633,1317508,0.515328,-0.216428,-0.793488,1.0325,-6.37,-2.45
13634,1317605,0.516304,-0.217648,-0.792756,0.9625,-6.405,-2.45
13635,1317702,0.5206961,-0.218868,-0.792512,0.9275,-6.4925,-2.415
13636,1317798,0.519232,-0.218868,-0.792024,0.7875,-6.58,-2.4675
13637,1317895,0.517524,-0.218136,-0.793488,0.7,-6.7375,-2.4325
13638,1317991,0.515572,-0.215696,-0.792756,0.595,-6.9125,-2.3625
13639,1318088,0.515084,-0.216672,-0.7944641,0.525,-6.93,-2.31
13640,1318185,0.506544,-0.222528,-0.794952,0.56,-6.9125,-2.3275
13641,1318281,0.506056,-0.218624,-0.794952,0.7,-6.895,-2.3975
13642,1318378,0.508252,-0.219844,-0.796904,0.7,-6.3875,-2.66
13643,1318475,0.511424,-0.21228,-0.7956841,0.805,-6.44,-2.8175
13644,1318571,0.513376,-0.213256,-0.795928,1.1025,-6.1425,-2.765
13645,1318668,0.5124001,-0.215452,-0.7956841,1.4175,-5.8975,-2.6075
13646,1318764,0.5172801,-0.219356,-0.79544,1.5925,-5.6175,-2.5375
13647,1318861,0.512156,-0.217404,-0.796172,1.645,-5.6175,-2.5025
13648,1318958,0.517036,-0.218624,-0.793,1.5575,-5.74,-2.5375
13649,1319054,0.515816,-0.21594,-0.7956841,1.4175,-5.7575,-2.59
13650,1319151,0.514596,-0.217648,-0.7944641,1.435,-5.88,-2.59
13651,1319247,0.51484,-0.216672,-0.792756,1.435,-5.88,-2.4325
13652,1319344,0.513132,-0.213988,-0.792512,1.4,-5.9325,-2.4325
13653,1319441,0.515084,-0.21594,-0.7951961,1.5575,-5.8275,-2.345
13654,1319537,0.509716,-0.218624,-0.79666,1.68,-5.9325,-2.17
13655,1319634,0.51118,-0.218136,-0.796416,1.715,-5.9675,-2.24
13656,1319730,0.514596,-0.220332,-0.792268,1.68,-5.915,-2.2575
13657,1319827,0.512156,-0.221064,-0.792756,1.5225,-5.8625,-2.3625
13658,1319924,0.515572,-0.216916,-0.79178,1.4175,-5.9675,-2.38
13659,1320020,0.514352,-0.219356,-0.791292,1.3825,-6.055,-2.3625
13660,1320117,0.515328,-0.219356,-0.792268,1.4,-6.0375,-2.38
13661,1320213,0.513376,-0.220332,-0.7944641,1.2775,-6.0375,-2.3975
13662,1320310,0.513376,-0.217404,-0.796416,1.2075,-6.09,-2.4325
13663,1320407,0.509472,-0.219112,-0.796172,1.2425,-6.09,-2.485
13664,1320503,0.5124001,-0.217892,-0.798368,1.12,-6.0025,-2.345
13665,1320600,0.512156,-0.219844,-0.794952,1.1375,-6.0375,-2.4675
13666,1320696,0.511424,-0.217648,-0.796172,1.12,-6.055,-2.5025
13667,1320793,0.51362,-0.218136,-0.7944641,1.085,-5.9675,-2.555
13668,1320890,0.512644,-0.21716,-0.796416,1.085,-6.055,-2.52
13669,1320986,0.510692,-0.220088,-0.797148,1.155,-6.0375,-2.52
13670,1321083,0.512156,-0.218136,-0.794708,1.05,-6.0025,-2.555
13671,1321179,0.50996,-0.219844,-0.797148,1.0675,-6.0025,-2.59
13672,1321276,0.513864,-0.2196,-0.79422,0.9275,-6.055,-2.7475
13673,1321373,0.5124001,-0.220088,-0.793488,0.9275,-6.0025,-2.7125
13674,1321469,0.51362,-0.21716,-0.793244,0.91,-6.09,-2.765
13675,1321566,0.513132,-0.217404,-0.794708,0.8575,-6.02,-2.8
13676,1321663,0.510448,-0.215696,-0.794952,0.98,-6.1775,-2.7825
13677,1321759,0.511668,-0.217648,-0.7944641,0.98,-6.195,-2.765
13678,1321856,0.513864,-0.217648,-0.7937321,0.8575,-6.09,-2.7825
13679,1321952,0.510936,-0.216672,-0.794708,0.8575,-6.23,-2.8175
13680,1322049,0.512156,-0.214964,-0.796904,0.805,-6.195,-2.7125
13681,1322146,0.51118,-0.216672,-0.796172,0.8225,-5.9675,-2.8875
13682,1322242,0.511424,-0.217892,-0.7986121,0.8400001,-5.705,-3.115
13683,1322339,0.511668,-0.214476,-0.7937321,0.8575,-5.565,-3.2375
13684,1322435,0.513864,-0.216184,-0.79544,1.0675,-5.4775,-3.0975
13685,1322532,0.511668,-0.215208,-0.7978801,1.1725,-5.565,-2.9575
13686,1322629,0.512888,-0.216672,-0.794952,1.26,-5.5125,-2.905
13687,1322725,0.512156,-0.217404,-0.796904,1.2425,-5.495,-2.7475
13688,1322822,0.512644,-0.216916,-0.793488,1.295,-5.53,-2.7125
13689,1322918,0.51484,-0.216916,-0.793976,1.3125,-5.6175,-2.7825
13690,1323015,0.5124001,-0.216916,-0.792756,1.225,-5.81,-2.6425
13691,1323112,0.513376,-0.217404,-0.796172,1.33,-5.9325,-2.555
13692,1323208,0.509472,-0.218624,-0.7978801,1.3125,-6.02,-2.5375
13693,1323305,0.50996,-0.22082,-0.8030041,1.47,-6.1425,-2.9575
13694,1323402,0.50752,-0.23668,-0.8066641,1.995,-6.265,-4.48
13695,1323498,0.52216,-0.213744,-0.8081281,2.59,-5.5475,-5.18
13696,1323595,0.518988,-0.213988,-0.80276,4.305,-5.6875,-4.1475
13697,1323691,0.51362,-0.218868,-0.793976,5.6,-6.3525,-3.29
13698,1323788,0.510936,-0.213256,-0.792756,5.2675,-6.58,-2.8
13699,1323885,0.508252,-0.21472,-0.794708,4.9525,-6.7375,-2.45
13700,1323981,0.5063,-0.217892,-0.790804,4.445,-6.6325,-2.2575
13701,1324078,0.508984,-0.218868,-0.7890961,3.815,-6.475,-2.3275
13702,1324174,0.508252,-0.21716,-0.788608,3.08,-6.475,-2.415
13703,1324271,0.509472,-0.220332,-0.79056,2.3975,-6.545,-2.5725
13704,1324368,0.510692,-0.221064,-0.790072,1.645,-6.58,-2.6425
13705,1324464,0.509716,-0.222284,-0.793,1.1725,-6.44,-2.6775
13706,1324561,0.510936,-0.215452,-0.7956841,1.0675,-6.195,-2.695
13707,1324657,0.508252,-0.219112,-0.798124,1.015,-6.0025,-2.625
13708,1324754,0.504592,-0.218136,-0.798368,0.9625,-5.8275,-2.6075
13709,1324851,0.5119121,-0.213988,-0.7986121,1.085,-5.565,-2.4675
13710,1324947,0.5124001,-0.216428,-0.796172,1.26,-5.5125,-2.4325
13711,1325044,0.50996,-0.219112,-0.798856,1.365,-5.425,-2.3625
13712,1325140,0.51118,-0.219844,-0.798368,1.33,-5.355,-2.38
13713,1325237,0.511424,-0.220332,-0.79422,1.4175,-5.4075,-2.275
13714,1325334,0.509716,-0.221796,-0.792756,1.3125,-5.53,-2.45
13715,1325430,0.50996,-0.22082,-0.79544,1.1025,-5.6175,-2.45
13716,1325527,0.508984,-0.2196,-0.7951961,0.8925,-5.6175,-2.6075
13717,1325623,0.509228,-0.221796,-0.793244,0.6475,-5.7225,-2.6075
13718,1325720,0.511424,-0.220576,-0.793244,0.5075,-5.81,-2.66
13719,1325817,0.50996,-0.218868,-0.79666,0.28,-5.775,-2.625
13720,1325913,0.51118,-0.219356,-0.7956841,0.28,-5.88,-2.7125
13721,1326010,0.50996,-0.215696,-0.796172,0.2275,-5.88,-2.695
13722,1326107,0.50996,-0.216184,-0.796172,0.14,-5.845,-2.6075
13723,1326203,0.510448,-0.218624,-0.796416,0.1225,-5.635,-2.59
13724,1326300,0.5077641,-0.221064,-0.7986121,0.105,-5.6,-2.66
13725,1326396,0.509228,-0.222284,-0.797636,0.105,-5.5125,-2.6075
13726,1326493,0.510204,-0.221308,-0.79422,0.14,-5.5475,-2.6425
13727,1326590,0.512888,-0.221552,-0.794952,0.0525,-5.635,-2.7125
13728,1326686,0.513376,-0.220576,-0.797148,0.035,-5.6875,-2.6775
13729,1326783,0.510936,-0.219356,-0.797636,0.0875,-5.7925,-2.59
13730,1326879,0.5119121,-0.218624,-0.7991,0.1575,-5.7225,-2.52
13731,1326976,0.510936,-0.21594,-0.79544,0.35,-5.7575,-2.4325
13732,1327073,0.510204,-0.213988,-0.79544,0.5775,-5.7225,-2.2925
13733,1327170,0.510204,-0.218624,-0.799588,0.805,-5.6875,-2.31
13734,1327266,0.509472,-0.218136,-0.796172,0.91,-5.6875,-2.24
13735,1327362,0.50996,-0.218136,-0.798368,1.0325,-5.6175,-2.1875
13736,1327459,0.508984,-0.21838,-0.797636,1.19,-5.635,-2.2575
13737,1327556,0.505568,-0.216672,-0.797636,1.2425,-5.6525,-2.345
13738,1327652,0.504104,-0.2196,-0.7978801,1.4875,-5.53,-2.3625
13739,1327749,0.5002,-0.219356,-0.797148,1.645,-5.495,-2.45
13740,1327845,0.5016641,-0.221796,-0.797636,1.75,-5.2675,-2.6775
13741,1327942,0.513864,-0.224968,-0.793,1.6975,-4.795,-2.9225
13742,1328039,0.5172801,-0.217648,-0.793976,1.505,-4.8825,-3.1325
13743,1328135,0.516304,-0.212768,-0.7986121,1.4,-5.04,-3.115
13744,1328232,0.513132,-0.215696,-0.7944641,1.61,-5.2325,-2.9225
13745,1328328,0.511668,-0.218136,-0.7956841,1.68,-5.285,-2.7825
13746,1328425,0.5165481,-0.21594,-0.79544,1.6625,-5.1975,-2.765
13747,1328522,0.512156,-0.215208,-0.795928,1.6975,-5.25,-2.66
13748,1328618,0.511424,-0.216184,-0.797636,1.8375,-5.3375,-2.625
13749,1328715,0.512156,-0.21838,-0.794952,1.855,-5.3375,-2.6425
13750,1328811,0.510692,-0.218868,-0.798368,1.8375,-5.32,-2.5025
13751,1328908,0.513132,-0.2196,-0.794708,1.8025,-5.2675,-2.555
13752,1329005,0.508008,-0.219844,-0.797392,1.785,-5.2675,-2.625
13753,1329101,0.511668,-0.221796,-0.793,1.8025,-5.2675,-2.6075
13754,1329198,0.512644,-0.219112,-0.79422,1.785,-5.2675,-2.6775
13755,1329294,0.509716,-0.22082,-0.793976,1.8375,-5.3025,-2.7475
13756,1329391,0.5119121,-0.21716,-0.796416,1.715,-5.18,-2.7825
13757,1329488,0.510936,-0.217648,-0.7978801,1.785,-5.3375,-2.73
13758,1329585,0.513376,-0.218624,-0.795928,1.6975,-5.3375,-2.7475
13759,1329681,0.512888,-0.2196,-0.795928,1.645,-5.2675,-2.66
13760,1329777,0.511668,-0.221064,-0.793244,1.6625,-5.355,-2.59
13761,1329874,0.511424,-0.218868,-0.796172,1.5925,-5.3725,-2.625
13762,1329971,0.512644,-0.218868,-0.796416,1.645,-5.32,-2.555
13763,1330067,0.510936,-0.220332,-0.794708,1.6625,-5.4425,-2.5025
13764,1330164,0.510448,-0.220332,-0.794708,1.61,-5.495,-2.59
13765,1330260,0.5124001,-0.221308,-0.7937321,1.61,-5.39,-2.625
13766,1330357,0.510936,-0.219112,-0.796416,1.6275,-5.32,-2.52
13767,1330454,0.5119121,-0.217404,-0.794708,1.575,-5.355,-2.6075
13768,1330550,0.51484,-0.219356,-0.792024,1.54,-5.285,-2.625
13769,1330647,0.51118,-0.222772,-0.792512,1.575,-5.285,-2.66
13770,1330743,0.510204,-0.220576,-0.79422,1.4875,-5.3375,-2.6775
13771,1330840,0.515572,-0.216184,-0.79422,1.3475,-5.3025,-2.7125
13772,1330937,0.511668,-0.220332,-0.7944641,1.33,-5.425,-2.66
13773,1331033,0.514108,-0.220332,-0.794708,1.33,-5.425,-2.66
13774,1331130,0.5119121,-0.2196,-0.793488,1.2425,-5.5125,-2.765
13775,1331226,0.51362,-0.219112,-0.792268,1.3475,-5.6175,-2.7125
13776,1331323,0.509716,-0.217648,-0.796172,1.5925,-5.495,-2.4675
13777,1331420,0.510204,-0.219112,-0.793976,1.6625,-5.4075,-2.415
13778,1331516,0.5124001,-0.22082,-0.792512,1.6975,-5.2675,-2.4675
13779,1331613,0.511424,-0.21838,-0.795928,1.82,-5.4075,-2.415
13780,1331710,0.511668,-0.222772,-0.791536,1.68,-5.4775,-2.52
13781,1331806,0.512644,-0.2196,-0.79544,1.47,-5.6525,-2.625
13782,1331903,0.5119121,-0.222528,-0.7944641,1.4175,-5.7225,-2.7475
13783,1331999,0.514108,-0.219112,-0.793244,1.365,-5.775,-2.765
13784,1332096,0.51484,-0.2196,-0.793,1.365,-5.705,-2.7125
13785,1332193,0.512156,-0.216672,-0.7951961,1.54,-5.6525,-2.6075
13786,1332289,0.512644,-0.21716,-0.794952,1.715,-5.5125,-2.4675
13787,1332386,0.509716,-0.219844,-0.798856,1.925,-5.39,-2.3625
13788,1332482,0.5124001,-0.220332,-0.7895841,2.135,-5.3725,-2.45
13789,1332579,0.512644,-0.21838,-0.793976,2.0125,-5.3725,-2.4325
13790,1332676,0.51484,-0.217648,-0.792024,1.89,-5.3025,-2.45
13791,1332772,0.513376,-0.22204,-0.7944641,1.82,-5.3725,-2.45
13792,1332869,0.513864,-0.222528,-0.791536,1.68,-5.4425,-2.5725
13793,1332966,0.511424,-0.220332,-0.793244,1.54,-5.46,-2.6075
13794,1333062,0.512888,-0.219844,-0.794952,1.575,-5.565,-2.6775
13795,1333159,0.5119121,-0.220332,-0.79422,1.575,-5.5475,-2.5375
13796,1333255,0.511668,-0.221796,-0.792268,1.61,-5.5825,-2.4675
13797,1333352,0.5124001,-0.218624,-0.796172,1.5925,-5.5125,-2.555
13798,1333449,0.51362,-0.220332,-0.792512,1.5925,-5.635,-2.625
13799,1333545,0.514108,-0.22082,-0.794952,1.435,-5.67,-2.5725
13800,1333642,0.512644,-0.22204,-0.792756,1.47,-5.8275,-2.6425
13801,1333738,0.513376,-0.222284,-0.793244,1.54,-5.81,-2.5725
13802,1333835,0.51362,-0.222284,-0.79178,1.435,-5.8975,-2.695
13803,1333932,0.51118,-0.224236,-0.791048,1.4175,-5.915,-2.6425
13804,1334028,0.512156,-0.221552,-0.793244,1.365,-5.915,-2.7125
13805,1334125,0.513376,-0.22082,-0.793488,1.295,-5.95,-2.765
13806,1334222,0.510448,-0.220088,-0.794708,1.26,-6.055,-2.7475
13807,1334318,0.512888,-0.220332,-0.793976,1.225,-5.9675,-2.73
13808,1334415,0.514108,-0.220088,-0.791536,1.225,-5.9325,-2.695
13809,1334511,0.510692,-0.22082,-0.7944641,1.3125,-5.8975,-2.66
13810,1334608,0.511424,-0.221796,-0.79422,1.3125,-5.985,-2.695
13811,1334705,0.51362,-0.221308,-0.792268,1.2775,-5.8625,-2.765
13812,1334801,0.511668,-0.221796,-0.792512,1.26,-5.95,-2.73
13813,1334898,0.514596,-0.21716,-0.794708,1.2075,-6.0725,-2.7125
13814,1334994,0.510448,-0.22082,-0.793488,1.3125,-5.985,-2.625
13815,1335091,0.510692,-0.220332,-0.794952,1.435,-5.88,-2.765
13816,1335188,0.51362,-0.220576,-0.794952,1.2075,-5.8625,-2.835
13817,1335284,0.510448,-0.2196,-0.796172,1.2425,-5.985,-2.73
13818,1335381,0.512644,-0.22082,-0.7937321,1.3125,-5.9325,-2.765
13819,1335477,0.510448,-0.219356,-0.794708,1.3825,-6.0375,-2.695
13820,1335574,0.5119121,-0.216184,-0.797636,1.4,-5.985,-2.66
13821,1335671,0.510936,-0.218136,-0.8020281,1.505,-5.915,-2.7475
13822,1335767,0.50386,-0.223504,-0.799588,1.68,-5.7925,-3.22
13823,1335864,0.5214281,-0.232044,-0.7951961,1.6975,-4.5325,-3.535
13824,1335961,0.515816,-0.213012,-0.791048,1.9075,-4.8475,-3.255
13825,1336057,0.51484,-0.221796,-0.79178,2.24,-5.53,-2.975
13826,1336154,0.509716,-0.220332,-0.79422,2.065,-5.7925,-2.8875
13827,1336250,0.513864,-0.216428,-0.7944641,1.89,-5.88,-2.8525
13828,1336347,0.510692,-0.218136,-0.79666,1.89,-6.02,-2.8525
13829,1336444,0.51362,-0.220576,-0.7944641,1.785,-5.985,-2.8175
13830,1336540,0.511424,-0.219356,-0.794708,1.6625,-6.1425,-2.73
13831,1336637,0.509716,-0.219844,-0.796904,1.5575,-6.0375,-2.695
13832,1336733,0.515328,-0.218868,-0.792512,1.47,-5.95,-2.73
13833,1336830,0.51362,-0.221064,-0.7944641,1.3825,-5.9675,-2.695
13834,1336927,0.511424,-0.22326,-0.792756,1.3825,-5.9675,-2.8
13835,1337023,0.5119121,-0.22082,-0.7937321,1.435,-5.95,-2.7125
13836,1337120,0.511668,-0.22204,-0.792268,1.505,-6.055,-2.7825
13837,1337217,0.516304,-0.221552,-0.799588,1.61,-6.055,-2.8
13838,1337313,0.519964,-0.22448,-0.7944641,1.96,-6.0025,-2.6775
13839,1337410,0.50874,-0.220088,-0.793244,2.5025,-6.4225,-2.555
13840,1337506,0.509472,-0.218868,-0.793976,2.345,-6.3525,-2.625
13841,1337603,0.510936,-0.217892,-0.793976,2.1,-6.265,-2.5725
13842,1337700,0.510936,-0.21838,-0.793,1.89,-6.16,-2.59
13843,1337796,0.510692,-0.218868,-0.79544,1.9075,-5.845,-2.52
13844,1337893,0.508984,-0.219844,-0.794708,1.89,-5.7225,-2.5375
13845,1337990,0.511424,-0.220088,-0.793244,1.6975,-5.7575,-2.625
13846,1338086,0.512888,-0.221064,-0.7937321,1.47,-5.74,-2.5725
13847,1338183,0.512156,-0.220576,-0.793976,1.3475,-5.8275,-2.625
13848,1338279,0.512156,-0.220088,-0.793244,1.3125,-5.775,-2.695
13849,1338376,0.510936,-0.217648,-0.794708,1.2075,-5.8975,-2.7125
13850,1338473,0.512888,-0.22204,-0.79422,1.2075,-5.88,-2.6075
13851,1338569,0.508984,-0.219112,-0.797148,1.225,-5.74,-2.6075
13852,1338666,0.509472,-0.219112,-0.796172,1.295,-5.7575,-2.66
13853,1338762,0.5058121,-0.221064,-0.7956841,1.3125,-5.705,-2.625
13854,1338859,0.508008,-0.220576,-0.7956841,1.3125,-5.7225,-2.695
13855,1338956,0.509472,-0.2196,-0.7978801,1.365,-5.53,-2.7125
13856,1339052,0.514108,-0.21838,-0.793244,1.435,-5.46,-2.835
13857,1339149,0.513132,-0.222528,-0.792756,1.3475,-5.46,-2.7475
13858,1339245,0.51118,-0.223504,-0.792512,1.19,-5.53,-2.7125
13859,1339342,0.51118,-0.221552,-0.792756,1.085,-5.6,-2.6775
13860,1339439,0.513376,-0.22204,-0.794708,1.0325,-5.565,-2.73
13861,1339535,0.513132,-0.219844,-0.794708,0.875,-5.4775,-2.45
13862,1339632,0.511668,-0.223504,-0.792268,0.875,-5.46,-2.135
13863,1339728,0.51118,-0.222284,-0.793244,0.8225,-5.1625,-1.995
13864,1339825,0.51118,-0.218136,-0.797148,0.805,-5.3375,-2.135
13865,1339922,0.5119121,-0.2196,-0.793976,0.8575,-5.355,-2.275
13866,1340018,0.50996,-0.219112,-0.797148,0.945,-5.39,-2.3625
13867,1340115,0.510692,-0.218136,-0.7956841,0.98,-5.5825,-2.45
13868,1340211,0.5119121,-0.219844,-0.794952,1.015,-5.5475,-2.415
13869,1340308,0.510936,-0.221308,-0.792512,1.1375,-5.53,-2.4675
13870,1340405,0.510936,-0.217648,-0.7956841,1.085,-5.6,-2.4675
13871,1340501,0.508984,-0.2196,-0.794708,1.1025,-5.67,-2.5725
13872,1340598,0.51118,-0.221796,-0.798124,1.12,-5.7225,-2.66
13873,1340694,0.517036,-0.21716,-0.793244,1.0325,-5.53,-2.625
13874,1340791,0.511668,-0.224968,-0.79544,1.3475,-5.2675,-2.38
13875,1340888,0.514108,-0.222284,-0.7944641,1.2775,-5.2675,-2.5025
13876,1340984,0.513376,-0.227652,-0.792268,1.4175,-5.3725,-2.87
13877,1341081,0.513376,-0.219356,-0.793,1.12,-5.88,-2.9575
13878,1341177,0.511668,-0.219356,-0.793976,1.015,-5.95,-3.08
13879,1341274,0.50874,-0.213988,-0.794952,1.0675,-6.0725,-3.0275
13880,1341371,0.510936,-0.217648,-0.7937321,1.12,-5.9325,-2.9225
13881,1341467,0.510692,-0.216428,-0.79544,1.19,-5.95,-2.87
13882,1341564,0.51118,-0.21594,-0.7944641,1.1375,-5.8275,-2.9225
13883,1341660,0.51118,-0.21716,-0.79422,1.1375,-5.7575,-2.8525
13884,1341757,0.508496,-0.21838,-0.793488,1.2075,-5.7925,-2.8875
13885,1341854,0.505568,-0.221796,-0.794952,1.26,-5.7925,-3.01
13886,1341950,0.511424,-0.22082,-0.794952,1.3125,-5.6175,-3.0275
13887,1342047,0.511668,-0.221064,-0.794708,1.2075,-5.7575,-3.1325
13888,1342143,0.515816,-0.217648,-0.79422,1.225,-5.7225,-3.0625
13889,1342240,0.512644,-0.22082,-0.794708,1.3125,-5.705,-2.975
13890,1342337,0.513376,-0.22082,-0.793488,1.3125,-5.7225,-2.905
13891,1342433,0.512156,-0.220088,-0.793488,1.2775,-5.7225,-2.9575
13892,1342530,0.5119121,-0.219112,-0.7944641,1.33,-5.7925,-2.975
13893,1342626,0.5119121,-0.21838,-0.797392,1.33,-5.8625,-3.01
13894,1342723,0.512156,-0.220088,-0.794708,1.3825,-5.9325,-2.9575
13895,1342820,0.512156,-0.217648,-0.7944641,1.365,-5.915,-2.9225
13896,1342916,0.511424,-0.21594,-0.7956841,1.365,-5.9325,-2.835
13897,1343013,0.5124001,-0.220088,-0.7937321,1.5225,-5.95,-2.7125
13898,1343109,0.509228,-0.220576,-0.79666,1.6275,-5.915,-2.7125
13899,1343206,0.512888,-0.219844,-0.796416,1.645,-5.8625,-2.6775
13900,1343303,0.510448,-0.217892,-0.796416,1.6275,-5.775,-2.7475
13901,1343399,0.509716,-0.219112,-0.7956841,1.6275,-5.8275,-2.695
13902,1343496,0.5119121,-0.218624,-0.796904,1.61,-5.7575,-2.625
13903,1343593,0.512888,-0.215452,-0.800808,1.47,-5.3025,-2.24
13904,1343689,0.51484,-0.226432,-0.792756,1.4175,-4.41,-1.715
13905,1343786,0.511668,-0.223992,-0.791536,1.2425,-4.48,-1.8725
13906,1343882,0.510204,-0.219112,-0.796172,1.225,-4.9175,-2.1875
13907,1343979,0.510448,-0.217648,-0.7956841,1.225,-5.3375,-2.31
13908,1344076,0.510692,-0.213988,-0.795928,1.12,-5.5125,-2.5375
13909,1344172,0.511424,-0.216428,-0.794952,1.33,-5.6175,-2.73
13910,1344269,0.51118,-0.217648,-0.79544,1.435,-5.6175,-2.73
13911,1344365,0.511668,-0.216672,-0.796416,1.4525,-5.565,-2.73
13912,1344462,0.5119121,-0.217648,-0.795928,1.575,-5.6525,-2.6775
13913,1344559,0.510448,-0.219844,-0.7944641,1.575,-5.7225,-2.695
13914,1344655,0.510204,-0.22082,-0.796904,1.47,-5.74,-2.8525
13915,1344752,0.509472,-0.223016,-0.791536,1.4,-5.7925,-2.905
13916,1344848,0.515328,-0.219844,-0.792268,1.3125,-5.7925,-2.9225
13917,1344945,0.5124001,-0.219112,-0.7944641,1.4175,-5.81,-2.87
13918,1345042,0.510204,-0.218136,-0.795928,1.4,-5.915,-2.905
13919,1345138,0.5124001,-0.218136,-0.794708,1.435,-5.8975,-2.8875
13920,1345235,0.511668,-0.21838,-0.7944641,1.5225,-6.0025,-2.9225
13921,1345331,0.510204,-0.217648,-0.7951961,1.505,-6.0375,-2.9575
13922,1345428,0.511668,-0.21838,-0.793488,1.6275,-6.0375,-2.9925
13923,1345525,0.509716,-0.218136,-0.7951961,1.6275,-5.985,-2.9575
13924,1345621,0.511424,-0.218624,-0.79422,1.6625,-5.88,-2.9575
13925,1345718,0.510692,-0.219356,-0.794952,1.7325,-5.8275,-2.94
13926,1345815,0.50996,-0.218868,-0.796904,1.61,-5.7575,-2.9925
13927,1345911,0.5119121,-0.2196,-0.797148,1.575,-5.705,-2.8875
13928,1346008,0.5119121,-0.219356,-0.7956841,1.505,-5.9325,-2.87
13929,1346104,0.50996,-0.218624,-0.796904,1.5225,-5.845,-2.8
13930,1346201,0.510692,-0.2196,-0.793976,1.54,-5.8275,-2.765
13931,1346298,0.510448,-0.21838,-0.795928,1.505,-5.7575,-2.73
13932,1346394,0.510448,-0.219112,-0.796904,1.505,-5.9325,-2.695
13933,1346491,0.5119121,-0.217892,-0.793488,1.54,-5.845,-2.7825
13934,1346587,0.512888,-0.219356,-0.794708,1.575,-5.7575,-2.7475
13935,1346684,0.510204,-0.219112,-0.7951961,1.61,-5.81,-2.66
13936,1346781,0.5119121,-0.217648,-0.796172,1.61,-5.845,-2.6775
13937,1346877,0.510692,-0.220332,-0.79544,1.5575,-5.915,-2.73
13938,1346974,0.509228,-0.219356,-0.795928,1.54,-6.0025,-2.7125
13939,1347070,0.50874,-0.220332,-0.7944641,1.505,-5.8625,-2.8175
13940,1347167,0.508984,-0.221064,-0.7978801,1.4875,-5.81,-2.8875
13941,1347264,0.5124001,-0.218136,-0.7944641,1.3475,-5.74,-2.9925
13942,1347360,0.511668,-0.217404,-0.797636,1.435,-5.5825,-2.94
13943,1347457,0.513864,-0.218136,-0.7951961,1.5225,-5.6525,-2.94
13944,1347553,0.513864,-0.219112,-0.7944641,1.645,-5.6875,-2.8525
13945,1347650,0.515328,-0.221064,-0.797148,1.54,-5.67,-2.8175
13946,1347747,0.514596,-0.219844,-0.79422,1.54,-5.6,-2.7825
13947,1347843,0.512644,-0.219844,-0.7951961,1.47,-5.53,-2.7475
13948,1347940,0.512156,-0.220576,-0.7944641,1.435,-5.6175,-2.73
13949,1348036,0.510448,-0.217648,-0.79544,1.3475,-5.67,-2.73
13950,1348133,0.512888,-0.217404,-0.7944641,1.4175,-5.6175,-2.7125
13951,1348229,0.510936,-0.220576,-0.7937321,1.505,-5.6,-2.7125
13952,1348326,0.511424,-0.218868,-0.7956841,1.435,-5.6175,-2.6775
13953,1348423,0.510204,-0.216916,-0.7956841,1.5225,-5.6,-2.695
13954,1348519,0.512888,-0.21838,-0.7944641,1.4875,-5.6175,-2.73
13955,1348616,0.51118,-0.217892,-0.7956841,1.4525,-5.5825,-2.66
13956,1348712,0.510204,-0.219112,-0.797392,1.4175,-5.635,-2.6775
13957,1348809,0.510448,-0.218624,-0.796172,1.4875,-5.6875,-2.695
13958,1348906,0.5119121,-0.220088,-0.7986121,1.4,-5.7575,-2.73
13959,1349002,0.513864,-0.220576,-0.79544,1.3825,-5.74,-2.7475
13960,1349099,0.5119121,-0.216672,-0.796172,1.3825,-5.7925,-2.8
13961,1349195,0.510936,-0.21838,-0.79422,1.4,-5.7575,-2.73
13962,1349292,0.5119121,-0.216916,-0.796904,1.3825,-5.74,-2.73
13963,1349389,0.510692,-0.219112,-0.797392,1.365,-5.81,-2.7125
13964,1349485,0.50874,-0.218868,-0.796904,1.47,-5.7575,-2.66
13965,1349582,0.5119121,-0.219844,-0.796904,1.3825,-5.7925,-2.66
13966,1349678,0.509228,-0.219844,-0.797148,1.3125,-5.7575,-2.625
13967,1349775,0.511668,-0.220088,-0.79422,1.3825,-5.845,-2.73
13968,1349872,0.508496,-0.21594,-0.793,1.4175,-5.7925,-2.7825
13969,1349968,0.505568,-0.221552,-0.79544,1.5925,-5.7225,-2.8
13970,1350065,0.509716,-0.22082,-0.79544,1.5925,-5.495,-2.835
13971,1350161,0.510204,-0.219844,-0.79544,1.61,-5.565,-2.975
13972,1350258,0.5124001,-0.218136,-0.7944641,1.5925,-5.425,-2.9925
13973,1350355,0.509472,-0.21716,-0.794952,1.575,-5.53,-2.9575
13974,1350451,0.509472,-0.2196,-0.795928,1.4,-5.1975,-2.7125
13975,1350548,0.512888,-0.221308,-0.794952,1.225,-4.2,-2.415
13976,1350644,0.514352,-0.221308,-0.791048,1.26,-4.34,-2.59
13977,1350741,0.51118,-0.2196,-0.794952,1.19,-4.5325,-2.7475
13978,1350838,0.514108,-0.219112,-0.79544,1.2425,-4.9525,-2.625
13979,1350934,0.51118,-0.21716,-0.795928,1.365,-5.32,-2.6775
13980,1351031,0.513376,-0.21594,-0.796904,1.435,-5.3375,-2.6075
13981,1351127,0.508252,-0.219844,-0.795928,1.5575,-5.4425,-2.695
13982,1351224,0.510692,-0.219112,-0.7951961,1.505,-5.53,-2.87
13983,1351321,0.5119121,-0.222284,-0.791536,1.435,-5.6175,-2.905
13984,1351417,0.514352,-0.219356,-0.792512,1.4,-5.74,-2.8525
13985,1351514,0.513132,-0.219356,-0.799344,1.3825,-5.7225,-2.8175
13986,1351610,0.506544,-0.204716,-0.809836,1.3125,-4.865,-2.5725
13987,1351707,0.523624,-0.259372,-0.787388,2.5375,-1.89,-2.5375
13988,1351803,0.513864,-0.206424,-0.788608,2.275,-3.0275,-3.325
13989,1351900,0.510936,-0.23058,-0.785192,1.925,-4.3575,-3.395
13990,1351997,0.511424,-0.215208,-0.791536,1.1375,-5.285,-3.535
13991,1352093,0.513864,-0.21228,-0.79056,0.8575,-5.6,-3.57
13992,1352190,0.512644,-0.213012,-0.7937321,0.945,-5.7225,-3.36
13993,1352286,0.516304,-0.214476,-0.79178,1.1725,-5.705,-3.22
13994,1352383,0.512644,-0.215208,-0.794708,1.4175,-5.6525,-2.975
13995,1352480,0.515816,-0.21838,-0.792268,1.47,-5.7575,-2.6775
13996,1352576,0.516304,-0.219112,-0.792756,1.4875,-5.6175,-2.7825
13997,1352673,0.515816,-0.216916,-0.793488,1.4,-5.705,-2.8
13998,1352769,0.510936,-0.217648,-0.796416,1.47,-5.7925,-2.765
13999,1352866,0.51484,-0.221064,-0.79422,1.5225,-5.8625,-2.835
14000,1352963,0.517768,-0.216428,-0.7890961,1.505,-5.7575,-2.8
14001,1353059,0.514108,-0.218624,-0.7895841,1.4875,-6.0375,-2.73
14002,1353156,0.51606,-0.217648,-0.792268,1.47,-6.125,-2.6425
14003,1353252,0.512888,-0.21838,-0.79422,1.5575,-6.2825,-2.5725
14004,1353349,0.511424,-0.218136,-0.7951961,1.7325,-6.2825,-2.555
14005,1353446,0.509716,-0.222772,-0.791536,1.75,-6.125,-2.52
14006,1353542,0.514352,-0.221064,-0.79178,1.61,-6.1775,-2.59
14007,1353639,0.511668,-0.217892,-0.79666,1.365,-6.2475,-2.625
14008,1353735,0.512156,-0.221308,-0.792268,1.4175,-6.16,-2.59
14009,1353832,0.510448,-0.218624,-0.7937321,1.4525,-6.16,-2.625
14010,1353929,0.508252,-0.223748,-0.7937321,1.575,-6.3,-2.8
14011,1354025,0.509228,-0.222284,-0.7937321,1.435,-6.1425,-3.01
14012,1354122,0.51362,-0.214232,-0.7956841,1.365,-6.055,-3.045
14013,1354218,0.516792,-0.213012,-0.7956841,1.645,-5.985,-2.905
14014,1354315,0.510692,-0.22204,-0.793976,1.96,-5.8975,-2.59
14015,1354412,0.510448,-0.222772,-0.792268,1.8375,-5.9325,-2.5725
14016,1354508,0.5124001,-0.22326,-0.792512,1.7675,-5.915,-2.7825
14017,1354605,0.507276,-0.225212,-0.794952,1.715,-5.8625,-2.975
14018,1354701,0.508252,-0.221308,-0.798124,1.5925,-5.6525,-3.29
14019,1354798,0.5124001,-0.21594,-0.7986121,1.54,-5.39,-3.4475
14020,1354895,0.514352,-0.215696,-0.793976,1.645,-5.1975,-3.4125
14021,1354991,0.51484,-0.21716,-0.7978801,1.925,-4.9175,-3.29
14022,1355088,0.519232,-0.218624,-0.792024,2.0825,-4.97,-3.0625
14023,1355184,0.518744,-0.22082,-0.792756,2.1175,-5.005,-3.01
14024,1355281,0.518012,-0.216916,-0.7944641,2.0475,-5.0925,-3.0275
14025,1355377,0.516792,-0.219844,-0.79666,2.0825,-5.1975,-2.9925
14026,1355474,0.5172801,-0.220576,-0.7951961,1.995,-5.3375,-3.01
14027,1355571,0.517036,-0.218624,-0.793244,1.785,-5.4775,-2.975
14028,1355667,0.516792,-0.219356,-0.7937321,1.715,-5.5825,-2.905
14029,1355764,0.5185,-0.218624,-0.7937321,1.6625,-5.5825,-2.835
14030,1355860,0.515816,-0.217404,-0.792024,1.5925,-5.6,-2.905
14031,1355957,0.516792,-0.218136,-0.792512,1.505,-5.7575,-2.7825
14032,1356054,0.515328,-0.216672,-0.79422,1.47,-5.6875,-2.66
14033,1356150,0.516304,-0.21838,-0.793976,1.3825,-5.4425,-2.52
14034,1356247,0.5165481,-0.218136,-0.792512,1.4,-5.4425,-2.59
14035,1356343,0.513864,-0.220332,-0.7937321,1.365,-5.565,-2.45
14036,1356440,0.514352,-0.218624,-0.79178,1.3825,-5.565,-2.5725
14037,1356537,0.515816,-0.22082,-0.7944641,1.3825,-5.5125,-2.485
14038,1356633,0.513132,-0.219112,-0.79544,1.4525,-5.5825,-2.5725
14039,1356730,0.514596,-0.216916,-0.79422,1.5225,-5.705,-2.5025
14040,1356826,0.51484,-0.221552,-0.79422,1.47,-5.7925,-2.4325
14041,1356923,0.516792,-0.217404,-0.79178,1.505,-5.705,-2.4325
14042,1357020,0.5119121,-0.219844,-0.79422,1.4875,-5.635,-2.345
14043,1357116,0.514352,-0.219844,-0.791048,1.47,-5.81,-2.38
14044,1357213,0.518256,-0.219112,-0.791048,1.4,-5.9325,-2.6775
14045,1357309,0.517036,-0.215452,-0.7937321,1.4,-6.0375,-2.625
14046,1357406,0.514596,-0.221552,-0.793,1.47,-6.195,-2.52
14047,1357503,0.51606,-0.222284,-0.796416,1.4175,-6.195,-2.45
14048,1357599,0.512644,-0.217892,-0.796416,1.365,-6.125,-2.52
14049,1357696,0.516304,-0.21838,-0.792024,1.3825,-6.23,-2.415
14050,1357792,0.514596,-0.219844,-0.793244,1.4,-6.23,-2.275
14051,1357889,0.512156,-0.220088,-0.7951961,1.435,-6.2825,-2.17
14052,1357986,0.510204,-0.2196,-0.7951961,1.4175,-6.2125,-2.24
14053,1358082,0.509716,-0.217648,-0.796416,1.3475,-6.23,-2.2925
14054,1358179,0.511668,-0.2196,-0.79544,1.3475,-6.1775,-2.4325
14055,1358275,0.510692,-0.220576,-0.7944641,1.365,-6.125,-2.3975
14056,1358372,0.511668,-0.21838,-0.79422,1.4,-6.16,-2.4325
14057,1358469,0.512644,-0.220576,-0.79544,1.47,-6.16,-2.3975
14058,1358565,0.50996,-0.218868,-0.796904,1.4875,-6.1075,-2.3625
14059,1358662,0.5077641,-0.221308,-0.795928,1.5925,-6.055,-2.3975
14060,1358758,0.508496,-0.22082,-0.7944641,1.715,-5.9325,-2.3975
14061,1358855,0.510692,-0.221308,-0.797392,1.715,-5.7925,-2.4675
14062,1358952,0.513376,-0.221552,-0.792024,1.6275,-5.775,-2.555
14063,1359048,0.5119121,-0.22082,-0.79422,1.6275,-5.81,-2.555
14064,1359145,0.51484,-0.220576,-0.794952,1.575,-5.6875,-2.625
14065,1359241,0.512888,-0.2196,-0.7937321,1.4525,-5.6875,-2.59
14066,1359338,0.51362,-0.221552,-0.794708,1.4175,-5.635,-2.5725
14067,1359435,0.510936,-0.220332,-0.7937321,1.505,-5.67,-2.5725
14068,1359531,0.511424,-0.2196,-0.7937321,1.505,-5.6875,-2.5725
14069,1359628,0.512888,-0.221552,-0.79422,1.505,-5.635,-2.5375
14070,1359724,0.509472,-0.221552,-0.79666,1.6275,-5.635,-2.59
14071,1359821,0.511424,-0.21716,-0.7956841,1.6275,-5.635,-2.625
14072,1359918,0.510936,-0.223016,-0.793976,1.645,-5.5475,-2.5375
14073,1360014,0.511668,-0.219844,-0.7944641,1.645,-5.5475,-2.59
14074,1360111,0.5119121,-0.22082,-0.792756,1.505,-5.6,-2.695
14075,1360207,0.5165481,-0.219112,-0.791292,1.645,-5.6525,-2.6425
14076,1360304,0.513376,-0.22082,-0.791048,1.5225,-5.775,-2.6075
14077,1360400,0.5124001,-0.224236,-0.7937321,1.435,-5.7225,-2.59
14078,1360497,0.511668,-0.222284,-0.792268,1.2775,-5.8975,-2.6425
14079,1360594,0.511668,-0.221064,-0.793488,1.2425,-5.9675,-2.7125
14080,1360690,0.508984,-0.221308,-0.794952,1.2425,-6.0025,-2.8175
14081,1360787,0.510204,-0.219844,-0.794708,1.3125,-5.9325,-2.73
14082,1360883,0.510448,-0.219112,-0.793244,1.33,-5.915,-2.835
14083,1360980,0.508496,-0.219844,-0.79544,1.4525,-5.775,-2.8875
14084,1361077,0.508252,-0.223016,-0.794952,1.645,-5.6875,-3.0275
14085,1361173,0.514596,-0.21716,-0.7944641,1.68,-5.5825,-2.9925
14086,1361270,0.5165481,-0.216184,-0.7944641,1.8025,-5.4425,-2.835
14087,1361366,0.51484,-0.220088,-0.792268,1.925,-5.4075,-2.59
14088,1361463,0.515572,-0.221308,-0.79422,1.855,-5.3725,-2.695
14089,1361560,0.515572,-0.222772,-0.793,1.715,-5.565,-2.7475
14090,1361656,0.513132,-0.222772,-0.79178,1.5575,-5.565,-2.8175
14091,1361753,0.514108,-0.22204,-0.793,1.3825,-5.6175,-2.9225
14092,1361850,0.514596,-0.220088,-0.792756,1.365,-5.74,-2.94
14093,1361946,0.51118,-0.221308,-0.792756,1.33,-5.7925,-2.905
14094,1362043,0.512644,-0.221308,-0.793,1.4,-5.6875,-2.835
14095,1362139,0.510204,-0.218624,-0.797148,1.5225,-5.775,-2.73
14096,1362236,0.511424,-0.2196,-0.7937321,1.5575,-5.705,-2.66
14097,1362332,0.510936,-0.220576,-0.79666,1.5575,-5.67,-2.66
14098,1362429,0.510936,-0.223016,-0.792512,1.54,-5.74,-2.625
14099,1362526,0.51118,-0.221064,-0.793488,1.505,-5.635,-2.59
14100,1362622,0.513376,-0.221796,-0.792024,1.435,-5.6175,-2.73
14101,1362719,0.509716,-0.221064,-0.7956841,1.4525,-5.6875,-2.73
14102,1362815,0.512888,-0.222772,-0.794708,1.3825,-5.6525,-2.8875
14103,1362912,0.515084,-0.218624,-0.79422,1.365,-5.67,-2.9225
14104,1363009,0.515572,-0.218136,-0.793,1.47,-5.775,-2.835
14105,1363105,0.512644,-0.22082,-0.7937321,1.575,-5.7225,-2.8
14106,1363202,0.51362,-0.222284,-0.793488,1.575,-5.7225,-2.7825
14107,1363298,0.510936,-0.22082,-0.7944641,1.5575,-5.705,-2.7475
14108,1363395,0.513132,-0.22326,-0.7956841,1.61,-5.6525,-2.7475
14109,1363491,0.511668,-0.218136,-0.79544,1.5225,-5.5825,-2.8
14110,1363588,0.509472,-0.22082,-0.7956841,1.5925,-5.565,-2.695
14111,1363685,0.513376,-0.222284,-0.79178,1.61,-5.53,-2.66
14112,1363781,0.510692,-0.221064,-0.79056,1.6275,-5.5475,-2.7125
14113,1363878,0.512888,-0.222772,-0.793488,1.61,-5.4425,-2.7475
14114,1363975,0.51362,-0.222772,-0.793244,1.5925,-5.4425,-2.8175
14115,1364071,0.512888,-0.220576,-0.794708,1.54,-5.46,-2.8
14116,1364168,0.514108,-0.22448,-0.79422,1.7325,-5.495,-2.7125
14117,1364264,0.515572,-0.222284,-0.791048,1.505,-5.565,-2.8
14118,1364361,0.5119121,-0.221796,-0.794708,1.4525,-5.67,-2.8
14119,1364457,0.512888,-0.2196,-0.792756,1.505,-5.7225,-2.8175
14120,1364554,0.511668,-0.221552,-0.792512,1.4875,-5.7925,-2.7475
14121,1364651,0.511668,-0.22082,-0.793976,1.5575,-5.74,-2.7125
14122,1364747,0.512888,-0.22204,-0.793488,1.5925,-5.6525,-2.73
14123,1364844,0.515816,-0.218624,-0.792024,1.5575,-5.635,-2.7475
14124,1364940,0.512888,-0.221552,-0.794708,1.6625,-5.565,-2.695
14125,1365037,0.51484,-0.220332,-0.792756,1.6975,-5.4775,-2.6075
14126,1365134,0.515816,-0.22082,-0.792268,1.6975,-5.635,-2.6425
14127,1365230,0.5124001,-0.22082,-0.793488,1.575,-5.6525,-2.6075
14128,1365327,0.515328,-0.221552,-0.793488,1.54,-5.6875,-2.6425
14129,1365423,0.512888,-0.22204,-0.793976,1.4525,-5.705,-2.6075
14130,1365520,0.51118,-0.222528,-0.793244,1.47,-5.705,-2.485
14131,1365617,0.510204,-0.220576,-0.7944641,1.5925,-5.6,-2.485
14132,1365713,0.511424,-0.22204,-0.793244,1.5925,-5.635,-2.555
14133,1365810,0.514108,-0.221552,-0.7937321,1.68,-5.67,-2.52
14134,1365906,0.510448,-0.2196,-0.7951961,1.5925,-5.775,-2.52
14135,1366003,0.512156,-0.22326,-0.792024,1.575,-5.7225,-2.6425
14136,1366100,0.511668,-0.222528,-0.792756,1.5575,-5.6525,-2.6425
14137,1366196,0.512156,-0.223992,-0.793976,1.5925,-5.6875,-2.52
14138,1366293,0.513376,-0.221552,-0.791536,1.5575,-5.635,-2.5375
14139,1366389,0.51362,-0.222528,-0.792268,1.435,-5.67,-2.59
14140,1366486,0.510692,-0.22204,-0.792268,1.3825,-5.67,-2.6425
14141,1366583,0.51118,-0.220332,-0.79422,1.435,-5.67,-2.6075
14142,1366679,0.511424,-0.218624,-0.794952,1.5225,-5.635,-2.59
14143,1366776,0.513132,-0.221308,-0.792512,1.47,-5.7225,-2.5725
14144,1366872,0.51362,-0.221796,-0.793488,1.47,-5.7575,-2.555
14145,1366969,0.515816,-0.219112,-0.793976,1.3825,-5.6875,-2.59
14146,1367066,0.512644,-0.221552,-0.791536,1.47,-5.8275,-2.5375
14147,1367162,0.510204,-0.223748,-0.793,1.4525,-5.88,-2.4675
14148,1367259,0.5119121,-0.22204,-0.793,1.3825,-5.88,-2.52
14149,1367355,0.512156,-0.222284,-0.792512,1.3825,-6.02,-2.5375
14150,1367452,0.510692,-0.223504,-0.791292,1.33,-6.0025,-2.59
14151,1367548,0.511668,-0.223504,-0.793,1.295,-5.9325,-2.5025
14152,1367645,0.515572,-0.221064,-0.793,1.295,-6.0025,-2.6075
14153,1367742,0.5119121,-0.222528,-0.7937321,1.3125,-6.0375,-2.59
14154,1367838,0.512644,-0.22204,-0.793,1.295,-5.985,-2.6075
14155,1367935,0.510204,-0.22204,-0.793244,1.295,-6.09,-2.6425
14156,1368031,0.513864,-0.223748,-0.79422,1.3125,-5.95,-2.59
14157,1368128,0.513864,-0.221308,-0.792512,1.2775,-5.8625,-2.6075
14158,1368225,0.510692,-0.222284,-0.793244,1.295,-5.9675,-2.555
14159,1368321,0.51484,-0.220088,-0.79178,1.26,-6.02,-2.555
14160,1368418,0.512156,-0.222284,-0.79422,1.155,-6.055,-2.625
14161,1368514,0.511424,-0.220332,-0.79422,1.0675,-6.09,-2.66
14162,1368611,0.512156,-0.220332,-0.793976,1.19,-6.1075,-2.59
14163,1368708,0.512156,-0.22204,-0.79544,1.295,-5.9325,-2.555
14164,1368804,0.511668,-0.22204,-0.793488,1.2425,-5.88,-2.66
14165,1368901,0.51118,-0.220332,-0.79422,1.295,-5.7225,-2.6425
14166,1368997,0.512888,-0.220088,-0.793976,1.2775,-5.7925,-2.66
14167,1369094,0.51118,-0.22204,-0.793244,1.225,-5.88,-2.625
14168,1369191,0.512888,-0.221308,-0.79422,1.225,-5.985,-2.5725
14169,1369287,0.512644,-0.221796,-0.793976,1.1725,-5.985,-2.555
14170,1369384,0.510936,-0.22082,-0.79422,1.2775,-6.0025,-2.485
14171,1369480,0.510204,-0.218624,-0.7937321,1.26,-6.0725,-2.555
14172,1369577,0.510204,-0.219844,-0.7956841,1.295,-6.0025,-2.59
14173,1369674,0.50996,-0.220088,-0.796416,1.3125,-5.8975,-2.6425
14174,1369770,0.510204,-0.21838,-0.794708,1.365,-5.845,-2.5725
14175,1369867,0.510204,-0.219844,-0.797148,1.365,-5.845,-2.555
14176,1369964,0.51118,-0.221552,-0.792512,1.3125,-5.8275,-2.6775
14177,1370060,0.50996,-0.218624,-0.79544,1.365,-5.845,-2.66
14178,1370157,0.511424,-0.222528,-0.79178,1.4175,-5.775,-2.59
14179,1370253,0.510448,-0.22082,-0.793488,1.435,-5.775,-2.555
14180,1370350,0.511424,-0.223748,-0.791292,1.4525,-5.74,-2.6425
14181,1370447,0.50996,-0.220576,-0.79666,1.4,-5.7225,-2.7125
14182,1370543,0.510448,-0.221064,-0.796904,1.4,-5.74,-2.7475
14183,1370640,0.512156,-0.222284,-0.793244,1.4175,-5.775,-2.7475
14184,1370736,0.510692,-0.2196,-0.7944641,1.3825,-5.775,-2.87
14185,1370833,0.510448,-0.217892,-0.7937321,1.4175,-5.67,-2.8
14186,1370929,0.50996,-0.219844,-0.796172,1.505,-5.635,-2.87
14187,1371026,0.505324,-0.223504,-0.79422,1.505,-5.6,-2.87
14188,1371123,0.510936,-0.22326,-0.7944641,1.5225,-5.53,-2.87
14189,1371219,0.509472,-0.22204,-0.7956841,1.54,-5.4775,-2.8875
14190,1371316,0.512644,-0.21838,-0.794952,1.4875,-5.495,-2.9925
14191,1371412,0.51362,-0.2196,-0.793488,1.5575,-5.5125,-2.975
14192,1371509,0.510936,-0.221308,-0.796172,1.5925,-5.5825,-2.94
14193,1371606,0.505568,-0.222772,-0.794708,1.6975,-5.5125,-2.8875
14194,1371702,0.509716,-0.223504,-0.793244,1.82,-5.4075,-2.8175
14195,1371799,0.5119121,-0.222528,-0.793244,1.855,-5.25,-2.905
14196,1371895,0.512156,-0.219356,-0.7956841,1.7675,-5.3025,-2.9225
14197,1371992,0.513376,-0.221552,-0.793,1.8025,-5.1975,-2.8875
14198,1372089,0.5124001,-0.223504,-0.793976,1.8725,-5.2325,-2.8525
14199,1372185,0.513132,-0.222772,-0.793976,1.7675,-5.215,-2.87
14200,1372282,0.512644,-0.220088,-0.794708,1.715,-5.25,-2.7825
14201,1372378,0.512644,-0.220576,-0.794708,1.7675,-5.32,-2.73
14202,1372475,0.512888,-0.222284,-0.79422,1.645,-5.32,-2.7125
14203,1372572,0.51118,-0.221552,-0.793976,1.47,-5.46,-2.7825
14204,1372668,0.50874,-0.222284,-0.7944641,1.5575,-5.495,-2.8175
14205,1372765,0.51118,-0.222528,-0.793976,1.5925,-5.53,-2.87
14206,1372861,0.514352,-0.224236,-0.7956841,1.5575,-5.4775,-2.975
14207,1372958,0.513132,-0.221308,-0.7944641,1.5225,-5.4075,-2.905
14208,1373055,0.514352,-0.219356,-0.794952,1.4875,-5.355,-2.87
14209,1373151,0.517036,-0.219356,-0.792268,1.505,-5.3025,-2.8525
14210,1373248,0.514108,-0.22082,-0.789828,1.54,-5.39,-2.7825
14211,1373344,0.513132,-0.221796,-0.7944641,1.5925,-5.4775,-2.73
14212,1373441,0.513376,-0.221796,-0.792268,1.575,-5.5125,-2.8175
14213,1373538,0.510692,-0.221064,-0.793488,1.4875,-5.5125,-2.7475
14214,1373634,0.510204,-0.224724,-0.79178,1.4,-5.6175,-2.695
14215,1373731,0.512156,-0.222284,-0.7951961,1.3125,-5.67,-2.695
14216,1373827,0.5124001,-0.222772,-0.793244,1.295,-5.7575,-2.8175
14217,1373924,0.511668,-0.222284,-0.791048,1.2775,-5.8275,-2.8175
14218,1374021,0.513864,-0.222528,-0.793976,1.1725,-5.88,-2.8525
14219,1374117,0.51484,-0.219356,-0.791536,1.1375,-5.9675,-2.8525
14220,1374214,0.514352,-0.221552,-0.791048,1.05,-6.0025,-2.905
14221,1374310,0.514108,-0.221796,-0.7937321,0.9975,-5.9675,-2.835
14222,1374407,0.51362,-0.221552,-0.793244,1.0675,-6.1075,-2.8175
14223,1374503,0.5119121,-0.223016,-0.793,1.0675,-6.23,-2.8175
14224,1374600,0.512156,-0.2196,-0.792756,0.945,-6.2825,-2.7125
14225,1374697,0.5119121,-0.221552,-0.794952,1.0325,-6.23,-2.7825
14226,1374793,0.5119121,-0.221064,-0.793,0.9975,-6.16,-2.7825
14227,1374890,0.510936,-0.220088,-0.794708,0.91,-6.055,-2.7475
14228,1374986,0.514108,-0.221064,-0.794952,0.9625,-6.09,-2.695
14229,1375083,0.513376,-0.2196,-0.793,1.015,-6.1425,-2.7475
14230,1375180,0.506788,-0.221796,-0.793976,1.0675,-6.1775,-2.73
14231,1375276,0.510692,-0.218624,-0.794708,1.1375,-6.0025,-2.6775
14232,1375373,0.510448,-0.221552,-0.794708,1.295,-6.0025,-2.8
14233,1375469,0.510448,-0.21716,-0.797636,1.3125,-5.8975,-2.765
14234,1375566,0.511668,-0.221064,-0.79422,1.3475,-5.845,-2.8
14235,1375663,0.510448,-0.217404,-0.7956841,1.2775,-5.7575,-2.7825
14236,1375759,0.5124001,-0.221064,-0.792024,1.4175,-5.7575,-2.765
14237,1375856,0.512644,-0.220576,-0.792024,1.3125,-5.7225,-2.7475
14238,1375952,0.512888,-0.218868,-0.793244,1.3125,-5.775,-2.835
14239,1376049,0.511668,-0.22082,-0.7937321,1.75,-5.95,-2.73
14240,1376146,0.515816,-0.21472,-0.787632,1.4875,-5.8975,-2.66
14241,1376242,0.37698,-0.303048,-0.727364,3.64,-3.3075,-2.205
14242,1376339,0.552416,-0.197396,-0.813008,-2.87,14.28,-1.3475
14243,1376435,0.575352,-0.172752,-0.848388,3.815,4.655,-1.9075
14244,1376532,0.53192,-0.218868,-0.8049561,6.7375,-2.52,-2.31
14245,1376629,0.51972,-0.228872,-0.792268,6.1075,-6.405,-2.5375
14246,1376725,0.518744,-0.225212,-0.787632,4.095,-7.35,-2.5725
14247,1376822,0.514108,-0.224968,-0.787876,3.57,-7.98,-2.695
14248,1376918,0.514108,-0.227408,-0.792024,3.6925,-8.435,-2.765
14249,1377015,0.520452,-0.220332,-0.790072,3.3425,-8.33,-2.8525
14250,1377112,0.515572,-0.222284,-0.793244,4.655,-9.3625,-2.975
14251,1377208,0.516792,-0.220088,-0.796172,6.3875,-9.9925,-3.08
14252,1377305,0.5206961,-0.218136,-0.7991,8.12,-10.4125,-3.2375
14253,1377401,0.5185,-0.22204,-0.794708,10.6925,-12.2675,-3.43
14254,1377498,0.514596,-0.22326,-0.7951961,12.215,-13.6325,-3.6575
14255,1377595,0.50508,-0.236192,-0.787632,12.5125,-14.14,-3.92
14256,1377691,0.482876,-0.274256,-0.764696,9.6775,-12.8975,-3.71
14257,1377788,0.572424,-0.201788,-0.8256961,1.575,-5.915,-2.695
14258,1377884,0.529968,-0.198128,-0.8383841,4.69,-8.785,-3.22
14259,1377981,0.504348,-0.20618,-0.8244761,5.8625,-8.2775,-2.87
14260,1378078,0.493612,-0.234972,-0.77836,8.7675,-9.9225,-3.57
14261,1378174,0.620248,-0.185196,-0.8662001,6.5975,-7.035,-3.255
14262,1378271,0.49776,-0.249612,-0.770308,9.205,-8.82,-4.025
14263,1378367,0.49044,-0.260104,-0.76982,5.4775,-4.3925,-3.15
14264,1378464,0.50142,-0.242048,-0.77836,1.3475,-0.6475,-2.45
14265,1378560,0.5023961,-0.238388,-0.78202,-0.8575,2.3975,-1.9425
14266,1378657,0.511424,-0.234972,-0.79056,-2.03,4.9,-1.575
14267,1378754,0.5124001,-0.221552,-0.791292,-1.7325,4.935,-1.785
14268,1378850,0.513376,-0.228628,-0.790072,1.0325,4.4275,-2.0475
14269,1378947,0.5165481,-0.2318,-0.792512,3.0625,5.1975,-2.1525
14270,1379043,0.509472,-0.237168,-0.782264,3.9025,4.76,-2.3625
14271,1379140,0.514108,-0.2318,-0.780312,5.635,5.985,-2.3275
14272,1379237,0.525332,-0.229116,-0.78812,6.86,7.8925,-2.135
14273,1379333,0.534604,-0.22326,-0.793244,8.225,6.6675,-2.0475
14274,1379430,0.54656,-0.2196,-0.800076,12.285,3.6225,-2.275
14275,1379526,0.538508,-0.227896,-0.788608,17.325,-0.5075,-2.555
14276,1379623,0.527528,-0.273524,-0.711748,20.5275,-5.1275,-2.8175
14277,1379720,0.52338,-0.246928,-0.765428,19.5125,-4.9175,-2.9925
14278,1379816,0.5119121,-0.260348,-0.762012,18.8825,-0.14,-3.3075
14279,1379913,0.533384,-0.26108,-0.778116,14.3675,3.15,-3.325
14280,1380009,0.512156,-0.257176,-0.756888,8.0325,3.92,-2.8525
14281,1380106,0.50874,-0.26596,-0.751276,4.3925,6.23,-2.5725
14282,1380203,0.534604,-0.253272,-0.776408,0.3675,10.9725,-2.4675
14283,1380299,0.523136,-0.256444,-0.7664041,-2.4675,11.8125,-2.485
14284,1380396,0.534848,-0.265716,-0.765672,-5.0225,12.4075,-2.6075
14285,1380492,0.53436,-0.25864,-0.768356,-9.3975,13.0375,-2.8525
14286,1380589,0.529236,-0.25498,-0.758596,-12.425,13.055,-3.2025
14287,1380686,0.565836,-0.23302,-0.788608,-14.7525,15.12,-3.36
14288,1380782,0.533872,-0.237168,-0.7666481,-11.06,11.9525,-3.4125
14289,1380879,0.547048,-0.246928,-0.764452,-6.335,8.4525,-3.115
14290,1380975,0.553636,-0.244,-0.7666481,-5.145,6.055,-2.8525
14291,1381072,0.5690081,-0.218136,-0.7795801,-3.9375,2.9925,-2.835
14292,1381169,0.572424,-0.223016,-0.775676,0.8925,-1.0325,-2.6075
14293,1381265,0.574132,-0.223748,-0.774212,4.48,-4.97,-2.4675
14294,1381362,0.56364,-0.23424,-0.772016,7.14,-8.89,-2.4675
14295,1381458,0.558272,-0.238144,-0.771528,8.9775,-11.5325,-2.415
14296,1381555,0.5504641,-0.242536,-0.773968,9.5375,-13.7725,-2.3625
14297,1381652,0.546072,-0.2501,-0.7700641,9.2925,-14.6825,-2.345
14298,1381748,0.5511961,-0.255468,-0.768844,8.715,-14.525,-2.065
14299,1381845,0.577548,-0.179828,-0.877424,7.42,-13.9475,-0.9625
14300,1381941,0.66978,-0.2684,-0.797148,21.42,-21.7,0.49
14301,1382038,0.442616,-0.33184,-0.681736,18.8125,-42.7175,1.0675
14302,1382135,0.534848,-0.293532,-0.733464,0.42,-31.43,-2.0125
14303,1382231,0.546804,-0.27206,-0.75762,-21.6825,-30.8175,-3.78
14304,1382328,0.523868,-0.297192,-0.761036,-48.825,-35.0875,-5.1975
14305,1382424,0.424316,-0.057096,-0.726876,-66.885,-35.245,-6.51
14306,1382521,0.543876,-0.216428,-0.8030041,-10.2375,-13.1425,-3.815
